 ######
    20100 -3.8110568861E+09  1.7760026977E+12
    20200 -3.8204962663E+09  8.8226309458E+09
    20300 -3.8094160372E+09  8.8252337636E+09
    20400 -3.8253357544E+09  8.8280193587E+09
    20500 -3.8305520616E+09  8.8315493969E+09
    20600 -3.8299366070E+09  8.8411282951E+09
    20700 -3.8340868874E+09  8.8519998919E+09
    20800 -3.8281347536E+09  9.3737331702E+09
    20900 -3.8674464928E+09  9.3827333767E+09
    21000 -3.9486410525E+09  9.3891852900E+09
    21100 -3.9739349082E+09  9.3769573176E+09
    21200 -3.9967382246E+09  9.3767346262E+09
    21300 -4.0168882787E+09  9.3835462723E+09
    21400 -4.0497822977E+09  9.3823404877E+09
    21500 -4.0290639499E+09  9.3877829229E+09
    21600 -4.0452127570E+09  9.3897982242E+09
    21700 -4.0548886754E+09  9.3960426017E+09
    21800 -4.0625358499E+09  9.4011214515E+09
    21900 -4.0684255457E+09  9.4153957772E+09
    22000 -4.0561862267E+09  9.4084340522E+09
    22100 -4.0736212381E+09  9.3999586455E+09
    22200 -4.0728166406E+09  9.3884610511E+09
    22300 -4.0711196746E+09  9.3837421579E+09
    22400 -4.0687810890E+09  9.3772747707E+09
    22500 -4.0726337239E+09  9.3791918939E+09
    22600 -4.0591498751E+09  9.3948546910E+09
    22700 -4.0761584109E+09  9.3982575606E+09
    22800 -4.0790963467E+09  9.3842336248E+09
    22900 -4.0726613901E+09  9.3781195262E+09
    23000 -4.0714712780E+09  9.3956208094E+09
    23100 -4.0759473450E+09  9.4057827285E+09
    23200 -4.0855294208E+09  9.4043751326E+09
    23300 -4.0686086858E+09  9.3827737976E+09
    23400 -4.0692256587E+09  9.3779840879E+09
    23500 -4.0550982261E+09  9.3726568386E+09
    23600 -4.0540921723E+09  9.3838430428E+09
    23700 -4.0621270073E+09  9.3902953782E+09
    23800 -4.0394119116E+09  9.6433624517E+09
    23900 -4.0807452192E+09  9.6411622363E+09
    24000 -4.1142264594E+09  9.6338606667E+09
    24100 -4.1151693158E+09  9.6303568691E+09
    24200 -4.1572989299E+09  9.6319887854E+09
    24300 -4.1569515923E+09  9.6373507410E+09
    24400 -4.1618322916E+09  9.6433441929E+09
    24500 -4.1614849239E+09  9.6491654058E+09
    24600 -4.1779953202E+09  9.6523466503E+09
    24700 -4.1807852060E+09  9.6514015357E+09
    24800 -4.1887874683E+09  9.6584870069E+09
    24900 -4.1848088839E+09  9.6582995186E+09
    25000 -4.1881869470E+09  9.6454238540E+09
    25100 -4.1804405504E+09  9.6347235734E+09
    25200 -4.1881844644E+09  9.6258909245E+09
    25300 -4.1903918849E+09  9.6241173141E+09
    25400 -4.1863340149E+09  9.6268811354E+09
    25500 -4.1880614448E+09  9.6213393635E+09
    25600 -4.1889903333E+09  9.6215212801E+09
    25700 -4.1624398799E+09  9.6191574133E+09
    25800 -4.1819561168E+09  9.6095895908E+09
    25900 -4.1803041200E+09  9.5981805774E+09
    26000 -4.1889201688E+09  9.6102478357E+09
    26100 -4.1619662062E+09  9.6069629067E+09
    26200 -4.1635007049E+09  9.6003155646E+09
    26300 -4.1581921524E+09  9.6099652502E+09
    26400 -4.1597262062E+09  9.6216517844E+09
    26500 -4.1604940617E+09  9.6246590282E+09
    26600 -4.1590485493E+09  9.6169876415E+09
    26700 -4.1858595438E+09  9.6260055581E+09
    26800 -4.1571599674E+09  9.6476154792E+09
    26900 -4.1837390843E+09  9.6501313215E+09
    27000 -4.1832426717E+09  9.6586483582E+09
    27100 -4.1861142999E+09  9.6528004221E+09
    27200 -4.1687576001E+09  9.6365593216E+09
    27300 -4.1755630445E+09  9.6309018148E+09
    27400 -4.1841881774E+09  9.6314431933E+09
    27500 -4.1763321576E+09  9.6307775170E+09
    27600 -4.1741043498E+09  9.6210878241E+09
    27700 -4.1704095716E+09  9.6254556746E+09
    27800 -4.1702849231E+09  9.6242774878E+09
    27900 -4.1701683768E+09  9.6270361163E+09
    28000 -4.1868902171E+09  9.6267532842E+09
    28100 -4.1893671763E+09  9.6285005089E+09
    28200 -4.2030304518E+09  9.6206277634E+09
    28300 -4.1810368961E+09  9.6162606635E+09
    28400 -4.1718342216E+09  9.6063135544E+09
    28500 -4.1599840552E+09  9.6094845629E+09
    28600 -4.1635018745E+09  9.6195582289E+09
    28700 -4.1838345753E+09  9.6274108618E+09
    28800 -4.1640251091E+09  9.6270723131E+09
    28900 -4.1709786087E+09  9.6221606292E+09
    29000 -4.1747383663E+09  9.6364602953E+09
    29100 -4.1964457649E+09  9.6397436780E+09
    29200 -4.1800152215E+09  9.6268531917E+09
    29300 -4.1887346512E+09  9.6140881080E+09
    29400 -4.1747582839E+09  9.6205945016E+09
    29500 -4.1792102394E+09  9.6276720263E+09
    29600 -4.1779862380E+09  9.6254594412E+09
    29700 -4.1739957655E+09  9.6136424480E+09
    29800 -4.1661094021E+09  9.6077556014E+09
    29900 -4.1750390340E+09  9.6120556925E+09
    30000 -4.1671750754E+09  9.6169944549E+09
    30100 -4.1904208973E+09  9.6142509116E+09
    30200 -4.1704214559E+09  9.6218788721E+09
    30300 -4.1823216494E+09  9.6327087140E+09
    30400 -4.1826414696E+09  9.6359345529E+09
    30500 -4.1867450541E+09  9.6359372799E+09
    30600 -4.1783284164E+09  9.6375063389E+09
    30700 -4.1761012807E+09  9.6333649041E+09
    30800 -4.1742901488E+09  9.6326250418E+09
    30900 -4.1859867141E+09  9.6306056289E+09
    31000 -4.1803823867E+09  9.6270233096E+09
    31100 -4.1817665197E+09  9.6333813382E+09
    31200 -4.1774272159E+09  9.6285745154E+09
    31300 -4.1728629579E+09  9.6288979210E+09
    31400 -4.1746332644E+09  9.6281496602E+09
    31500 -4.1716076565E+09  9.6238655811E+09
    31600 -4.1660583719E+09  9.6215658725E+09
    31700 -4.1724823712E+09  9.6242476246E+09
    31800 -4.1831604590E+09  9.6280268678E+09
    31900 -4.1741967107E+09  9.6279199930E+09
    32000 -4.1845855848E+09  9.6208574687E+09
    32100 -4.1658240591E+09  9.6149835672E+09
    32200 -4.1694036828E+09  9.6160404766E+09
    32300 -4.1682872412E+09  9.6182169494E+09
    32400 -4.1649548855E+09  9.6116343736E+09
    32500 -4.1699929988E+09  9.6280182198E+09
    32600 -4.1621409865E+09  9.6278795819E+09
    32700 -4.1685356545E+09  9.6276139868E+09
    32800 -4.1593845171E+09  9.6224992884E+09
    32900 -4.1742788479E+09  9.6175229263E+09
    33000 -4.1522380491E+09  9.6183906347E+09
    33100 -4.1757115075E+09  9.6221452512E+09
    33200 -4.1741974037E+09  9.6178875344E+09
    33300 -4.1829832758E+09  9.6215595888E+09
    33400 -4.1768468299E+09  9.6330449219E+09
    33500 -4.1828282628E+09  9.6391874331E+09
    33600 -4.1783323946E+09  9.6318869443E+09
    33700 -4.1707419703E+09  9.6220146571E+09
    33800 -4.1803378149E+09  9.6283653349E+09
    33900 -4.1780276481E+09  9.6244594961E+09
    34000 -4.1792887988E+09  9.6251175540E+09
    34100 -4.1747385017E+09  9.6306976294E+09
    34200 -4.1657242561E+09  9.6237078982E+09
    34300 -4.1702926857E+09  9.6298463555E+09
    34400 -4.1704789569E+09  9.6291664354E+09
    34500 -4.1809339769E+09  9.6357946476E+09
    34600 -4.1805480306E+09  9.6357011702E+09
    34700 -4.1772447248E+09  9.6311818525E+09
    34800 -4.1798410722E+09  9.6209420867E+09
    34900 -4.1735828712E+09  9.6275646947E+09
    35000 -4.1697600146E+09  9.6337314684E+09
    35100 -4.1777977379E+09  9.6473481671E+09
    35200 -4.1879680744E+09  9.6367662668E+09
    35300 -4.1798579007E+09  9.6357551293E+09
    35400 -4.1730793157E+09  9.6290894688E+09
    35500 -4.1736571210E+09  9.6199517947E+09
    35600 -4.1616144984E+09  9.6169243117E+09
    35700 -4.1714190593E+09  9.6149639560E+09
    35800 -4.1687420039E+09  9.6206637048E+09
    35900 -4.1658881468E+09  9.6139891354E+09
    36000 -4.1687224644E+09  9.6145536258E+09
    36100 -4.1694032690E+09  9.6188424273E+09
    36200 -4.1704605513E+09  9.6239010386E+09
    36300 -4.1659861483E+09  9.6199513137E+09
    36400 -4.1708490889E+09  9.6311389370E+09
    36500 -4.1686424363E+09  9.6315144902E+09
    36600 -4.1734707592E+09  9.6299593601E+09
    36700 -4.1787948183E+09  9.6353211405E+09
    36800 -4.1794962522E+09  9.6362448602E+09
    36900 -4.1854059128E+09  9.6390188279E+09
    37000 -4.1643731068E+09  9.6280045283E+09
    37100 -4.1647171871E+09  9.6265287026E+09
    37200 -4.1832082424E+09  9.6374767574E+09
    37300 -4.1846919295E+09  9.6410657949E+09
    37400 -4.1801885405E+09  9.6257133095E+09
    37500 -4.1650629615E+09  9.6265456328E+09
    37600 -4.1643285706E+09  9.6301702141E+09
    37700 -4.1758107121E+09  9.6280643612E+09
    37800 -4.1737411221E+09  9.6259137316E+09
    37900 -4.1599799222E+09  9.6138051115E+09
    38000 -4.1618350663E+09  9.6129425091E+09
    38100 -4.1591411506E+09  9.6229841165E+09
    38200 -4.1585995351E+09  9.6338375294E+09
    38300 -4.1728922728E+09  9.6367006538E+09
    38400 -4.1781196727E+09  9.6315168985E+09
    38500 -4.1725569434E+09  9.6351835760E+09
    38600 -4.1708392346E+09  9.6214876180E+09
    38700 -4.1762398298E+09  9.6278209867E+09
    38800 -4.1782243247E+09  9.6246884843E+09
    38900 -4.1698759163E+09  9.6197224960E+09
    39000 -4.1688352988E+09  9.6161254005E+09
    39100 -4.1654760601E+09  9.6243020232E+09
    39200 -4.1828696918E+09  9.6258880609E+09
    39300 -4.1718442046E+09  9.6209587360E+09
    39400 -4.1543291477E+09  9.6270141946E+09
    39500 -4.1817514196E+09  9.6321874681E+09
    39600 -4.1765954439E+09  9.6334453379E+09
    39700 -4.1754892124E+09  9.6297966462E+09
    39800 -4.1641444312E+09  9.6189967108E+09
    39900 -4.1665391918E+09  9.6251387101E+09
    40000 -4.1657611512E+09  9.6295523697E+09
    40100 -4.1610737641E+09  9.6409078985E+09
    40200 -4.1724147467E+09  9.6516247572E+09
    40300 -4.1703693450E+09  9.6565337729E+09
    40400 -4.1773865506E+09  9.6478831307E+09
    40500 -4.1812344816E+09  9.6456365116E+09
    40600 -4.1664513692E+09  9.6388958483E+09
    40700 -4.1816437128E+09  9.6422725913E+09
    40800 -4.1584179881E+09  9.6255683528E+09
    40900 -4.1674052612E+09  9.6154389503E+09
    41000 -4.1671968596E+09  9.6255772473E+09
    41100 -4.1765245540E+09  9.6317246477E+09
    41200 -4.1666126116E+09  9.6285771131E+09
    41300 -4.1641828386E+09  9.6256133871E+09
    41400 -4.1680846277E+09  9.6429730039E+09
    41500 -4.1750242573E+09  9.6401171533E+09
    41600 -4.1832272037E+09  9.6442182264E+09
    41700 -4.1883159652E+09  9.6493257496E+09
    41800 -4.1882227206E+09  9.6416082592E+09
    41900 -4.1820767567E+09  9.6426787356E+09
    42000 -4.1815267297E+09  9.6341759378E+09
    42100 -4.1875915463E+09  9.6474639199E+09
    42200 -4.1791927702E+09  9.6387299984E+09
    42300 -4.1818549561E+09  9.6234118356E+09
    42400 -4.1715169708E+09  9.6222729497E+09
    42500 -4.1665778010E+09  9.6137070707E+09
    42600 -4.1749433630E+09  9.6093998434E+09
    42700 -4.1710084205E+09  9.6084858724E+09
    42800 -4.1742095644E+09  9.6113493671E+09
    42900 -4.1683729594E+09  9.6129679687E+09
    43000 -4.1717613645E+09  9.6127281583E+09
    43100 -4.1646277870E+09  9.6122572723E+09
    43200 -4.1719591437E+09  9.6283022036E+09
    43300 -4.1751475418E+09  9.6330441775E+09
    43400 -4.1721330228E+09  9.6238474442E+09
    43500 -4.1663582606E+09  9.6191520362E+09
    43600 -4.1563206396E+09  9.6234328309E+09
    43700 -4.1699299643E+09  9.6208263461E+09
    43800 -4.1730634421E+09  9.6231162024E+09
    43900 -4.1786071484E+09  9.6287123070E+09
    44000 -4.1793329860E+09  9.6203184220E+09
    44100 -4.1807471005E+09  9.6200792510E+09
    44200 -4.1637718383E+09  9.6213007031E+09
    44300 -4.1693747194E+09  9.6032374161E+09
    44400 -4.1716291451E+09  9.6143707829E+09
    44500 -4.1773292721E+09  9.6188241253E+09
    44600 -4.1656443630E+09  9.6193330997E+09
    44700 -4.1816676185E+09  9.6294823070E+09
    44800 -4.1758360071E+09  9.6278061871E+09
    44900 -4.1785618941E+09  9.6276766617E+09
    45000 -4.1655354883E+09  9.6277215412E+09
    45100 -4.1709467515E+09  9.6267140949E+09
    45200 -4.1719327933E+09  9.6232581394E+09
    45300 -4.1594202607E+09  9.6121154199E+09
    45400 -4.1675561989E+09  9.6099380309E+09
    45500 -4.1649093899E+09  9.6146079103E+09
    45600 -4.1629009461E+09  9.6265909083E+09
    45700 -4.1769465557E+09  9.6373262505E+09
    45800 -4.1544624053E+09  9.6260275628E+09
    45900 -4.1717629504E+09  9.6273739738E+09
    46000 -4.1705361449E+09  9.6308913907E+09
    46100 -4.1637539956E+09  9.6331240492E+09
    46200 -4.1737298166E+09  9.6371984547E+09
    46300 -4.1772131978E+09  9.6310111026E+09
    46400 -4.1675518284E+09  9.6238252319E+09
    46500 -4.1613858679E+09  9.6191196197E+09
    46600 -4.1606336278E+09  9.6077059924E+09
    46700 -4.1690313574E+09  9.6152923989E+09
    46800 -4.1663712054E+09  9.6326088895E+09
    46900 -4.1703253388E+09  9.6387505246E+09
    47000 -4.1782276445E+09  9.6455286945E+09
    47100 -4.1646144064E+09  9.6424442151E+09
    47200 -4.1651256771E+09  9.6305220438E+09
    47300 -4.1597469775E+09  9.6195968132E+09
    47400 -4.1504781709E+09  9.6127112495E+09
    47500 -4.1688764088E+09  9.6219460646E+09
    47600 -4.1550170830E+09  9.6225115337E+09
    47700 -4.1685779295E+09  9.6236064795E+09
    47800 -4.1659709791E+09  9.6213701053E+09
    47900 -4.1554643271E+09  9.6170717398E+09
    48000 -4.1559133220E+09  9.6096903981E+09
    48100 -4.1457053658E+09  9.6177608989E+09
    48200 -4.1579134875E+09  9.6304073958E+09
    48300 -4.1601998749E+09  9.6313081581E+09
    48400 -4.1622001436E+09  9.6403832980E+09
    48500 -4.1739325351E+09  9.6490108933E+09
    48600 -4.1744507195E+09  9.6573783056E+09
    48700 -4.1788325881E+09  9.6559042654E+09
    48800 -4.1762960058E+09  9.6409861999E+09
    48900 -4.1756228421E+09  9.6418240839E+09
    49000 -4.1835041333E+09  9.6491781384E+09
    49100 -4.1721293403E+09  9.6415917402E+09
    49200 -4.1833016715E+09  9.6320762943E+09
    49300 -4.1721175639E+09  9.6329126750E+09
    49400 -4.1828937419E+09  9.6366686708E+09
    49500 -4.1627944641E+09  9.6346832151E+09
    49600 -4.1658171527E+09  9.6132908666E+09
    49700 -4.1759745707E+09  9.6141473157E+09
    49800 -4.1743258076E+09  9.6177718385E+09
    49900 -4.1549099421E+09  9.6225581466E+09
    50000 -4.1705986510E+09  9.6219491061E+09
    50100 -4.1745116968E+09  9.6270851027E+09
    50200 -4.1629257476E+09  9.6318681638E+09
    50300 -4.1753291155E+09  9.6227457382E+09
    50400 -4.1604322171E+09  9.6169878312E+09
    50500 -4.1629377009E+09  9.6201168232E+09
    50600 -4.1797915736E+09  9.6299041166E+09
    50700 -4.1659604095E+09  9.6159310759E+09
    50800 -4.1618995030E+09  9.6121346037E+09
    50900 -4.1648172454E+09  9.6084778869E+09
    51000 -4.1547015608E+09  9.6073935176E+09
    51100 -4.1673687500E+09  9.6146426830E+09
    51200 -4.1695010336E+09  9.6243591200E+09
    51300 -4.1606624406E+09  9.6315543638E+09
    51400 -4.1682519123E+09  9.6267123640E+09
    51500 -4.1582798103E+09  9.6307082951E+09
    51600 -4.1650649722E+09  9.6386054914E+09
    51700 -4.1746879768E+09  9.6355497752E+09
    51800 -4.1724778113E+09  9.6386659103E+09
    51900 -4.1628432867E+09  9.6374349655E+09
    52000 -4.1664587999E+09  9.6274174516E+09
    52100 -4.1765283122E+09  9.6326895035E+09
    52200 -4.1762749830E+09  9.6387648206E+09
    52300 -4.1827972273E+09  9.6337204784E+09
    52400 -4.1678878133E+09  9.6321800015E+09
    52500 -4.1771429064E+09  9.6347139995E+09
    52600 -4.1740523591E+09  9.6308572190E+09
    52700 -4.1644485994E+09  9.6127045631E+09
    52800 -4.1597867367E+09  9.6045594770E+09
    52900 -4.1589479694E+09  9.6171458295E+09
    53000 -4.1707982989E+09  9.6253086783E+09
    53100 -4.1812574261E+09  9.6299836215E+09
    53200 -4.1777599365E+09  9.6254471913E+09
    53300 -4.1638780832E+09  9.6252754768E+09
    53400 -4.1698875530E+09  9.6136895480E+09
    53500 -4.1755006399E+09  9.6142034066E+09
    53600 -4.1813115026E+09  9.6177567045E+09
    53700 -4.1886961835E+09  9.6237120778E+09
    53800 -4.1784960750E+09  9.6237043032E+09
    53900 -4.1759603250E+09  9.6300384637E+09
    54000 -4.1796958159E+09  9.6234508520E+09
    54100 -4.1825934301E+09  9.6277566033E+09
    54200 -4.1826493785E+09  9.6356667023E+09
    54300 -4.1860847353E+09  9.6352739657E+09
    54400 -4.1947322328E+09  9.6434431630E+09
    54500 -4.1785529936E+09  9.6446899610E+09
    54600 -4.1857009185E+09  9.6344056345E+09
    54700 -4.1830182681E+09  9.6375531442E+09
    54800 -4.1925520320E+09  9.6278030801E+09
    54900 -4.1809210887E+09  9.6294773196E+09
    55000 -4.1797548631E+09  9.6282671212E+09
    55100 -4.1773752810E+09  9.6320985559E+09
    55200 -4.1871336977E+09  9.6499903278E+09
    55300 -4.1833224669E+09  9.6466683051E+09
    55400 -4.1812580630E+09  9.6342833092E+09
    55500 -4.1821954777E+09  9.6230885860E+09
    55600 -4.1710640744E+09  9.6101996187E+09
    55700 -4.1556946347E+09  9.6028111599E+09
    55800 -4.1709388735E+09  9.6229040586E+09
    55900 -4.1729759870E+09  9.6281216255E+09
    56000 -4.1844348964E+09  9.6387473519E+09
    56100 -4.1701995011E+09  9.6279828569E+09
    56200 -4.1704072463E+09  9.6160270539E+09
    56300 -4.1796066154E+09  9.6137204891E+09
    56400 -4.1681522440E+09  9.6191773868E+09
    56500 -4.1598752575E+09  9.6146728285E+09
    56600 -4.1777307809E+09  9.6131743660E+09
    56700 -4.1726939249E+09  9.6188462816E+09
    56800 -4.1759408617E+09  9.6253186355E+09
    56900 -4.1683742180E+09  9.6227434163E+09
    57000 -4.1711293645E+09  9.6251577979E+09
    57100 -4.1595326935E+09  9.6144407311E+09
    57200 -4.1663884762E+09  9.6194325738E+09
    57300 -4.1732453758E+09  9.6279176179E+09
    57400 -4.1783433500E+09  9.6252619290E+09
    57500 -4.1676286712E+09  9.6292604245E+09
    57600 -4.1698301674E+09  9.6271669354E+09
    57700 -4.1769720223E+09  9.6123339131E+09
    57800 -4.1772441949E+09  9.6223958602E+09
    57900 -4.1716898282E+09  9.6213780668E+09
    58000 -4.1522722193E+09  9.6130841790E+09
    58100 -4.1720527391E+09  9.6171095376E+09
    58200 -4.1748731787E+09  9.6208039219E+09
    58300 -4.1660723325E+09  9.6263643149E+09
    58400 -4.1771565913E+09  9.6240095718E+09
    58500 -4.1753332907E+09  9.6163150918E+09
    58600 -4.1682868562E+09  9.6142686603E+09
    58700 -4.1809507723E+09  9.6243862583E+09
    58800 -4.1841786483E+09  9.6322993202E+09
    58900 -4.1694864115E+09  9.6306756954E+09
    59000 -4.1803175832E+09  9.6312759701E+09
    59100 -4.1775698727E+09  9.6342964527E+09
    59200 -4.1548396826E+09  9.6248362934E+09
    59300 -4.1543510565E+09  9.6209683948E+09
    59400 -4.1650611072E+09  9.6277004452E+09
    59500 -4.1594683371E+09  9.6205718788E+09
    59600 -4.1633702039E+09  9.6168631653E+09
    59700 -4.1702126864E+09  9.6235988020E+09
    59800 -4.1650626401E+09  9.6186325644E+09
    59900 -4.1709936708E+09  9.6157792960E+09
    60000 -4.1648435827E+09  9.6197230086E+09
    60100 -4.1759600583E+09  9.6222564824E+09
    60200 -4.1798194213E+09  9.6222544974E+09
    60300 -4.1831722279E+09  9.6194520916E+09
    60400 -4.1681705555E+09  9.6251053465E+09
    60500 -4.1663224515E+09  9.6203811619E+09
    60600 -4.1698490466E+09  9.6172438076E+09
    60700 -4.1666983520E+09  9.6210752645E+09
    60800 -4.1665315434E+09  9.6294329337E+09
    60900 -4.1807457134E+09  9.6334619237E+09
    61000 -4.1848817654E+09  9.6255114764E+09
    61100 -4.1695841081E+09  9.6263310779E+09
    61200 -4.1811240440E+09  9.6279257166E+09
    61300 -4.1703809745E+09  9.6348519846E+09
    61400 -4.1747692296E+09  9.6284329213E+09
    61500 -4.1764496292E+09  9.6224147107E+09
    61600 -4.1748286209E+09  9.6343642750E+09
    61700 -4.1646894443E+09  9.6375919923E+09
    61800 -4.1585921239E+09  9.6365574334E+09
    61900 -4.1649266154E+09  9.6299021742E+09
    62000 -4.1824119342E+09  9.6188346551E+09
    62100 -4.1596413493E+09  9.6169559899E+09
    62200 -4.1712750393E+09  9.6110982429E+09
    62300 -4.1755385855E+09  9.6226289445E+09
    62400 -4.1822172502E+09  9.6355840386E+09
    62500 -4.1652853771E+09  9.6310698856E+09
    62600 -4.1734271833E+09  9.6231225377E+09
    62700 -4.1647435507E+09  9.6223983051E+09
    62800 -4.1832117642E+09  9.6328739302E+09
    62900 -4.1925890870E+09  9.6398461121E+09
    63000 -4.1865928305E+09  9.6385430948E+09
    63100 -4.1759110217E+09  9.6297418255E+09
    63200 -4.1658932167E+09  9.6165869929E+09
    63300 -4.1681874780E+09  9.6231973276E+09
    63400 -4.1720154265E+09  9.6220042040E+09
    63500 -4.1811616012E+09  9.6309573230E+09
    63600 -4.1716342650E+09  9.6378631049E+09
    63700 -4.1737482054E+09  9.6334982067E+09
    63800 -4.1693146554E+09  9.6388350803E+09
    63900 -4.1675509312E+09  9.6417863021E+09
    64000 -4.1728742723E+09  9.6457525217E+09
    64100 -4.1813232212E+09  9.6423477132E+09
    64200 -4.1824420025E+09  9.6359604267E+09
    64300 -4.1773784537E+09  9.6314443494E+09
    64400 -4.1770030222E+09  9.6346307056E+09
    64500 -4.1803600743E+09  9.6334363138E+09
    64600 -4.1787738987E+09  9.6318677419E+09
    64700 -4.1620320492E+09  9.6281940428E+09
    64800 -4.1754345115E+09  9.6309882520E+09
    64900 -4.1681719087E+09  9.6279795396E+09
    65000 -4.1798683421E+09  9.6258470784E+09
    65100 -4.1856315754E+09  9.6287113439E+09
    65200 -4.1609128116E+09  9.6384859792E+09
    65300 -4.1820071687E+09  9.6365114864E+09
    65400 -4.1802752289E+09  9.6349376900E+09
    65500 -4.1807815681E+09  9.6371281116E+09
    65600 -4.1776545823E+09  9.6316080867E+09
