 ######
    20100 -2.0338924593E+09  2.4386401326E+12
    20200 -2.0292602521E+09  1.2097930367E+10
    20300 -2.0371650775E+09  1.2100658081E+10
    20400 -2.0515662652E+09  1.2555535255E+10
    20500 -2.0759026918E+09  1.2583008359E+10
    20600 -2.0894272762E+09  1.2595973970E+10
    20700 -2.0944042178E+09  1.2595892809E+10
    20800 -2.1050606154E+09  1.2598624868E+10
    20900 -2.1078594422E+09  1.2580937983E+10
    21000 -2.1036177897E+09  1.2570599350E+10
    21100 -2.1075751418E+09  1.2567399758E+10
    21200 -2.1036096513E+09  1.2562105493E+10
    21300 -2.1114597631E+09  1.2560586214E+10
    21400 -2.1078253647E+09  1.2562671183E+10
    21500 -2.1100098841E+09  1.2573393271E+10
    21600 -2.1029907125E+09  1.2580483979E+10
    21700 -2.1087829819E+09  1.2585688482E+10
    21800 -2.1096202525E+09  1.2609350191E+10
    21900 -2.1157136919E+09  1.2603982702E+10
    22000 -2.1145346543E+09  1.2596472266E+10
    22100 -2.1168265544E+09  1.2589645742E+10
    22200 -2.1138656492E+09  1.2588021582E+10
    22300 -2.1106915409E+09  1.2577453412E+10
    22400 -2.1059481744E+09  1.2572981042E+10
    22500 -2.1127468017E+09  1.2583412366E+10
    22600 -2.1051855253E+09  1.2578635368E+10
    22700 -2.1123587900E+09  1.2585457705E+10
    22800 -2.1135045897E+09  1.2589373158E+10
    22900 -2.1101548718E+09  1.2588888964E+10
    23000 -2.1139808049E+09  1.2577903024E+10
    23100 -2.1079308973E+09  1.2573009968E+10
    23200 -2.1038210562E+09  1.2567609378E+10
    23300 -2.1045651528E+09  1.2577223237E+10
    23400 -2.0061814493E+09  1.2567179314E+10
    23500 -2.1090430464E+09  1.2571302448E+10
    23600 -2.1108553956E+09  1.2576238830E+10
    23700 -2.1113649480E+09  1.2586236110E+10
    23800 -2.1138180821E+09  1.2586872239E+10
    23900 -2.1087604446E+09  1.2579040671E+10
    24000 -2.1107043609E+09  1.2577898434E+10
    24100 -2.1125579786E+09  1.2574266981E+10
    24200 -2.1124979318E+09  1.2581928631E+10
    24300 -2.1141088615E+09  1.2571472817E+10
    24400 -2.1108649606E+09  1.2571634213E+10
    24500 -2.1103535993E+09  1.2582125428E+10
    24600 -2.1150921177E+09  1.2584454928E+10
    24700 -2.1110111278E+09  1.2583360855E+10
    24800 -2.1106799675E+09  1.2581391443E+10
    24900 -2.1136704151E+09  1.2586205490E+10
    25000 -2.1105466189E+09  1.2585416581E+10
    25100 -2.1166176676E+09  1.2600717266E+10
    25200 -2.1161488352E+09  1.2596136941E+10
    25300 -2.1104886057E+09  1.2591599682E+10
    25400 -2.1136399841E+09  1.2594501307E+10
    25500 -2.1144058790E+09  1.2581528001E+10
    25600 -2.1138599192E+09  1.2589421939E+10
    25700 -2.1218522761E+09  1.2581727362E+10
    25800 -2.1175142489E+09  1.2567616104E+10
    25900 -2.1182062926E+09  1.2572973691E+10
    26000 -2.1149211817E+09  1.2585142588E+10
    26100 -2.1146406223E+09  1.2571556049E+10
    26200 -2.1116275924E+09  1.2558657186E+10
    26300 -2.1128921498E+09  1.2574047955E+10
    26400 -2.1103369080E+09  1.2567413037E+10
    26500 -2.1112220975E+09  1.2559194348E+10
    26600 -2.1068153261E+09  1.2567921975E+10
    26700 -2.1122104839E+09  1.2564755669E+10
    26800 -2.1166560701E+09  1.2569535086E+10
    26900 -2.1128355335E+09  1.2578227433E+10
    27000 -2.1095149527E+09  1.2581863616E+10
    27100 -2.1120518984E+09  1.2587353204E+10
    27200 -2.1128568918E+09  1.2588291925E+10
    27300 -2.1104672154E+09  1.2598859078E+10
    27400 -2.1082288334E+09  1.2594259335E+10
    27500 -2.1150760706E+09  1.2592797577E+10
    27600 -2.1114086965E+09  1.2577648602E+10
    27700 -2.1156069871E+09  1.2569424669E+10
    27800 -2.1160846602E+09  1.2574918445E+10
    27900 -2.1077195101E+09  1.2581280694E+10
    28000 -2.1095342752E+09  1.2598863217E+10
    28100 -2.1141945830E+09  1.2599369617E+10
    28200 -2.1125811978E+09  1.2605562846E+10
    28300 -2.1102275713E+09  1.2595568969E+10
    28400 -2.1141209575E+09  1.2586474665E+10
    28500 -2.1082517188E+09  1.2569381659E+10
    28600 -2.1082577508E+09  1.2573460580E+10
    28700 -2.1182416138E+09  1.2587835151E+10
    28800 -2.1135331721E+09  1.2593613525E+10
    28900 -2.1119390294E+09  1.2588510079E+10
    29000 -2.1178277933E+09  1.2593871814E+10
    29100 -2.1170285273E+09  1.2585816524E+10
    29200 -2.1114941545E+09  1.2585204521E+10
    29300 -2.1082073039E+09  1.2570007287E+10
    29400 -2.1068494019E+09  1.2573759035E+10
    29500 -2.1067910660E+09  1.2579342665E+10
    29600 -2.1083879149E+09  1.2568720646E+10
    29700 -2.1147862549E+09  1.2587835896E+10
    29800 -2.1162288327E+09  1.2588615710E+10
    29900 -2.1115624953E+09  1.2587332482E+10
    30000 -2.1132999013E+09  1.2593442335E+10
    30100 -2.1188886953E+09  1.2588133433E+10
    30200 -2.1152862662E+09  1.2590554047E+10
    30300 -2.1156969380E+09  1.2593139714E+10
    30400 -2.1116327049E+09  1.2589859080E+10
    30500 -2.1151206309E+09  1.2581510585E+10
    30600 -2.1118699665E+09  1.2586055133E+10
    30700 -2.1058959183E+09  1.2565244930E+10
    30800 -2.1097558226E+09  1.2574566948E+10
    30900 -2.1093355207E+09  1.2581678553E+10
    31000 -2.1127157046E+09  1.2584761480E+10
    31100 -2.1053827239E+09  1.2578703789E+10
    31200 -2.1135317022E+09  1.2583222677E+10
    31300 -2.1183020381E+09  1.2590494233E+10
    31400 -2.1163544520E+09  1.2585229232E+10
    31500 -2.1158996663E+09  1.2587130929E+10
    31600 -2.1049571447E+09  1.2574280044E+10
    31700 -2.1047563660E+09  1.2582064314E+10
    31800 -2.1067881427E+09  1.2573155635E+10
    31900 -2.1129329900E+09  1.2579643302E+10
    32000 -2.1083886449E+09  1.2592840762E+10
    32100 -2.1111773201E+09  1.2591656947E+10
    32200 -2.1114597535E+09  1.2590411126E+10
    32300 -2.1136084840E+09  1.2593761014E+10
    32400 -2.1138110396E+09  1.2577199961E+10
    32500 -2.1086449817E+09  1.2579840962E+10
    32600 -2.1140494165E+09  1.2589038327E+10
    32700 -2.1121581190E+09  1.2587300005E+10
    32800 -2.1096969397E+09  1.2583763035E+10
    32900 -2.1106758443E+09  1.2581896176E+10
    33000 -2.1117574310E+09  1.2579265049E+10
    33100 -2.1122315663E+09  1.2581610478E+10
    33200 -2.1178578033E+09  1.2584675717E+10
    33300 -2.1129780331E+09  1.2589399656E+10
    33400 -2.1140308993E+09  1.2598926009E+10
    33500 -2.1153226722E+09  1.2598142824E+10
    33600 -2.1152187325E+09  1.2598327868E+10
    33700 -2.1151675005E+09  1.2586825991E+10
    33800 -2.1168353542E+09  1.2592737222E+10
    33900 -2.1088285520E+09  1.2586281995E+10
    34000 -2.1094177703E+09  1.2593621717E+10
    34100 -2.1087280185E+09  1.2604085325E+10
    34200 -2.1112626087E+09  1.2609070463E+10
    34300 -2.1143511039E+09  1.2599026851E+10
    34400 -2.1136142834E+09  1.2588765423E+10
    34500 -2.1125455104E+09  1.2574528728E+10
    34600 -2.1144191210E+09  1.2582900840E+10
    34700 -2.1125669628E+09  1.2573384493E+10
    34800 -2.1101407685E+09  1.2560270041E+10
    34900 -2.1074417442E+09  1.2558716211E+10
    35000 -2.1023098062E+09  1.2564477034E+10
    35100 -2.1107043025E+09  1.2574542314E+10
    35200 -2.1108608924E+09  1.2585046489E+10
    35300 -2.1129184963E+09  1.2580242703E+10
    35400 -2.1087303048E+09  1.2566984149E+10
    35500 -2.1099038729E+09  1.2576911522E+10
    35600 -2.1123007246E+09  1.2570832503E+10
    35700 -2.1123304469E+09  1.2580586870E+10
    35800 -2.1135937134E+09  1.2587997458E+10
    35900 -2.1106827825E+09  1.2586394275E+10
    36000 -2.1083752718E+09  1.2574367858E+10
    36100 -2.1072594204E+09  1.2571514823E+10
    36200 -2.1093778024E+09  1.2583099284E+10
    36300 -2.1126211917E+09  1.2581207124E+10
    36400 -2.1117407428E+09  1.2571520485E+10
    36500 -2.1075145925E+09  1.2566722319E+10
    36600 -2.1162699340E+09  1.2593260873E+10
    36700 -2.1177260980E+09  1.2600188525E+10
    36800 -2.1126445230E+09  1.2585292101E+10
    36900 -2.1137541463E+09  1.2584324456E+10
    37000 -2.1146863297E+09  1.2583496211E+10
    37100 -2.1129718255E+09  1.2564162016E+10
    37200 -2.1098568938E+09  1.2558652874E+10
    37300 -2.1096057738E+09  1.2567829010E+10
    37400 -2.1154356073E+09  1.2579374625E+10
    37500 -2.1135130591E+09  1.2572208647E+10
    37600 -2.1135472181E+09  1.2581038392E+10
    37700 -2.1113376375E+09  1.2577103181E+10
    37800 -2.1118280721E+09  1.2588316531E+10
    37900 -2.1130093419E+09  1.2595534607E+10
    38000 -2.1141606883E+09  1.2570129260E+10
    38100 -2.1091719003E+09  1.2567054489E+10
    38200 -2.1137179889E+09  1.2571786968E+10
    38300 -2.1139241664E+09  1.2578421885E+10
    38400 -2.1118108733E+09  1.2597072466E+10
    38500 -2.1118175632E+09  1.2586324094E+10
    38600 -2.1095042645E+09  1.2577126513E+10
    38700 -2.1072766328E+09  1.2581595638E+10
    38800 -2.1159002007E+09  1.2584915178E+10
    38900 -2.1195619717E+09  1.2579161817E+10
    39000 -2.1126503455E+09  1.2566361445E+10
    39100 -2.1104180417E+09  1.2565776741E+10
    39200 -2.1096219161E+09  1.2570376601E+10
    39300 -2.1097221766E+09  1.2579763562E+10
    39400 -2.1053476019E+09  1.2578293168E+10
    39500 -2.1096773420E+09  1.2579675522E+10
    39600 -2.1036137292E+09  1.2586848282E+10
    39700 -2.1106547007E+09  1.2593631029E+10
    39800 -2.1169235599E+09  1.2590019977E+10
    39900 -2.1150289750E+09  1.2589169318E+10
    40000 -2.1165927427E+09  1.2584250804E+10
    40100 -2.1118623471E+09  1.2586307247E+10
    40200 -2.1078522248E+09  1.2588151150E+10
    40300 -2.1096663081E+09  1.2590958053E+10
    40400 -2.1169560200E+09  1.2590809677E+10
    40500 -2.1107180985E+09  1.2593494152E+10
    40600 -2.1150111457E+09  1.2585632500E+10
    40700 -2.1070138457E+09  1.2575344155E+10
    40800 -2.1187664240E+09  1.2578804004E+10
    40900 -2.1177855000E+09  1.2584600632E+10
    41000 -2.1092953833E+09  1.2582236119E+10
    41100 -2.1179165180E+09  1.2582859893E+10
    41200 -2.1187352731E+09  1.2581690092E+10
    41300 -2.1127242124E+09  1.2564969945E+10
    41400 -2.1117914492E+09  1.2559949460E+10
    41500 -2.1100975910E+09  1.2564107226E+10
    41600 -2.1100361584E+09  1.2570166907E+10
    41700 -2.1116286421E+09  1.2584575309E+10
    41800 -2.1157826544E+09  1.2596454766E+10
    41900 -2.1095040693E+09  1.2588848939E+10
    42000 -2.1063212353E+09  1.2581564480E+10
    42100 -2.1063897311E+09  1.2582681468E+10
    42200 -2.1052127200E+09  1.2584622062E+10
    42300 -2.1064529941E+09  1.2572695224E+10
    42400 -2.1059963163E+09  1.2567379323E+10
    42500 -2.1036132085E+09  1.2555160712E+10
    42600 -2.1067213250E+09  1.2563417600E+10
    42700 -2.1103193421E+09  1.2573727377E+10
    42800 -2.1109514768E+09  1.2587316148E+10
    42900 -2.1103523429E+09  1.2590820493E+10
    43000 -2.1098571575E+09  1.2588022855E+10
    43100 -2.1137549658E+09  1.2589332073E+10
    43200 -2.1144658300E+09  1.2588566777E+10
    43300 -2.1118357742E+09  1.2580550087E+10
    43400 -2.1100848663E+09  1.2578045406E+10
    43500 -2.1081409085E+09  1.2569131569E+10
    43600 -2.1082570559E+09  1.2579327505E+10
    43700 -2.1152699214E+09  1.2599412206E+10
    43800 -2.1142924989E+09  1.2591243077E+10
    43900 -2.1123271180E+09  1.2583578623E+10
    44000 -2.1096627918E+09  1.2577783035E+10
    44100 -2.1092401586E+09  1.2565299695E+10
    44200 -2.1085409996E+09  1.2567710907E+10
    44300 -2.1148041788E+09  1.2588700237E+10
    44400 -2.1123937847E+09  1.2589770564E+10
    44500 -2.1163907580E+09  1.2579602246E+10
    44600 -2.1128556506E+09  1.2574655378E+10
    44700 -2.1119845353E+09  1.2582026341E+10
    44800 -2.1045076737E+09  1.2588637711E+10
    44900 -2.1026075415E+09  1.2583436347E+10
    45000 -2.0991386740E+09  1.2579638619E+10
    45100 -2.1022655558E+09  1.2559652983E+10
    45200 -2.1097525331E+09  1.2571889996E+10
    45300 -2.1117666529E+09  1.2571866808E+10
    45400 -2.1087022278E+09  1.2566536787E+10
    45500 -2.1130743124E+09  1.2557733606E+10
    45600 -2.1089064686E+09  1.2566586240E+10
    45700 -2.1062729201E+09  1.2577845822E+10
    45800 -2.1066247801E+09  1.2580969577E+10
    45900 -2.1109976059E+09  1.2589108891E+10
    46000 -2.1101910161E+09  1.2585182183E+10
    46100 -2.1052376724E+09  1.2577209064E+10
    46200 -2.1104737935E+09  1.2576273194E+10
    46300 -2.1150162127E+09  1.2577561195E+10
    46400 -2.1106796380E+09  1.2582009718E+10
    46500 -2.1048010322E+09  1.2571739714E+10
    46600 -2.1058383678E+09  1.2565422501E+10
    46700 -2.1070844543E+09  1.2562332977E+10
    46800 -2.1085032415E+09  1.2580272439E+10
    46900 -2.1099757760E+09  1.2586781242E+10
    47000 -2.1117577498E+09  1.2579090483E+10
    47100 -2.1119249286E+09  1.2599339777E+10
    47200 -2.1149138912E+09  1.2606311704E+10
    47300 -2.1180804010E+09  1.2608239234E+10
    47400 -2.1131821739E+09  1.2590192361E+10
    47500 -2.1114088909E+09  1.2581071257E+10
    47600 -2.1105238388E+09  1.2587434346E+10
    47700 -2.1097227936E+09  1.2582405849E+10
    47800 -2.1082773298E+09  1.2585296349E+10
    47900 -2.1144649251E+09  1.2583764466E+10
    48000 -2.1092087862E+09  1.2575947346E+10
    48100 -2.1146079530E+09  1.2581886830E+10
    48200 -2.1060642107E+09  1.2579598337E+10
    48300 -2.1085408597E+09  1.2584602932E+10
    48400 -2.1153067770E+09  1.2586185349E+10
    48500 -2.1143365621E+09  1.2595239911E+10
    48600 -2.1124029918E+09  1.2590318516E+10
    48700 -2.1102698476E+09  1.2579087541E+10
    48800 -2.1104649449E+09  1.2576151555E+10
    48900 -2.1159304474E+09  1.2583600451E+10
    49000 -2.1110072646E+09  1.2587099823E+10
    49100 -2.1184297975E+09  1.2586257878E+10
    49200 -2.1114208107E+09  1.2579011491E+10
    49300 -2.1164132299E+09  1.2582401879E+10
    49400 -2.1142059339E+09  1.2581475989E+10
    49500 -2.1179359662E+09  1.2595345989E+10
    49600 -2.1146720604E+09  1.2601350536E+10
    49700 -2.1205093384E+09  1.2589175560E+10
    49800 -2.1166014111E+09  1.2587894499E+10
    49900 -2.1127224825E+09  1.2587820326E+10
    50000 -2.1193917346E+09  1.2582161713E+10
    50100 -2.1133878154E+09  1.2578273975E+10
    50200 -2.1147572760E+09  1.2574742182E+10
    50300 -2.1088256926E+09  1.2561312906E+10
    50400 -2.1093230531E+09  1.2568360551E+10
    50500 -2.1091132821E+09  1.2575609761E+10
    50600 -2.1084167827E+09  1.2590406918E+10
    50700 -2.1093540136E+09  1.2586971316E+10
    50800 -2.1144445352E+09  1.2591154613E+10
    50900 -2.1153576584E+09  1.2603358486E+10
    51000 -2.1097979897E+09  1.2608431685E+10
    51100 -2.1162747887E+09  1.2607086041E+10
    51200 -2.1156840765E+09  1.2601339331E+10
    51300 -2.1110302399E+09  1.2600313164E+10
    51400 -2.1109893592E+09  1.2598492611E+10
    51500 -2.1151465553E+09  1.2587003344E+10
    51600 -2.1154303839E+09  1.2574232166E+10
    51700 -2.1135398238E+09  1.2566097316E+10
    51800 -2.1072045099E+09  1.2566570930E+10
    51900 -2.1076597782E+09  1.2572325116E+10
    52000 -2.1131883860E+09  1.2579906422E+10
    52100 -2.1149523105E+09  1.2577119047E+10
    52200 -2.1085008177E+09  1.2578595212E+10
    52300 -2.1093455260E+09  1.2586285735E+10
    52400 -2.1029653971E+09  1.2580290520E+10
    52500 -2.1104342763E+09  1.2579500231E+10
    52600 -2.1136451727E+09  1.2589835659E+10
    52700 -2.1092570441E+09  1.2580914268E+10
    52800 -2.1098968889E+09  1.2585850299E+10
    52900 -2.1107591388E+09  1.2596188663E+10
    53000 -2.1126854059E+09  1.2590736717E+10
    53100 -2.1105853415E+09  1.2587923816E+10
    53200 -2.1139397651E+09  1.2584854419E+10
    53300 -2.1114897373E+09  1.2584051402E+10
    53400 -2.1154165950E+09  1.2596822980E+10
    53500 -2.1150746692E+09  1.2595848678E+10
    53600 -2.1140795520E+09  1.2589389275E+10
    53700 -2.1079736114E+09  1.2592187869E+10
    53800 -2.1144148623E+09  1.2602679288E+10
    53900 -2.1172755143E+09  1.2588273653E+10
    54000 -2.1118297813E+09  1.2553802452E+10
    54100 -2.1139879978E+09  1.2564654028E+10
    54200 -2.1103013738E+09  1.2577398177E+10
    54300 -2.1117604048E+09  1.2589152519E+10
    54400 -2.1091080992E+09  1.2597264259E+10
    54500 -2.1074865749E+09  1.2580810115E+10
    54600 -2.1099889921E+09  1.2571479962E+10
    54700 -2.1132628018E+09  1.2573727678E+10
    54800 -2.1101927017E+09  1.2569628703E+10
    54900 -2.1111114663E+09  1.2583190573E+10
    55000 -2.1130328106E+09  1.2574308925E+10
    55100 -2.1079021621E+09  1.2574357704E+10
    55200 -2.1019017358E+09  1.2573607129E+10
    55300 -2.0987129437E+09  1.2567611053E+10
    55400 -2.1039336848E+09  1.2596769100E+10
    55500 -2.1067202814E+09  1.2589320489E+10
    55600 -2.1068213436E+09  1.2587248194E+10
    55700 -2.1108325318E+09  1.2574462074E+10
    55800 -2.1042141431E+09  1.2583267338E+10
    55900 -2.1070130519E+09  1.2583685185E+10
    56000 -2.1077122191E+09  1.2585621209E+10
    56100 -2.1086467801E+09  1.2589425206E+10
    56200 -2.1064852604E+09  1.2596370393E+10
    56300 -2.1166314008E+09  1.2583518599E+10
    56400 -2.1089925834E+09  1.2573636437E+10
    56500 -2.1069824653E+09  1.2569038822E+10
    56600 -2.1056590140E+09  1.2562558187E+10
    56700 -2.1044409984E+09  1.2575496290E+10
    56800 -2.1075540031E+09  1.2576682083E+10
    56900 -2.1035751599E+09  1.2568249148E+10
    57000 -2.1002878636E+09  1.2567332889E+10
    57100 -2.1107820094E+09  1.2573920435E+10
    57200 -2.1117823167E+09  1.2575474015E+10
    57300 -2.1143189962E+09  1.2566405977E+10
    57400 -2.1100710381E+09  1.2557603472E+10
    57500 -2.1094208319E+09  1.2561667390E+10
    57600 -2.1088394282E+09  1.2574065081E+10
    57700 -2.1098061534E+09  1.2583846763E+10
    57800 -2.1094116321E+09  1.2568349865E+10
    57900 -2.1141441588E+09  1.2566149435E+10
    58000 -2.1153544382E+09  1.2570044710E+10
    58100 -2.1136615452E+09  1.2583103985E+10
    58200 -2.1126077470E+09  1.2584588217E+10
    58300 -2.1121490258E+09  1.2586255371E+10
    58400 -2.1158608006E+09  1.2586139690E+10
    58500 -2.1120468355E+09  1.2580125294E+10
    58600 -2.1115906685E+09  1.2576255265E+10
    58700 -2.1118045808E+09  1.2576669050E+10
    58800 -2.1157376623E+09  1.2576139164E+10
    58900 -2.1148278658E+09  1.2573157267E+10
    59000 -2.1140061471E+09  1.2575933680E+10
    59100 -2.1156635506E+09  1.2580674518E+10
    59200 -2.1205532550E+09  1.2591075577E+10
    59300 -2.1122174540E+09  1.2582157475E+10
    59400 -2.1166247740E+09  1.2583602066E+10
    59500 -2.1129375980E+09  1.2590718949E+10
    59600 -2.1108424495E+09  1.2582226550E+10
    59700 -2.1109955440E+09  1.2602322297E+10
    59800 -2.1160643859E+09  1.2596303475E+10
    59900 -2.1130362689E+09  1.2586193642E+10
    60000 -2.1127496645E+09  1.2580297468E+10
    60100 -2.1116608844E+09  1.2583144127E+10
    60200 -2.1076223873E+09  1.2574874769E+10
    60300 -2.1103155891E+09  1.2559754279E+10
    60400 -2.1139753866E+09  1.2567570934E+10
    60500 -2.1100679419E+09  1.2580811352E+10
    60600 -2.1179720907E+09  1.2591967366E+10
    60700 -2.1158076044E+09  1.2586332144E+10
    60800 -2.1118610112E+09  1.2586300760E+10
    60900 -2.1135879289E+09  1.2583295687E+10
    61000 -2.1108437923E+09  1.2589532824E+10
    61100 -2.1117067820E+09  1.2586426077E+10
    61200 -2.1126901140E+09  1.2591836619E+10
    61300 -2.1125867675E+09  1.2595410240E+10
    61400 -2.1199093157E+09  1.2610495148E+10
    61500 -2.1158195268E+09  1.2614475860E+10
    61600 -2.1192836231E+09  1.2617366846E+10
    61700 -2.1166958309E+09  1.2611094294E+10
    61800 -2.1155194546E+09  1.2591386015E+10
    61900 -2.1155572552E+09  1.2586365545E+10
    62000 -2.1148935756E+09  1.2583741241E+10
    62100 -2.1140933459E+09  1.2599823035E+10
    62200 -2.1154031504E+09  1.2609245918E+10
    62300 -2.1115018101E+09  1.2588518886E+10
    62400 -2.1106415143E+09  1.2578223775E+10
    62500 -2.1098255543E+09  1.2565743865E+10
    62600 -2.1055989686E+09  1.2550181313E+10
    62700 -2.1060205751E+09  1.2566920165E+10
    62800 -2.1141194061E+09  1.2577628148E+10
    62900 -2.1141138411E+09  1.2580680627E+10
