 ######
     5100 -2.3153673548E+08  1.6800723307E+11
     5200 -2.3265044324E+08  3.2952848844E+09
     5300 -2.3156467676E+08  3.2919857751E+09
     5400 -2.3248396375E+08  3.2878328847E+09
     5500 -2.3167082335E+08  3.2865617556E+09
     5600 -2.3076322875E+08  3.2832502909E+09
     5700 -2.2966894983E+08  3.2833472764E+09
     5800 -2.4717744961E+08  4.9265874567E+09
     5900 -2.8640269319E+08  4.9308832797E+09
     6000 -3.1034573466E+08  4.9306816296E+09
     6100 -3.2490626962E+08  4.9354243334E+09
     6200 -3.3317570729E+08  4.9389440640E+09
     6300 -3.3823374077E+08  4.9408377489E+09
     6400 -3.4082976302E+08  4.9401238297E+09
     6500 -3.4519401062E+08  4.9382340437E+09
     6600 -3.4499330208E+08  4.9476253229E+09
     6700 -3.4652619608E+08  4.9466522007E+09
     6800 -3.4975257782E+08  4.9514337395E+09
     6900 -3.4913329931E+08  4.9503607229E+09
     7000 -3.5140880760E+08  4.9465920158E+09
     7100 -3.5126320169E+08  4.9486778168E+09
     7200 -3.4951114848E+08  4.9437748327E+09
     7300 -3.4776586724E+08  4.9485210003E+09
     7400 -3.5015717202E+08  4.9486210780E+09
     7500 -3.4901030844E+08  4.9491512245E+09
     7600 -3.4951673195E+08  4.9459524714E+09
     7700 -3.4780421266E+08  4.9379877411E+09
     7800 -3.4620512477E+08  4.9295055658E+09
     7900 -3.4776650531E+08  4.9296620661E+09
     8000 -3.4847883907E+08  4.9352102306E+09
     8100 -3.4848828495E+08  4.9326905735E+09
     8200 -3.4963269409E+08  4.9388868369E+09
     8300 -3.4739600857E+08  4.9383612734E+09
     8400 -3.4852399796E+08  4.9354962213E+09
     8500 -3.4534611360E+08  4.9351317617E+09
     8600 -3.4714183941E+08  4.9391338081E+09
     8700 -3.4928874345E+08  4.9399694223E+09
     8800 -3.7192062656E+08  7.4010573935E+09
     8900 -4.3385027390E+08  7.4014380322E+09
     9000 -4.6887068917E+08  7.4031126080E+09
     9100 -4.9250166967E+08  7.4133863760E+09
     9200 -5.0687341303E+08  7.4055180294E+09
     9300 -5.1352970400E+08  7.4013410580E+09
     9400 -5.1805215532E+08  7.4038197142E+09
     9500 -5.2005175225E+08  7.4020519331E+09
     9600 -5.2173309014E+08  7.4071354073E+09
     9700 -5.2343369759E+08  7.4057218708E+09
     9800 -5.2416157835E+08  7.3946856185E+09
     9900 -5.2181732362E+08  7.3933464772E+09
    10000 -5.2362268515E+08  7.3923499281E+09
    10100 -5.2644334663E+08  7.3894383944E+09
    10200 -5.2385543043E+08  7.3920324533E+09
    10300 -5.2574240478E+08  7.3973912402E+09
    10400 -5.2090024593E+08  7.3961991549E+09
    10500 -5.2542388964E+08  7.3977725850E+09
    10600 -5.2542039752E+08  7.3974326349E+09
    10700 -5.2345337006E+08  7.4061066340E+09
    10800 -5.2505913777E+08  7.4016355066E+09
    10900 -5.2793200531E+08  7.3928710677E+09
    11000 -5.2279004622E+08  7.3906667427E+09
    11100 -5.2355025296E+08  7.3926048443E+09
    11200 -5.2408813767E+08  7.3916282098E+09
    11300 -5.2315638061E+08  7.3917342820E+09
    11400 -5.2498651431E+08  7.3955144606E+09
    11500 -5.2253193725E+08  7.3977840627E+09
    11600 -5.2672074473E+08  7.3934873453E+09
    11700 -5.2385957343E+08  7.4006181937E+09
    11800 -5.6434210187E+08  1.1111588017E+10
    11900 -6.5641960240E+08  1.1103416359E+10
    12000 -7.1304182359E+08  1.1099190540E+10
    12100 -7.3102221250E+08  1.1096561015E+10
    12200 -7.5596136934E+08  1.1084475797E+10
    12300 -7.6671895729E+08  1.1092505139E+10
    12400 -7.8112220349E+08  1.1095904451E+10
    12500 -7.7869488472E+08  1.1097158084E+10
    12600 -7.8425666969E+08  1.1099755684E+10
    12700 -7.9113251235E+08  1.1098513099E+10
    12800 -7.8492435428E+08  1.1090253497E+10
    12900 -7.7956370576E+08  1.1104021569E+10
    13000 -7.9227332533E+08  1.1111369014E+10
    13100 -7.8919377203E+08  1.1115702291E+10
    13200 -7.8654657462E+08  1.1112872674E+10
    13300 -7.8868321564E+08  1.1111578182E+10
    13400 -7.9370131262E+08  1.1118037557E+10
    13500 -7.8773143353E+08  1.1122532764E+10
    13600 -7.9054467540E+08  1.1123655367E+10
    13700 -7.9037302577E+08  1.1112406054E+10
    13800 -7.9116212046E+08  1.1100587868E+10
    13900 -7.9242462942E+08  1.1095052627E+10
    14000 -7.8839321286E+08  1.1087691347E+10
    14100 -7.9069294444E+08  1.1078540161E+10
    14200 -7.8599661615E+08  1.1087925051E+10
    14300 -7.8341378411E+08  1.1078836982E+10
    14400 -7.8940731281E+08  1.1100126604E+10
    14500 -7.8956306216E+08  1.1101307758E+10
    14600 -7.8634841821E+08  1.1096723581E+10
    14700 -7.8843410076E+08  1.1102511692E+10
    14800 -8.1270685151E+08  1.4017459496E+10
    14900 -8.9045542517E+08  1.4046384689E+10
    15000 -9.4037095400E+08  1.4054755170E+10
    15100 -9.5502725865E+08  1.4051964466E+10
    15200 -9.8386310873E+08  1.4052603880E+10
    15300 -9.8524959360E+08  1.4048936265E+10
    15400 -9.9093493250E+08  1.4051536005E+10
    15500 -9.9433087080E+08  1.4053557937E+10
    15600 -1.0013463431E+09  1.4064508584E+10
    15700 -9.9737329550E+08  1.4056052696E+10
    15800 -1.0032611029E+09  1.4040283209E+10
    15900 -9.9805878650E+08  1.4038209296E+10
    16000 -1.0059796728E+09  1.4041142212E+10
    16100 -1.0065823231E+09  1.4024654588E+10
    16200 -9.9660852913E+08  1.4011688631E+10
    16300 -9.9825786299E+08  1.4029098291E+10
    16400 -1.0011094191E+09  1.4030977121E+10
    16500 -9.9879088289E+08  1.4034317713E+10
    16600 -9.9966127091E+08  1.4042370526E+10
    16700 -9.9321789243E+08  1.4045527357E+10
    16800 -9.9899107491E+08  1.4058828039E+10
    16900 -1.0056421255E+09  1.4065189898E+10
    17000 -9.9095695388E+08  1.4065216045E+10
    17100 -9.9572659353E+08  1.4076849152E+10
    17200 -1.0006168612E+09  1.4072921670E+10
    17300 -1.0100387179E+09  1.4069793248E+10
    17400 -1.0005994300E+09  1.4071846444E+10
    17500 -1.0061453931E+09  1.4088455248E+10
    17600 -1.0014008129E+09  1.4074991530E+10
    17700 -1.0065388483E+09  1.4063325409E+10
    17800 -1.0138951280E+09  1.5194186661E+10
    17900 -1.0301785292E+09  1.5188234651E+10
    18000 -1.0524533876E+09  1.5191628267E+10
    18100 -1.0646510876E+09  1.5195310401E+10
    18200 -1.0626187098E+09  1.5186528870E+10
    18300 -1.0600947972E+09  1.5169544798E+10
    18400 -1.0698115669E+09  1.5162237489E+10
    18500 -1.0776231611E+09  1.5150694907E+10
    18600 -1.0734933038E+09  1.5149363230E+10
    18700 -1.0750973529E+09  1.5147447993E+10
    18800 -1.0725426493E+09  1.5150097212E+10
    18900 -1.0766416251E+09  1.5154625177E+10
    19000 -1.0787593403E+09  1.5161631799E+10
    19100 -1.0790453245E+09  1.5172509318E+10
    19200 -1.0833548524E+09  1.5175049117E+10
    19300 -1.0773179287E+09  1.5179392933E+10
    19400 -1.0825119547E+09  1.5158903048E+10
    19500 -1.0842941873E+09  1.5159359041E+10
    19600 -1.0869337367E+09  1.5167110970E+10
    19700 -1.0790008774E+09  1.5176072531E+10
    19800 -1.0822106447E+09  1.5195477772E+10
    19900 -1.0779157441E+09  1.5185620099E+10
    20000 -1.0864762036E+09  1.5176910023E+10
    20100 -1.0866767944E+09  1.5184719845E+10
    20200 -1.0778998750E+09  1.5180061674E+10
    20300 -1.0774943094E+09  1.5164056669E+10
    20400 -1.0794956507E+09  1.5156690455E+10
    20500 -1.0823405256E+09  1.5156154409E+10
    20600 -1.0742550296E+09  1.5160800342E+10
    20700 -1.0753194190E+09  1.5157729095E+10
    20800 -1.0826136364E+09  1.5621518675E+10
    20900 -1.0896384800E+09  1.5609541869E+10
    21000 -1.1021783699E+09  1.5625373460E+10
    21100 -1.1051167018E+09  1.5643213926E+10
    21200 -1.1010031548E+09  1.5638360407E+10
    21300 -1.1041431504E+09  1.5599597097E+10
    21400 -1.1047866439E+09  1.5571515917E+10
    21500 -1.1140974061E+09  1.5581515919E+10
    21600 -1.1192971464E+09  1.5581777702E+10
    21700 -1.1075133390E+09  1.5587314690E+10
    21800 -1.1036376974E+09  1.5600003660E+10
    21900 -1.1073145834E+09  1.5606871867E+10
    22000 -1.1133766794E+09  1.5613755730E+10
    22100 -1.1076121794E+09  1.5590088522E+10
    22200 -1.1035418832E+09  1.5589053406E+10
    22300 -1.1099859202E+09  1.5611388426E+10
    22400 -1.1143081277E+09  1.5607685681E+10
    22500 -1.1056820346E+09  1.5604389305E+10
    22600 -1.1115237353E+09  1.5595777566E+10
    22700 -1.1172967310E+09  1.5598903955E+10
    22800 -1.1054480862E+09  1.5600234055E+10
    22900 -1.1160856475E+09  1.5611289091E+10
    23000 -1.1156151488E+09  1.5590922993E+10
    23100 -1.1105652835E+09  1.5585785124E+10
    23200 -1.1099618669E+09  1.5602866571E+10
    23300 -1.1090492290E+09  1.5600061658E+10
    23400 -1.1059231910E+09  1.5610676046E+10
    23500 -1.1077836561E+09  1.5607000256E+10
    23600 -1.1060777210E+09  1.5609613072E+10
    23700 -1.1110714599E+09  1.5605254300E+10
    23800 -1.0272766053E+09  1.5600497129E+10
    23900 -1.1089198178E+09  1.5608202422E+10
    24000 -1.1127510173E+09  1.5616320782E+10
    24100 -1.1148425624E+09  1.5616169373E+10
    24200 -1.1053749237E+09  1.5607490704E+10
    24300 -1.1171609765E+09  1.5612590154E+10
    24400 -1.1168907631E+09  1.5608727964E+10
    24500 -1.1134885252E+09  1.5613298353E+10
    24600 -1.1141081248E+09  1.5602951231E+10
    24700 -1.1123327757E+09  1.5592521592E+10
    24800 -1.1143700919E+09  1.5600263041E+10
    24900 -1.1132376159E+09  1.5617481548E+10
    25000 -1.1113805394E+09  1.5621412013E+10
    25100 -1.1096411759E+09  1.5609204727E+10
    25200 -1.1120025004E+09  1.5611965949E+10
    25300 -1.1184648495E+09  1.5624165020E+10
    25400 -1.1141139751E+09  1.5637003925E+10
    25500 -1.1152520752E+09  1.5622802522E+10
    25600 -1.1114184861E+09  1.5611718251E+10
    25700 -1.1149171938E+09  1.5612242110E+10
    25800 -1.1104520465E+09  1.5581765883E+10
    25900 -1.1108869896E+09  1.5580761479E+10
    26000 -1.1067893896E+09  1.5587345537E+10
    26100 -1.1081863744E+09  1.5588810713E+10
    26200 -1.1099069853E+09  1.5599563128E+10
    26300 -1.1072491247E+09  1.5586198262E+10
    26400 -1.1059657138E+09  1.5597874118E+10
    26500 -1.1055163950E+09  1.5601726842E+10
    26600 -1.1068543932E+09  1.5590178981E+10
    26700 -1.1094446317E+09  1.5573560228E+10
    26800 -1.1094767387E+09  1.5589058357E+10
    26900 -1.1039144315E+09  1.5594035910E+10
    27000 -1.1112209572E+09  1.5603330917E+10
    27100 -1.1071556589E+09  1.5597139500E+10
    27200 -1.1081253568E+09  1.5600798626E+10
    27300 -1.1090245341E+09  1.5583049039E+10
    27400 -1.1118932478E+09  1.5582167657E+10
    27500 -1.1034648595E+09  1.5603146651E+10
    27600 -1.1158469930E+09  1.5612029376E+10
    27700 -1.1064965902E+09  1.5595552088E+10
    27800 -1.1072362817E+09  1.5619981159E+10
    27900 -1.1106103490E+09  1.5609142484E+10
    28000 -1.1071708932E+09  1.5606222270E+10
    28100 -1.1098623086E+09  1.5616281345E+10
    28200 -1.1113920673E+09  1.5594934367E+10
    28300 -1.1107120924E+09  1.5581921009E+10
    28400 -1.1106692791E+09  1.5582714236E+10
    28500 -1.1082315203E+09  1.5576570048E+10
    28600 -1.1052931658E+09  1.5592535599E+10
    28700 -1.1077670912E+09  1.5601333409E+10
    28800 -1.1135042256E+09  1.5608227472E+10
    28900 -1.1075600041E+09  1.5632631492E+10
    29000 -1.1079766665E+09  1.5631466697E+10
    29100 -1.1119113565E+09  1.5617585714E+10
    29200 -1.1111845052E+09  1.5624912876E+10
    29300 -1.1113131909E+09  1.5626658506E+10
    29400 -1.1081424655E+09  1.5617285603E+10
    29500 -1.1052021450E+09  1.5618780466E+10
    29600 -1.1080256966E+09  1.5617749718E+10
    29700 -1.1090461854E+09  1.5616246730E+10
    29800 -1.1119361189E+09  1.5615258201E+10
    29900 -1.1068801648E+09  1.5606501160E+10
    30000 -1.1083422095E+09  1.5612196437E+10
    30100 -1.1082167376E+09  1.5590527372E+10
    30200 -1.1113795288E+09  1.5578417957E+10
    30300 -1.1153696924E+09  1.5576687803E+10
    30400 -1.1133047901E+09  1.5585373243E+10
    30500 -1.1152103646E+09  1.5584258253E+10
    30600 -1.1139762269E+09  1.5574433628E+10
    30700 -1.1085841799E+09  1.5577078555E+10
    30800 -1.1138843017E+09  1.5584400177E+10
    30900 -1.1097638417E+09  1.5590105411E+10
    31000 -1.1019569050E+09  1.5598072371E+10
    31100 -1.1147271466E+09  1.5609309516E+10
    31200 -1.1163400722E+09  1.5616373282E+10
    31300 -1.1102059123E+09  1.5603155112E+10
    31400 -1.1097091417E+09  1.5587803751E+10
    31500 -1.1038676604E+09  1.5577701307E+10
    31600 -1.1039990043E+09  1.5582366305E+10
    31700 -1.1107408604E+09  1.5584312745E+10
    31800 -1.1098882470E+09  1.5578347801E+10
    31900 -1.1147240494E+09  1.5589327262E+10
    32000 -1.1061822135E+09  1.5592275630E+10
    32100 -1.1138032963E+09  1.5598728678E+10
    32200 -1.1112453699E+09  1.5596025924E+10
    32300 -1.1142871577E+09  1.5616556682E+10
    32400 -1.1112321635E+09  1.5621430278E+10
    32500 -1.1123413624E+09  1.5609836294E+10
    32600 -1.1104477823E+09  1.5608863942E+10
    32700 -1.1077179707E+09  1.5610546107E+10
    32800 -1.1147499596E+09  1.5602864766E+10
    32900 -1.1058714274E+09  1.5605908787E+10
    33000 -1.1101847856E+09  1.5614373984E+10
    33100 -1.1106685862E+09  1.5601293968E+10
    33200 -1.1067794870E+09  1.5593757932E+10
    33300 -1.1111991015E+09  1.5608160185E+10
    33400 -1.1142852612E+09  1.5602614468E+10
    33500 -1.1138532936E+09  1.5593806837E+10
    33600 -1.1119238847E+09  1.5599160064E+10
    33700 -1.1095691271E+09  1.5599625054E+10
    33800 -1.1096883004E+09  1.5594258940E+10
    33900 -1.1083037465E+09  1.5613162535E+10
    34000 -1.1151165644E+09  1.5599639276E+10
    34100 -1.1116280437E+09  1.5589269267E+10
    34200 -1.1117359680E+09  1.5593077725E+10
    34300 -1.1129213878E+09  1.5611193672E+10
    34400 -1.1080589096E+09  1.5612807369E+10
    34500 -1.1107621899E+09  1.5612156752E+10
    34600 -1.1072332452E+09  1.5600834926E+10
    34700 -1.1060283125E+09  1.5603880749E+10
    34800 -1.1091169574E+09  1.5608805649E+10
    34900 -1.1049179626E+09  1.5608188602E+10
    35000 -1.1118115088E+09  1.5621962158E+10
    35100 -1.1075896652E+09  1.5614986553E+10
    35200 -1.1125768199E+09  1.5603044057E+10
    35300 -1.1093464223E+09  1.5602741227E+10
    35400 -1.1124444938E+09  1.5595014405E+10
    35500 -1.1135877034E+09  1.5592440239E+10
    35600 -1.1128416519E+09  1.5604719497E+10
    35700 -1.1145127854E+09  1.5609308824E+10
    35800 -1.1168473490E+09  1.5622435642E+10
    35900 -1.1113517888E+09  1.5613679378E+10
    36000 -1.1093798099E+09  1.5592939579E+10
    36100 -1.1089714958E+09  1.5599536999E+10
    36200 -1.1092783846E+09  1.5591560285E+10
    36300 -1.1029105094E+09  1.5575826858E+10
    36400 -1.1044403015E+09  1.5573588083E+10
    36500 -1.1057347464E+09  1.5577767516E+10
    36600 -1.1107687513E+09  1.5591364599E+10
    36700 -1.1089440088E+09  1.5603188050E+10
    36800 -1.1113188978E+09  1.5605144614E+10
    36900 -1.1078472244E+09  1.5596684370E+10
    37000 -1.1065116902E+09  1.5585137751E+10
    37100 -1.1077225736E+09  1.5586942240E+10
    37200 -1.1097182873E+09  1.5585203828E+10
    37300 -1.1049307087E+09  1.5588600633E+10
    37400 -1.1124586182E+09  1.5601608216E+10
    37500 -1.1126788681E+09  1.5595145192E+10
    37600 -1.1112769237E+09  1.5571385882E+10
    37700 -1.1113792770E+09  1.5567940632E+10
    37800 -1.1142530954E+09  1.5587050926E+10
    37900 -1.1139817322E+09  1.5595887564E+10
    38000 -1.1098900716E+09  1.5598514940E+10
    38100 -1.1106335621E+09  1.5585081055E+10
    38200 -1.1129875848E+09  1.5600907786E+10
    38300 -1.1098856714E+09  1.5612085124E+10
    38400 -1.1119272864E+09  1.5614822206E+10
    38500 -1.1120650573E+09  1.5623639462E+10
    38600 -1.1037036404E+09  1.5603489681E+10
    38700 -1.1048363811E+09  1.5593374412E+10
    38800 -1.1101478147E+09  1.5599576980E+10
    38900 -1.1107152709E+09  1.5593310426E+10
    39000 -1.1121863136E+09  1.5605017012E+10
    39100 -1.1178453790E+09  1.5591209181E+10
    39200 -1.1118780537E+09  1.5576526809E+10
    39300 -1.1088109180E+09  1.5573126265E+10
    39400 -1.1095898151E+09  1.5588117046E+10
    39500 -1.1102631200E+09  1.5578838543E+10
    39600 -1.1091507927E+09  1.5579262879E+10
    39700 -1.1093280814E+09  1.5575175173E+10
    39800 -1.1082013441E+09  1.5589811928E+10
    39900 -1.1100256370E+09  1.5601922128E+10
    40000 -1.1117886056E+09  1.5606822737E+10
    40100 -1.1098209155E+09  1.5617737696E+10
    40200 -1.1110306508E+09  1.5614559753E+10
    40300 -1.1176184203E+09  1.5611567183E+10
    40400 -1.1136050633E+09  1.5587495137E+10
    40500 -1.1096032724E+09  1.5582378001E+10
    40600 -1.1064710445E+09  1.5595654742E+10
    40700 -1.1108746757E+09  1.5607907914E+10
    40800 -1.1116944655E+09  1.5593052130E+10
    40900 -1.1080911748E+09  1.5591811864E+10
    41000 -1.1022459823E+09  1.5583242151E+10
    41100 -1.1087137269E+09  1.5578568102E+10
    41200 -1.1144839723E+09  1.5573570636E+10
    41300 -1.1148756646E+09  1.5580396350E+10
    41400 -1.1115703635E+09  1.5587433691E+10
    41500 -1.1111622935E+09  1.5600720020E+10
    41600 -1.1144325905E+09  1.5597063889E+10
    41700 -1.1064002589E+09  1.5599927497E+10
    41800 -1.1143627972E+09  1.5591599225E+10
    41900 -1.1109665160E+09  1.5583169831E+10
    42000 -1.1082201765E+09  1.5576886105E+10
    42100 -1.1057731777E+09  1.5588542980E+10
    42200 -1.1119723034E+09  1.5571476622E+10
    42300 -1.1110194172E+09  1.5574211767E+10
    42400 -1.1070897234E+09  1.5573392493E+10
    42500 -1.1078986351E+09  1.5593466249E+10
    42600 -1.1106034254E+09  1.5600082098E+10
    42700 -1.1103015776E+09  1.5614177843E+10
    42800 -1.1160469730E+09  1.5621529949E+10
    42900 -1.1145764285E+09  1.5615023771E+10
    43000 -1.1102922641E+09  1.5608349735E+10
    43100 -1.1130027248E+09  1.5603491473E+10
    43200 -1.1087327685E+09  1.5597392777E+10
    43300 -1.1176578127E+09  1.5591062827E+10
    43400 -1.1102220987E+09  1.5592257418E+10
    43500 -1.1199428982E+09  1.5604233425E+10
    43600 -1.1077879401E+09  1.5617070436E+10
    43700 -1.1088528120E+09  1.5612666797E+10
    43800 -1.1068409463E+09  1.5611091314E+10
    43900 -1.1113584006E+09  1.5609253849E+10
    44000 -1.0997478227E+09  1.5607791180E+10
    44100 -1.1154263401E+09  1.5622662928E+10
    44200 -1.1063020243E+09  1.5601901446E+10
    44300 -1.1109154689E+09  1.5608721397E+10
    44400 -1.1124846281E+09  1.5616678413E+10
    44500 -1.1114888237E+09  1.5618754513E+10
    44600 -1.1129192479E+09  1.5610889240E+10
    44700 -1.1086108940E+09  1.5606278884E+10
    44800 -1.1084786384E+09  1.5607862424E+10
    44900 -1.1082623140E+09  1.5600242681E+10
    45000 -1.1103021657E+09  1.5594124317E+10
    45100 -1.1110528183E+09  1.5595404677E+10
    45200 -1.1101525462E+09  1.5606213890E+10
    45300 -1.1077646023E+09  1.5600421266E+10
    45400 -1.1149095945E+09  1.5599821478E+10
    45500 -1.1101394264E+09  1.5590952261E+10
    45600 -1.1051453207E+09  1.5590054558E+10
    45700 -1.1079188105E+09  1.5599029397E+10
    45800 -1.1026200672E+09  1.5598887997E+10
    45900 -1.1051915595E+09  1.5593831586E+10
    46000 -1.1023508408E+09  1.5595342164E+10
    46100 -1.1117642944E+09  1.5597970326E+10
    46200 -1.1036577292E+09  1.5591960419E+10
    46300 -1.1117028994E+09  1.5601806691E+10
    46400 -1.1049187148E+09  1.5588164944E+10
    46500 -1.1099513399E+09  1.5574828801E+10
    46600 -1.1133077157E+09  1.5594672495E+10
    46700 -1.1140322233E+09  1.5605483855E+10
    46800 -1.1169161395E+09  1.5623400652E+10
    46900 -1.1105781407E+09  1.5624796824E+10
    47000 -1.1141515637E+09  1.5610073496E+10
    47100 -1.1142458775E+09  1.5601143521E+10
    47200 -1.1094340403E+09  1.5594423764E+10
    47300 -1.1097141711E+09  1.5597151305E+10
    47400 -1.1123516884E+09  1.5582289689E+10
    47500 -1.1097722930E+09  1.5587450994E+10
    47600 -1.1084575392E+09  1.5606059737E+10
    47700 -1.1155741160E+09  1.5616181269E+10
    47800 -1.1162083871E+09  1.5624336823E+10
    47900 -1.1056348619E+09  1.5617854134E+10
    48000 -1.1032202179E+09  1.5605396748E+10
    48100 -1.1071977173E+09  1.5583437483E+10
    48200 -1.1093233419E+09  1.5583839403E+10
    48300 -1.1084449311E+09  1.5588165618E+10
    48400 -1.1024814955E+09  1.5597928699E+10
    48500 -1.1133793914E+09  1.5595298607E+10
    48600 -1.1111753425E+09  1.5587653315E+10
    48700 -1.1096268450E+09  1.5611732767E+10
    48800 -1.1118957756E+09  1.5616003035E+10
    48900 -1.1149370509E+09  1.5613865926E+10
    49000 -1.1123344974E+09  1.5605237150E+10
    49100 -1.1117094057E+09  1.5610793081E+10
    49200 -1.1142050404E+09  1.5603893500E+10
    49300 -1.1184882055E+09  1.5603362922E+10
    49400 -1.1093134293E+09  1.5597118369E+10
    49500 -1.1063337455E+09  1.5596629315E+10
    49600 -1.1054764684E+09  1.5599249587E+10
    49700 -1.1063610535E+09  1.5598648134E+10
    49800 -1.1036232916E+09  1.5600010136E+10
    49900 -1.1064084790E+09  1.5591859010E+10
    50000 -1.1030511186E+09  1.5598872375E+10
    50100 -1.1054073638E+09  1.5591639827E+10
    50200 -1.1114439997E+09  1.5601920637E+10
    50300 -1.1107046178E+09  1.5613629561E+10
    50400 -1.1126336632E+09  1.5617495376E+10
    50500 -1.1109782389E+09  1.5628711576E+10
    50600 -1.1184296796E+09  1.5638889725E+10
    50700 -1.1161207799E+09  1.5616221091E+10
    50800 -1.1118094331E+09  1.5613263115E+10
    50900 -1.1091568770E+09  1.5593474886E+10
    51000 -1.1137750586E+09  1.5592875577E+10
    51100 -1.1095363468E+09  1.5600808012E+10
    51200 -1.1039150505E+09  1.5618486130E+10
    51300 -1.1087697746E+09  1.5619449328E+10
    51400 -1.1117760511E+09  1.5622724328E+10
    51500 -1.1126147923E+09  1.5630772580E+10
    51600 -1.1085461731E+09  1.5611435247E+10
    51700 -1.1094714511E+09  1.5629488381E+10
    51800 -1.1124772866E+09  1.5613064908E+10
    51900 -1.1095908329E+09  1.5604310801E+10
    52000 -1.1077659256E+09  1.5595915481E+10
    52100 -1.1065520283E+09  1.5603113130E+10
    52200 -1.1068694453E+09  1.5602885045E+10
    52300 -1.1079283353E+09  1.5603139529E+10
    52400 -1.1083299775E+09  1.5603471678E+10
    52500 -1.1114708420E+09  1.5590654461E+10
    52600 -1.1099941895E+09  1.5594100807E+10
    52700 -1.1103798291E+09  1.5591407711E+10
    52800 -1.1142587659E+09  1.5583194247E+10
    52900 -1.1124538788E+09  1.5590737263E+10
    53000 -1.1036098064E+09  1.5591837601E+10
    53100 -1.1043375851E+09  1.5577154251E+10
    53200 -1.1061839888E+09  1.5596396626E+10
    53300 -1.1109638768E+09  1.5597743450E+10
    53400 -1.1120143744E+09  1.5586096483E+10
    53500 -1.1055955119E+09  1.5584267244E+10
    53600 -1.1044524793E+09  1.5588538556E+10
    53700 -1.1072666737E+09  1.5571715002E+10
    53800 -1.1085117758E+09  1.5578294946E+10
    53900 -1.1152975923E+09  1.5589450420E+10
    54000 -1.1059241793E+09  1.5579212591E+10
    54100 -1.1048288666E+09  1.5574658971E+10
    54200 -1.1048123864E+09  1.5599960294E+10
    54300 -1.1099077407E+09  1.5602874461E+10
    54400 -1.1049352501E+09  1.5587690661E+10
    54500 -1.1067721849E+09  1.5590109200E+10
    54600 -1.1081399966E+09  1.5595158798E+10
    54700 -1.1130995690E+09  1.5598609478E+10
    54800 -1.1144937127E+09  1.5599849639E+10
    54900 -1.1129761070E+09  1.5596981257E+10
    55000 -1.1137139504E+09  1.5594411064E+10
    55100 -1.1023935664E+09  1.5603422869E+10
    55200 -1.1086172264E+09  1.5602059332E+10
    55300 -1.1122417301E+09  1.5606934192E+10
    55400 -1.1126015457E+09  1.5609770844E+10
    55500 -1.1147636702E+09  1.5613771356E+10
    55600 -1.1156832903E+09  1.5618557945E+10
    55700 -1.1222083960E+09  1.5604374661E+10
    55800 -1.1158509525E+09  1.5607117917E+10
    55900 -1.1100041002E+09  1.5616992520E+10
    56000 -1.1092180255E+09  1.5627474176E+10
    56100 -1.1111970505E+09  1.5615066908E+10
    56200 -1.1136554066E+09  1.5609883200E+10
    56300 -1.1117915030E+09  1.5596451692E+10
    56400 -1.1048791856E+09  1.5591264273E+10
    56500 -1.1111064983E+09  1.5587464273E+10
    56600 -1.1121922288E+09  1.5584377970E+10
    56700 -1.1102854102E+09  1.5568889859E+10
    56800 -1.1051162294E+09  1.5574925643E+10
    56900 -1.1071005201E+09  1.5588601747E+10
    57000 -1.1122653485E+09  1.5587699182E+10
    57100 -1.1038363513E+09  1.5594554179E+10
    57200 -1.1090594478E+09  1.5602066099E+10
    57300 -1.1096107542E+09  1.5594327809E+10
    57400 -1.1101175204E+09  1.5578435185E+10
    57500 -1.1113411617E+09  1.5580084338E+10
    57600 -1.1113964659E+09  1.5604822503E+10
    57700 -1.1129052901E+09  1.5616556053E+10
    57800 -1.1142538925E+09  1.5607070517E+10
    57900 -1.1082885881E+09  1.5614632981E+10
    58000 -1.1080609102E+09  1.5623415467E+10
    58100 -1.1102923533E+09  1.5620282896E+10
    58200 -1.1095351929E+09  1.5600577442E+10
    58300 -1.1109748813E+09  1.5591890400E+10
    58400 -1.1086379724E+09  1.5600762106E+10
    58500 -1.1080789395E+09  1.5608064162E+10
    58600 -1.1041190033E+09  1.5599824449E+10
    58700 -1.1092416072E+09  1.5580093376E+10
    58800 -1.1107956540E+09  1.5576157804E+10
    58900 -1.1059781203E+09  1.5584963088E+10
    59000 -1.1045612331E+09  1.5563405062E+10
    59100 -1.1080292824E+09  1.5573152834E+10
    59200 -1.1064682904E+09  1.5579447140E+10
    59300 -1.1086403494E+09  1.5580115759E+10
    59400 -1.1057466322E+09  1.5569950693E+10
    59500 -1.1100145390E+09  1.5573452780E+10
    59600 -1.1087780741E+09  1.5594546015E+10
    59700 -1.1067840174E+09  1.5611039934E+10
    59800 -1.1071119178E+09  1.5602759170E+10
    59900 -1.1105702156E+09  1.5592957017E+10
    60000 -1.1102294819E+09  1.5592254235E+10
    60100 -1.1145866448E+09  1.5596922767E+10
    60200 -1.1080558462E+09  1.5579126455E+10
    60300 -1.1066561864E+09  1.5571409394E+10
    60400 -1.1101207493E+09  1.5575309228E+10
    60500 -1.1095623904E+09  1.5589462678E+10
    60600 -1.1152039446E+09  1.5599996884E+10
    60700 -1.1116028150E+09  1.5617120356E+10
    60800 -1.1083134891E+09  1.5616369823E+10
    60900 -1.1160886986E+09  1.5613850340E+10
    61000 -1.1167834271E+09  1.5618799588E+10
    61100 -1.1107523303E+09  1.5616750837E+10
    61200 -1.1103502147E+09  1.5613526138E+10
    61300 -1.1136493168E+09  1.5615553445E+10
    61400 -1.1128034668E+09  1.5602699169E+10
    61500 -1.1154505113E+09  1.5582347387E+10
    61600 -1.1113084642E+09  1.5579311391E+10
    61700 -1.1122641959E+09  1.5579880883E+10
    61800 -1.1077950639E+09  1.5573484267E+10
    61900 -1.1088030912E+09  1.5587112923E+10
    62000 -1.1105389070E+09  1.5598437085E+10
    62100 -1.1138658182E+09  1.5610252342E+10
    62200 -1.1109131980E+09  1.5610071324E+10
    62300 -1.1041579288E+09  1.5610021432E+10
    62400 -1.1136051777E+09  1.5607118995E+10
    62500 -1.1196927106E+09  1.5610662643E+10
    62600 -1.1239033772E+09  1.5604103724E+10
    62700 -1.1174392897E+09  1.5598713903E+10
    62800 -1.1144923185E+09  1.5599116754E+10
    62900 -1.1097269817E+09  1.5606758432E+10
    63000 -1.1210024135E+09  1.5610031968E+10
    63100 -1.1109492227E+09  1.5604311388E+10
    63200 -1.1135762829E+09  1.5597572381E+10
    63300 -1.1070322570E+09  1.5603718515E+10
    63400 -1.1099971175E+09  1.5605454909E+10
    63500 -1.1090991397E+09  1.5614515783E+10
    63600 -1.1117757328E+09  1.5606990200E+10
    63700 -1.1067289723E+09  1.5593583339E+10
    63800 -1.1105191731E+09  1.5598584235E+10
    63900 -1.1080736496E+09  1.5595792035E+10
    64000 -1.1137157066E+09  1.5592083083E+10
    64100 -1.1104471596E+09  1.5606202086E+10
    64200 -1.1032730979E+09  1.5600653699E+10
    64300 -1.1078217642E+09  1.5602923105E+10
    64400 -1.1091740597E+09  1.5600052788E+10
    64500 -1.1081380664E+09  1.5605264460E+10
    64600 -1.1100815677E+09  1.5611435007E+10
    64700 -1.1109147375E+09  1.5624824009E+10
    64800 -1.1093109555E+09  1.5628410962E+10
    64900 -1.1073030687E+09  1.5609643456E+10
    65000 -1.1067371977E+09  1.5594106112E+10
    65100 -1.1075029765E+09  1.5588255577E+10
    65200 -1.1097112966E+09  1.5581467771E+10
    65300 -1.1078350979E+09  1.5598373664E+10
    65400 -1.1096294690E+09  1.5595180531E+10
    65500 -1.1023584340E+09  1.5579093666E+10
    65600 -1.1127632622E+09  1.5578399379E+10
    65700 -1.0987851696E+09  1.5568011738E+10
    65800 -1.1072573783E+09  1.5570492359E+10
    65900 -1.1015119812E+09  1.5575654921E+10
    66000 -1.1099633803E+09  1.5588312715E+10
    66100 -1.1083160538E+09  1.5602448933E+10
    66200 -1.1109529460E+09  1.5595895106E+10
    66300 -1.1114008250E+09  1.5618342169E+10
    66400 -1.1098838006E+09  1.5605453854E+10
    66500 -1.1075734760E+09  1.5609919968E+10
    66600 -1.1085676951E+09  1.5590155021E+10
    66700 -1.1059620422E+09  1.5571337591E+10
    66800 -1.1106613658E+09  1.5571211019E+10
    66900 -1.1050972806E+09  1.5595030266E+10
    67000 -1.1076728080E+09  1.5608585558E+10
    67100 -1.1101589674E+09  1.5626233566E+10
    67200 -1.1058011147E+09  1.5618740338E+10
    67300 -1.1055548563E+09  1.5596506334E+10
    67400 -1.1086496004E+09  1.5593286178E+10
    67500 -1.1075480596E+09  1.5599745820E+10
    67600 -1.1062722101E+09  1.5586909873E+10
    67700 -1.1123363409E+09  1.5590598790E+10
