 ######
    20100 -2.1969722962E+09  6.5725790031E+12
    20200 -2.1795052486E+09  3.2751496468E+10
    20300 -2.1727304012E+09  3.2734042172E+10
    20400 -2.1737487454E+09  3.2747952069E+10
    20500 -2.1872115443E+09  3.2693936419E+10
    20600 -2.1779526260E+09  3.2687224245E+10
    20700 -2.1833244541E+09  3.2662574137E+10
    20800 -2.1694723520E+09  3.2706740672E+10
    20900 -2.1745126617E+09  3.2697848631E+10
    21000 -2.1783679411E+09  3.2730164199E+10
    21100 -2.1859745257E+09  3.2743480351E+10
    21200 -2.1875502796E+09  3.2737918790E+10
    21300 -2.1968517672E+09  3.2758196466E+10
    21400 -2.1838945757E+09  3.2741748361E+10
    21500 -2.1938855263E+09  3.2676170128E+10
    21600 -2.1875003687E+09  3.2659412397E+10
    21700 -2.1745066934E+09  3.2653313961E+10
    21800 -2.1597595252E+09  3.2656095520E+10
    21900 -2.1540384872E+09  3.2657606804E+10
    22000 -2.1121610000E+09  3.2635351345E+10
    22100 -2.1682283597E+09  3.2675276561E+10
    22200 -2.1734801677E+09  3.2680467536E+10
    22300 -2.1688211827E+09  3.2680502693E+10
    22400 -2.1791342688E+09  3.2657283679E+10
    22500 -2.1897207817E+09  3.2671906986E+10
    22600 -2.1768808232E+09  3.2677347032E+10
    22700 -2.1746195297E+09  3.2677030734E+10
    22800 -2.1876810885E+09  3.2650475138E+10
    22900 -2.1805536887E+09  3.2633123638E+10
    23000 -2.1860980158E+09  3.2649138588E+10
    23100 -2.1864505632E+09  3.2663697360E+10
    23200 -2.1864016697E+09  3.2692291865E+10
    23300 -2.1782732183E+09  3.2695079536E+10
    23400 -2.1802170053E+09  3.2659792278E+10
    23500 -2.1733247010E+09  3.2642868582E+10
    23600 -2.1773612843E+09  3.2648310098E+10
    23700 -2.1748623852E+09  3.2646746519E+10
    23800 -2.1760468901E+09  3.2647500307E+10
    23900 -2.1743291722E+09  3.2688669329E+10
    24000 -2.1831269640E+09  3.2661190230E+10
    24100 -2.1795328510E+09  3.2677611743E+10
    24200 -2.1733277359E+09  3.2679942529E+10
    24300 -2.1806264574E+09  3.2683543622E+10
    24400 -2.1812684831E+09  3.2711835367E+10
    24500 -2.1745536498E+09  3.2705067667E+10
    24600 -2.1788237909E+09  3.2671958820E+10
    24700 -2.1833479540E+09  3.2638869456E+10
    24800 -2.1845853037E+09  3.2674615338E+10
    24900 -2.1783794545E+09  3.2667350873E+10
    25000 -2.1753141307E+09  3.2684882149E+10
    25100 -2.1838398455E+09  3.2748050813E+10
    25200 -2.1823071841E+09  3.2733123100E+10
    25300 -2.1847314150E+09  3.2713813466E+10
    25400 -2.1806622925E+09  3.2703014067E+10
    25500 -2.1776040493E+09  3.2731320438E+10
    25600 -2.1848132993E+09  3.2721785490E+10
    25700 -2.1811595232E+09  3.2713976487E+10
    25800 -2.1865079048E+09  3.2769580840E+10
    25900 -2.1921160972E+09  3.2764856774E+10
    26000 -2.1768210954E+09  3.2758608420E+10
    26100 -2.1917045517E+09  3.2731014331E+10
    26200 -2.1839181543E+09  3.2680937089E+10
    26300 -2.1864760917E+09  3.2682150643E+10
    26400 -2.1806847811E+09  3.2650570612E+10
    26500 -2.1740505027E+09  3.2672912156E+10
    26600 -2.1752408771E+09  3.2710412945E+10
    26700 -2.1731142796E+09  3.2702039236E+10
    26800 -2.1717966766E+09  3.2713635924E+10
    26900 -2.1634754531E+09  3.2707490806E+10
    27000 -2.1655815619E+09  3.2682691754E+10
    27100 -2.1752527220E+09  3.2679453475E+10
    27200 -2.1716482444E+09  3.2669100116E+10
    27300 -2.1763147771E+09  3.2690646157E+10
    27400 -2.1722500334E+09  3.2730649192E+10
    27500 -2.1835863814E+09  3.2746876183E+10
    27600 -2.1756921485E+09  3.2742675331E+10
    27700 -2.1776491449E+09  3.2737775474E+10
    27800 -2.1806585454E+09  3.2742790421E+10
    27900 -2.1860211184E+09  3.2739050945E+10
    28000 -2.1870095530E+09  3.2724553244E+10
    28100 -2.1802373657E+09  3.2718069456E+10
    28200 -2.1898218499E+09  3.2693470175E+10
    28300 -2.1815471192E+09  3.2694892517E+10
    28400 -2.1797247997E+09  3.2716754866E+10
    28500 -2.1911920769E+09  3.2720628990E+10
    28600 -2.1930155006E+09  3.2735324998E+10
    28700 -2.1868377121E+09  3.2716736995E+10
    28800 -2.1840496680E+09  3.2689236413E+10
    28900 -2.1844546193E+09  3.2724281382E+10
    29000 -2.1767093063E+09  3.2745869866E+10
    29100 -2.1738062424E+09  3.2736435333E+10
    29200 -2.1717450543E+09  3.2688933419E+10
    29300 -2.1725125584E+09  3.2696233390E+10
    29400 -2.1685510513E+09  3.2714744162E+10
    29500 -2.1732584159E+09  3.2699374366E+10
    29600 -2.1779777823E+09  3.2688023809E+10
    29700 -2.1821755049E+09  3.2698113148E+10
    29800 -2.1810272763E+09  3.2670002948E+10
    29900 -2.1789697127E+09  3.2654965869E+10
    30000 -2.1844811014E+09  3.2690185690E+10
    30100 -2.1814052447E+09  3.2718773206E+10
    30200 -2.1889839729E+09  3.2692242508E+10
    30300 -2.1915105984E+09  3.2696766104E+10
    30400 -2.1808749340E+09  3.2703927237E+10
    30500 -2.1836564991E+09  3.2722467362E+10
    30600 -2.1767765076E+09  3.2742159537E+10
    30700 -2.1709421803E+09  3.2721625950E+10
    30800 -2.1765698850E+09  3.2700773112E+10
    30900 -2.1810271152E+09  3.2684674247E+10
    31000 -2.1849946149E+09  3.2698874004E+10
    31100 -2.1825285195E+09  3.2724478254E+10
    31200 -2.1873173857E+09  3.2738889121E+10
    31300 -2.1826742763E+09  3.2718989791E+10
    31400 -2.1760615256E+09  3.2727991466E+10
    31500 -2.1790915712E+09  3.2743016137E+10
    31600 -2.1899558107E+09  3.2744646550E+10
    31700 -2.1842794417E+09  3.2756139097E+10
    31800 -2.1843364121E+09  3.2763584889E+10
    31900 -2.1952379182E+09  3.2778037718E+10
    32000 -2.1893493219E+09  3.2769452438E+10
    32100 -2.1788271568E+09  3.2751630999E+10
    32200 -2.1839050366E+09  3.2776989694E+10
    32300 -2.1895694188E+09  3.2732231335E+10
    32400 -2.1845658104E+09  3.2733921156E+10
    32500 -2.1855392174E+09  3.2699617865E+10
    32600 -2.1780941120E+09  3.2723993795E+10
    32700 -2.1861791979E+09  3.2701350800E+10
    32800 -2.1848405898E+09  3.2681303396E+10
    32900 -2.1792737238E+09  3.2675388414E+10
    33000 -2.1710353445E+09  3.2691195481E+10
    33100 -2.1719162353E+09  3.2710316249E+10
    33200 -2.1788341495E+09  3.2715012228E+10
    33300 -2.1742999666E+09  3.2707225035E+10
    33400 -2.1787587160E+09  3.2657824941E+10
    33500 -2.1704301107E+09  3.2671057443E+10
    33600 -2.1686560143E+09  3.2680020252E+10
    33700 -2.1672269562E+09  3.2724567878E+10
    33800 -2.1725223768E+09  3.2758712956E+10
    33900 -2.1774315765E+09  3.2720888710E+10
    34000 -2.1767521938E+09  3.2678832972E+10
    34100 -2.1747555527E+09  3.2675360141E+10
    34200 -2.1758184348E+09  3.2683353800E+10
    34300 -2.1732580034E+09  3.2669425401E+10
    34400 -2.1674491941E+09  3.2650520226E+10
    34500 -2.1641217606E+09  3.2649013523E+10
    34600 -2.1760020860E+09  3.2678934629E+10
    34700 -2.1811721683E+09  3.2656469086E+10
    34800 -2.1731177598E+09  3.2671072868E+10
    34900 -2.1702633896E+09  3.2648189522E+10
    35000 -2.1623678748E+09  3.2633447012E+10
    35100 -2.1674945244E+09  3.2665338423E+10
    35200 -2.1699128336E+09  3.2678083731E+10
    35300 -2.1800452724E+09  3.2682508763E+10
    35400 -2.1810201261E+09  3.2690719550E+10
    35500 -2.1823999140E+09  3.2670045160E+10
    35600 -2.1895632621E+09  3.2684934581E+10
    35700 -2.1822955186E+09  3.2673102821E+10
    35800 -2.1761354271E+09  3.2665941547E+10
    35900 -2.1803744820E+09  3.2663510112E+10
    36000 -2.1739501142E+09  3.2694195179E+10
    36100 -2.1773303496E+09  3.2655929364E+10
    36200 -2.1735279303E+09  3.2689088826E+10
    36300 -2.1801998632E+09  3.2736395485E+10
    36400 -2.1767275336E+09  3.2718421953E+10
    36500 -2.1695104526E+09  3.2715779441E+10
    36600 -2.1743576826E+09  3.2731953797E+10
    36700 -2.1750277063E+09  3.2755650556E+10
    36800 -2.1749255133E+09  3.2734023058E+10
    36900 -2.1806502371E+09  3.2712741435E+10
    37000 -2.1795338795E+09  3.2720080572E+10
    37100 -2.1848674712E+09  3.2717560045E+10
    37200 -2.1832227724E+09  3.2710583756E+10
    37300 -2.1804316220E+09  3.2704530557E+10
    37400 -2.1842455891E+09  3.2715307057E+10
    37500 -2.1784802830E+09  3.2687657916E+10
    37600 -2.1749671220E+09  3.2694898904E+10
    37700 -2.1742458692E+09  3.2754013250E+10
    37800 -2.1775440526E+09  3.2732589845E+10
    37900 -2.1776037782E+09  3.2709861068E+10
    38000 -2.1864893469E+09  3.2696113715E+10
    38100 -2.1747120580E+09  3.2679668634E+10
    38200 -2.1744227046E+09  3.2682214640E+10
    38300 -2.1740044486E+09  3.2712970659E+10
    38400 -2.1810059178E+09  3.2739331139E+10
    38500 -2.1700698549E+09  3.2697123808E+10
    38600 -2.1874062694E+09  3.2688760813E+10
    38700 -2.1804871689E+09  3.2715934865E+10
    38800 -2.1920338067E+09  3.2767012312E+10
    38900 -2.1940679109E+09  3.2788768127E+10
    39000 -2.1859355508E+09  3.2728476835E+10
    39100 -2.1859132620E+09  3.2723849130E+10
    39200 -2.1812185547E+09  3.2718198252E+10
    39300 -2.1827348513E+09  3.2701542277E+10
    39400 -2.1822022786E+09  3.2673300918E+10
    39500 -2.1766190698E+09  3.2652291863E+10
    39600 -2.1714934012E+09  3.2651057060E+10
    39700 -2.1842879284E+09  3.2672615826E+10
    39800 -2.1794195562E+09  3.2702355526E+10
    39900 -2.1806061263E+09  3.2673729647E+10
    40000 -2.1873730931E+09  3.2702041373E+10
    40100 -2.1860350572E+09  3.2734796554E+10
    40200 -2.1899339239E+09  3.2740369307E+10
    40300 -2.1777154556E+09  3.2720859548E+10
    40400 -2.1714412286E+09  3.2697178202E+10
    40500 -2.1798472007E+09  3.2703284273E+10
    40600 -2.1741930136E+09  3.2685172630E+10
    40700 -2.1748792664E+09  3.2712748901E+10
    40800 -2.1746218428E+09  3.2720345444E+10
    40900 -2.1691258838E+09  3.2713667108E+10
    41000 -2.1757753003E+09  3.2689150528E+10
    41100 -2.1736638795E+09  3.2665682857E+10
    41200 -2.1716674602E+09  3.2699157109E+10
    41300 -2.1764001345E+09  3.2721392954E+10
    41400 -2.1762190592E+09  3.2702830141E+10
    41500 -2.1672039202E+09  3.2722092724E+10
    41600 -2.1800343918E+09  3.2745035058E+10
    41700 -2.1847082654E+09  3.2734231492E+10
    41800 -2.1850692664E+09  3.2735518419E+10
    41900 -2.1843104178E+09  3.2749388061E+10
    42000 -2.1868204932E+09  3.2757556168E+10
    42100 -2.1914143113E+09  3.2766313945E+10
    42200 -2.1882146341E+09  3.2767621004E+10
    42300 -2.1829129609E+09  3.2767349028E+10
    42400 -2.1853194296E+09  3.2724179981E+10
    42500 -2.1771152452E+09  3.2742543556E+10
    42600 -2.1770689800E+09  3.2733990173E+10
    42700 -2.1759873473E+09  3.2749163675E+10
    42800 -2.1761216611E+09  3.2712062974E+10
    42900 -2.1788677653E+09  3.2708239100E+10
    43000 -2.1736057728E+09  3.2708188910E+10
    43100 -2.1711010472E+09  3.2729955189E+10
    43200 -2.1796591174E+09  3.2756275461E+10
    43300 -2.1710204665E+09  3.2730521057E+10
    43400 -2.1745801538E+09  3.2729425688E+10
    43500 -2.1804277546E+09  3.2748760775E+10
    43600 -2.1802045162E+09  3.2718648884E+10
    43700 -2.1892101801E+09  3.2700072647E+10
    43800 -2.1855918769E+09  3.2726245965E+10
    43900 -2.1857279163E+09  3.2726703699E+10
    44000 -2.1799013585E+09  3.2720674706E+10
    44100 -2.1812886753E+09  3.2691349243E+10
    44200 -2.1716466002E+09  3.2682480278E+10
    44300 -2.1829781088E+09  3.2678326031E+10
    44400 -2.1783649841E+09  3.2704085378E+10
    44500 -2.1743900490E+09  3.2684978927E+10
    44600 -2.1801061349E+09  3.2671771969E+10
    44700 -2.1819733517E+09  3.2678170885E+10
    44800 -2.1811937143E+09  3.2672320784E+10
    44900 -2.1809824625E+09  3.2718480647E+10
    45000 -2.1657906324E+09  3.2708156981E+10
    45100 -2.1736660515E+09  3.2700444764E+10
    45200 -2.1723184061E+09  3.2700472953E+10
    45300 -2.1773170200E+09  3.2686997297E+10
    45400 -2.1808927348E+09  3.2710170220E+10
    45500 -2.1796373119E+09  3.2685164873E+10
    45600 -2.1782246182E+09  3.2668788668E+10
    45700 -2.1637597831E+09  3.2670086200E+10
    45800 -2.1745407196E+09  3.2717243896E+10
    45900 -2.1770407832E+09  3.2710858196E+10
    46000 -2.1803755589E+09  3.2714557295E+10
    46100 -2.1815028232E+09  3.2718013205E+10
    46200 -2.1903279633E+09  3.2720591635E+10
    46300 -2.1867226027E+09  3.2733431117E+10
    46400 -2.1839193538E+09  3.2694802694E+10
    46500 -2.1718865702E+09  3.2694562261E+10
    46600 -2.1737292662E+09  3.2646904192E+10
    46700 -2.1724614904E+09  3.2627584150E+10
    46800 -2.1714135725E+09  3.2621053173E+10
    46900 -2.1708949247E+09  3.2648691589E+10
    47000 -2.1732878207E+09  3.2679421811E+10
    47100 -2.1784101563E+09  3.2720896831E+10
    47200 -2.1807660147E+09  3.2733730010E+10
    47300 -2.1793103990E+09  3.2729757548E+10
    47400 -2.1700371256E+09  3.2727054433E+10
    47500 -2.1802645570E+09  3.2747867371E+10
    47600 -2.1802359970E+09  3.2708912714E+10
    47700 -2.1793372915E+09  3.2712724165E+10
    47800 -2.1797466026E+09  3.2735304942E+10
    47900 -2.1825847409E+09  3.2724792216E+10
    48000 -2.1795352159E+09  3.2716347633E+10
    48100 -2.1831575479E+09  3.2721160713E+10
    48200 -2.1781523393E+09  3.2737511018E+10
    48300 -2.1745879151E+09  3.2756610763E+10
    48400 -2.1746461349E+09  3.2742505742E+10
    48500 -2.1791923363E+09  3.2767460714E+10
    48600 -2.1896114980E+09  3.2774623420E+10
    48700 -2.1781935539E+09  3.2733721494E+10
    48800 -2.1759165545E+09  3.2740185943E+10
    48900 -2.1754710278E+09  3.2706211649E+10
    49000 -2.1794859296E+09  3.2673254968E+10
    49100 -2.1785444755E+09  3.2709184851E+10
    49200 -2.1800220222E+09  3.2741765403E+10
    49300 -2.1766307765E+09  3.2732041676E+10
    49400 -2.1860710907E+09  3.2714213957E+10
    49500 -2.1828673351E+09  3.2727644846E+10
    49600 -2.1875455196E+09  3.2719999996E+10
    49700 -2.1783858470E+09  3.2671307160E+10
    49800 -2.1826503055E+09  3.2648639491E+10
    49900 -2.1739168724E+09  3.2694850749E+10
    50000 -2.1753898797E+09  3.2692178309E+10
    50100 -2.1859117191E+09  3.2701961496E+10
    50200 -2.1820900655E+09  3.2646432977E+10
    50300 -2.1787275311E+09  3.2674847232E+10
    50400 -2.1757352262E+09  3.2734320382E+10
    50500 -2.1778845539E+09  3.2736836892E+10
    50600 -2.1770754943E+09  3.2736159188E+10
    50700 -2.1800969503E+09  3.2687005123E+10
    50800 -2.1800743077E+09  3.2702635428E+10
    50900 -2.1757222252E+09  3.2691841845E+10
    51000 -2.1759824097E+09  3.2696027301E+10
    51100 -2.1720960644E+09  3.2698387874E+10
    51200 -2.1680971834E+09  3.2672032233E+10
    51300 -2.1707880635E+09  3.2689215060E+10
    51400 -2.1835556827E+09  3.2687085140E+10
    51500 -2.1743647277E+09  3.2686925419E+10
    51600 -2.1723972257E+09  3.2680604359E+10
    51700 -2.1712140617E+09  3.2668845597E+10
    51800 -2.1732820208E+09  3.2696316118E+10
    51900 -2.1754311616E+09  3.2684408101E+10
    52000 -2.1767229444E+09  3.2695617757E+10
    52100 -2.1817306669E+09  3.2689744504E+10
    52200 -2.1808821038E+09  3.2695851479E+10
    52300 -2.1743951439E+09  3.2695396097E+10
    52400 -2.1799209119E+09  3.2717715285E+10
    52500 -2.1893210256E+09  3.2753925278E+10
    52600 -2.1799152485E+09  3.2731317177E+10
    52700 -2.1791008098E+09  3.2732233694E+10
    52800 -2.1805439494E+09  3.2703617503E+10
    52900 -2.1710971488E+09  3.2711124468E+10
    53000 -2.1764970123E+09  3.2733209815E+10
    53100 -2.1821519323E+09  3.2718912002E+10
    53200 -2.1793579925E+09  3.2697938768E+10
    53300 -2.1738390134E+09  3.2695298504E+10
    53400 -2.1848925974E+09  3.2727353692E+10
    53500 -2.1773123956E+09  3.2734871090E+10
    53600 -2.1773675948E+09  3.2748272536E+10
    53700 -2.1829753832E+09  3.2748749985E+10
    53800 -2.1892268498E+09  3.2759445066E+10
    53900 -2.1875373503E+09  3.2736000838E+10
    54000 -2.1799772095E+09  3.2727513523E+10
    54100 -2.1784555414E+09  3.2700901563E+10
    54200 -2.1780845348E+09  3.2693160284E+10
    54300 -2.1789545419E+09  3.2716372901E+10
    54400 -2.1698543861E+09  3.2675771808E+10
    54500 -2.1767199856E+09  3.2666464520E+10
    54600 -2.1794586936E+09  3.2697019526E+10
    54700 -2.1802081735E+09  3.2733908026E+10
    54800 -2.1797093389E+09  3.2755737974E+10
    54900 -2.1826735707E+09  3.2736310456E+10
    55000 -2.1780661379E+09  3.2758613249E+10
