 ######
    20100 -2.9928483404E+09  1.4823078787E+13
    20200 -2.9798793007E+09  7.3704499234E+10
    20300 -2.9846686586E+09  7.3750460933E+10
    20400 -2.9999976886E+09  7.8456681374E+10
    20500 -3.0609358736E+09  7.8445003528E+10
    20600 -3.1059317035E+09  7.8516890141E+10
    20700 -3.1299494829E+09  7.8587605445E+10
    20800 -3.1434100924E+09  7.8479624255E+10
    20900 -3.1576494471E+09  7.8528818242E+10
    21000 -3.1661990297E+09  7.8636058467E+10
    21100 -3.1708828941E+09  7.8709957066E+10
    21200 -3.1777060120E+09  7.8719202302E+10
    21300 -3.1759212238E+09  7.8575206841E+10
    21400 -3.1728915639E+09  7.8433528942E+10
    21500 -3.1783652312E+09  7.8485423904E+10
    21600 -3.1760117818E+09  7.8446978030E+10
    21700 -3.1789138063E+09  7.8470274248E+10
    21800 -3.1801500114E+09  7.8467274169E+10
    21900 -3.1878405751E+09  7.8546318988E+10
    22000 -3.1820198470E+09  7.8478510175E+10
    22100 -3.1784830620E+09  7.8470601402E+10
    22200 -3.1873723349E+09  7.8580698932E+10
    22300 -3.1853703037E+09  7.8609839517E+10
    22400 -3.1831540155E+09  7.8684652018E+10
    22500 -3.1911497924E+09  7.8809756028E+10
    22600 -3.1924420739E+09  7.8733037039E+10
    22700 -3.1915993559E+09  7.8598455948E+10
    22800 -3.1881038950E+09  7.8664818273E+10
    22900 -3.1899458480E+09  7.8628037402E+10
    23000 -3.1890393256E+09  7.8603437182E+10
    23100 -3.1833831081E+09  7.8541661700E+10
    23200 -3.1901291450E+09  7.8596895840E+10
    23300 -3.1897350000E+09  7.8670251261E+10
    23400 -3.1952422815E+09  8.0958374070E+10
    23500 -3.2244187924E+09  8.0937951507E+10
    23600 -3.2480572911E+09  8.1011099119E+10
    23700 -3.2570189480E+09  8.0960928487E+10
    23800 -3.2672624960E+09  8.0968721078E+10
    23900 -3.2749216140E+09  8.0923806652E+10
    24000 -3.2727425547E+09  8.0834103677E+10
    24100 -3.2701791110E+09  8.0791775229E+10
    24200 -3.2676347443E+09  8.0821507559E+10
    24300 -3.2763563741E+09  8.0812597663E+10
    24400 -3.2692590191E+09  8.0610919195E+10
    24500 -3.2661771865E+09  8.0607167473E+10
    24600 -3.2640824465E+09  8.0643669140E+10
    24700 -3.2661990384E+09  8.0692040036E+10
    24800 -3.2706920911E+09  8.0766424641E+10
    24900 -3.2745204669E+09  8.0861280069E+10
    25000 -3.2779370651E+09  8.0904121730E+10
    25100 -3.2731609724E+09  8.0716584493E+10
    25200 -3.2689743437E+09  8.0750079838E+10
    25300 -3.2701412244E+09  8.0770488118E+10
    25400 -3.2755555042E+09  8.0773735280E+10
    25500 -3.2756742035E+09  8.0899330637E+10
    25600 -3.2806212447E+09  8.1005511124E+10
    25700 -3.2761581766E+09  8.0971042972E+10
    25800 -3.2758705683E+09  8.0958934216E+10
    25900 -3.2792047094E+09  8.0940298617E+10
    26000 -3.2759740076E+09  8.0923688272E+10
    26100 -3.2798866541E+09  8.0894050224E+10
    26200 -3.2799395967E+09  8.0915467071E+10
    26300 -3.2763295612E+09  8.0912525528E+10
    26400 -2.4564852858E+09  8.0920475359E+10
    26500 -3.2764744020E+09  8.0893841048E+10
    26600 -3.2752414610E+09  8.0884170712E+10
    26700 -3.2792252694E+09  8.1011378915E+10
    26800 -3.2826311803E+09  8.1077663595E+10
    26900 -3.2831315073E+09  8.1019424724E+10
    27000 -3.2791753695E+09  8.0952188287E+10
    27100 -3.2795555574E+09  8.0985158745E+10
    27200 -3.2786246305E+09  8.0974516093E+10
    27300 -3.2796008608E+09  8.0991774148E+10
    27400 -3.2791750201E+09  8.0987379429E+10
    27500 -3.2783445969E+09  8.0952303302E+10
    27600 -3.2808225259E+09  8.1054216754E+10
    27700 -3.2824964123E+09  8.1077723412E+10
    27800 -3.2778448460E+09  8.0946442859E+10
    27900 -3.2758970187E+09  8.0968575289E+10
    28000 -3.2757573702E+09  8.0998934838E+10
    28100 -3.2788272722E+09  8.0978938846E+10
    28200 -3.2782878277E+09  8.0997536410E+10
    28300 -3.2777376188E+09  8.1047051065E+10
    28400 -3.2797616977E+09  8.1044919046E+10
    28500 -3.2816498859E+09  8.1075624266E+10
    28600 -3.2845547568E+09  8.1138679244E+10
    28700 -3.2876310782E+09  8.1178781358E+10
    28800 -3.2814296359E+09  8.1106485291E+10
    28900 -3.2827693501E+09  8.0991875359E+10
    29000 -3.2808050513E+09  8.0995375980E+10
    29100 -3.2817299541E+09  8.1048674546E+10
    29200 -3.2766332920E+09  8.0987576304E+10
    29300 -3.2810462275E+09  8.1043434673E+10
    29400 -3.2845443659E+09  8.1071588503E+10
    29500 -3.2829569501E+09  8.1049204018E+10
    29600 -3.2844935864E+09  8.1016436457E+10
    29700 -3.2813315780E+09  8.0995764400E+10
    29800 -3.2805806951E+09  8.1043977395E+10
    29900 -3.2849307777E+09  8.1180036466E+10
    30000 -3.2826962897E+09  8.0994158698E+10
    30100 -3.2810836857E+09  8.0941860088E+10
    30200 -3.2769540473E+09  8.0925230015E+10
    30300 -3.2767441832E+09  8.0884591130E+10
    30400 -3.2768136760E+09  8.0890608918E+10
    30500 -3.2806645450E+09  8.0961560190E+10
    30600 -3.2779657298E+09  8.1016826479E+10
    30700 -3.2822464241E+09  8.1101684004E+10
    30800 -3.2823849873E+09  8.1029795424E+10
    30900 -3.2834200681E+09  8.1073889533E+10
    31000 -3.2848383539E+09  8.1121144117E+10
    31100 -3.2840627430E+09  8.1129716770E+10
    31200 -3.2831703565E+09  8.1030701785E+10
    31300 -3.2809653602E+09  8.1017299358E+10
    31400 -3.2786242359E+09  8.1014090949E+10
    31500 -3.2793329659E+09  8.0980174420E+10
    31600 -3.2786650042E+09  8.1019103641E+10
    31700 -3.2773280538E+09  8.0924151144E+10
    31800 -3.2761384727E+09  8.0907399605E+10
    31900 -3.2798493646E+09  8.0984099484E+10
    32000 -3.2775953489E+09  8.0999281839E+10
    32100 -3.2791935976E+09  8.0988093602E+10
    32200 -3.2790405532E+09  8.0995581200E+10
    32300 -3.2773518920E+09  8.0881589737E+10
    32400 -3.2754042417E+09  8.0848601947E+10
    32500 -3.2768040464E+09  8.0914282813E+10
    32600 -3.2793514955E+09  8.1015228890E+10
    32700 -3.2829745658E+09  8.1017847501E+10
    32800 -3.2821306821E+09  8.1083197018E+10
    32900 -3.2827608012E+09  8.1136235715E+10
    33000 -3.2831221505E+09  8.1095914409E+10
    33100 -3.2831044278E+09  8.1015937260E+10
    33200 -3.2822814828E+09  8.1054329190E+10
    33300 -3.2809705476E+09  8.0984481466E+10
    33400 -3.2788599165E+09  8.0874382992E+10
    33500 -3.2780298897E+09  8.0881467569E+10
    33600 -3.2809991412E+09  8.0953184604E+10
    33700 -3.2824671594E+09  8.0986878514E+10
    33800 -3.2841282256E+09  8.1015974916E+10
    33900 -3.2833531225E+09  8.1055246279E+10
    34000 -3.2810642450E+09  8.1074016382E+10
    34100 -3.2845917660E+09  8.1119601209E+10
    34200 -3.2854740427E+09  8.1145946056E+10
    34300 -3.2890936654E+09  8.1246767648E+10
    34400 -3.2879968469E+09  8.1162975209E+10
    34500 -3.2830686246E+09  8.1046035702E+10
    34600 -3.2859909257E+09  8.1084306416E+10
    34700 -3.2821845658E+09  8.1011335772E+10
    34800 -3.2828190573E+09  8.0980958306E+10
    34900 -3.2820816615E+09  8.1040807855E+10
    35000 -3.2815635944E+09  8.0974239809E+10
    35100 -3.2811000910E+09  8.0994149472E+10
    35200 -3.2848154807E+09  8.1091393294E+10
    35300 -3.2868090859E+09  8.1075759779E+10
    35400 -3.2818113139E+09  8.1059750025E+10
    35500 -3.2841319625E+09  8.1113580624E+10
    35600 -3.2814841769E+09  8.1108200794E+10
    35700 -3.2870744562E+09  8.1176656815E+10
    35800 -3.2856693377E+09  8.1110121332E+10
    35900 -3.2868587047E+09  8.1049102305E+10
    36000 -3.2881605100E+09  8.1092834146E+10
    36100 -3.2858513025E+09  8.1022227493E+10
    36200 -3.2797228707E+09  8.0896008748E+10
    36300 -3.2794427882E+09  8.0920620184E+10
    36400 -3.2785589050E+09  8.0941597153E+10
    36500 -3.2755004754E+09  8.0863836702E+10
    36600 -3.2782716601E+09  8.0875335994E+10
    36700 -3.2763517596E+09  8.0961275671E+10
    36800 -3.2767054304E+09  8.0966741256E+10
    36900 -3.2795891972E+09  8.1011963829E+10
    37000 -3.2815768202E+09  8.1135786255E+10
    37100 -3.2808425644E+09  8.1026372330E+10
    37200 -3.2793631317E+09  8.0938850125E+10
    37300 -3.2818194390E+09  8.1002871554E+10
    37400 -3.2822635802E+09  8.0994267378E+10
    37500 -3.2818514072E+09  8.1018522723E+10
    37600 -3.2813067665E+09  8.0974989745E+10
    37700 -3.2793522653E+09  8.0984440011E+10
    37800 -3.2779833777E+09  8.0955673026E+10
    37900 -3.2748706131E+09  8.0862643929E+10
    38000 -3.2744421298E+09  8.0841217981E+10
    38100 -3.2768221042E+09  8.0968922415E+10
    38200 -3.2781047758E+09  8.1035024739E+10
    38300 -3.2803950622E+09  8.1045382100E+10
    38400 -3.2814864882E+09  8.1095374621E+10
    38500 -3.2834137839E+09  8.1042433554E+10
    38600 -3.2860977452E+09  8.1004651081E+10
    38700 -3.2861093244E+09  8.1096157584E+10
    38800 -3.2893694397E+09  8.1140938378E+10
    38900 -3.2858889943E+09  8.1039021063E+10
    39000 -3.2829194076E+09  8.0950156317E+10
    39100 -3.2783021473E+09  8.0847922037E+10
    39200 -3.2790831761E+09  8.0805994304E+10
    39300 -3.2767343243E+09  8.0887562573E+10
    39400 -3.2791666348E+09  8.0961928017E+10
    39500 -3.2779099633E+09  8.0997058820E+10
    39600 -3.2776628615E+09  8.0999788546E+10
    39700 -3.2794324802E+09  8.0997453820E+10
    39800 -3.2785217107E+09  8.0974815239E+10
    39900 -3.2762516185E+09  8.0869117262E+10
    40000 -3.2790076471E+09  8.0908036808E+10
    40100 -3.2815130011E+09  8.0984781280E+10
    40200 -3.2844784395E+09  8.1068509160E+10
    40300 -3.2879821995E+09  8.1141284485E+10
    40400 -3.2868092750E+09  8.1139289998E+10
    40500 -3.2856966962E+09  8.1120782777E+10
    40600 -3.2879100118E+09  8.1079170500E+10
    40700 -3.2850979579E+09  8.1005186629E+10
    40800 -3.2862771106E+09  8.1020984872E+10
    40900 -3.2839475773E+09  8.1012118752E+10
    41000 -3.2802904247E+09  8.1013739034E+10
    41100 -3.2825513912E+09  8.1000233940E+10
    41200 -3.2808394596E+09  8.0976599111E+10
    41300 -3.2796653907E+09  8.0965679358E+10
    41400 -3.2797183458E+09  8.0919627799E+10
    41500 -3.2801833537E+09  8.0907006297E+10
    41600 -3.2794195467E+09  8.0918219831E+10
    41700 -3.2797387592E+09  8.0877237404E+10
    41800 -3.2789308069E+09  8.0935228467E+10
    41900 -3.2836571988E+09  8.0962795493E+10
    42000 -3.2797362210E+09  8.0940539618E+10
    42100 -3.2815057300E+09  8.0990380310E+10
    42200 -3.2806257810E+09  8.1033947498E+10
    42300 -3.2776080670E+09  8.1005760263E+10
    42400 -3.2810323030E+09  8.1069873100E+10
    42500 -3.2810266120E+09  8.0964498141E+10
    42600 -3.2766444324E+09  8.0888727499E+10
    42700 -3.2791315818E+09  8.0843646509E+10
    42800 -3.2732636634E+09  8.0788244527E+10
    42900 -3.2746218943E+09  8.0776057084E+10
    43000 -3.2737093485E+09  8.0788127432E+10
    43100 -3.2765968110E+09  8.0890042420E+10
    43200 -3.2749925586E+09  8.0889043133E+10
    43300 -3.2802775213E+09  8.0908247548E+10
    43400 -3.2779762917E+09  8.0863639606E+10
    43500 -3.2765624329E+09  8.0913096616E+10
    43600 -3.2777169795E+09  8.0922909795E+10
    43700 -3.2770989453E+09  8.0902621723E+10
    43800 -3.2755190543E+09  8.0905017556E+10
    43900 -3.2745100669E+09  8.0861608636E+10
    44000 -3.2782634317E+09  8.0943007901E+10
    44100 -3.2803489529E+09  8.1003594970E+10
    44200 -3.2804634196E+09  8.0942947305E+10
    44300 -3.2786005659E+09  8.0860357516E+10
    44400 -3.2771983434E+09  8.0843677901E+10
    44500 -3.2728508580E+09  8.0826254468E+10
    44600 -3.2752038786E+09  8.0916586771E+10
    44700 -3.2767931420E+09  8.0994681690E+10
    44800 -3.2805940404E+09  8.0975539278E+10
    44900 -3.2805755594E+09  8.0980014025E+10
    45000 -3.2790229400E+09  8.1006557504E+10
    45100 -3.2788278151E+09  8.0980819813E+10
    45200 -3.2808194444E+09  8.1025999220E+10
    45300 -3.2838772401E+09  8.1081326267E+10
    45400 -3.2801122259E+09  8.0929418268E+10
    45500 -3.2788991114E+09  8.0945489337E+10
    45600 -3.2793748773E+09  8.0970796510E+10
    45700 -3.2782506851E+09  8.0947305590E+10
    45800 -3.2763940833E+09  8.0935124192E+10
    45900 -3.2784653889E+09  8.0885367106E+10
    46000 -3.2783223046E+09  8.0924228712E+10
    46100 -3.2746233708E+09  8.0872094654E+10
    46200 -3.2779386691E+09  8.0903191084E+10
    46300 -3.2775026056E+09  8.0947544211E+10
    46400 -3.2785170610E+09  8.0989239922E+10
    46500 -3.2792608145E+09  8.0976859467E+10
    46600 -3.2770072236E+09  8.0884245900E+10
    46700 -3.2767590676E+09  8.0820698219E+10
    46800 -3.2740620532E+09  8.0865663059E+10
    46900 -3.2749081951E+09  8.0844988531E+10
    47000 -3.2764783399E+09  8.0854731182E+10
    47100 -3.2786989164E+09  8.0891006209E+10
    47200 -3.2739996782E+09  8.0865929013E+10
    47300 -3.2730569944E+09  8.0807723779E+10
    47400 -3.2748224607E+09  8.0849947771E+10
    47500 -3.2742463829E+09  8.0827886042E+10
    47600 -3.2762057881E+09  8.0859604412E+10
    47700 -3.2786415155E+09  8.0916916451E+10
    47800 -3.2782236846E+09  8.0900793128E+10
    47900 -3.2785108680E+09  8.0856756608E+10
    48000 -3.2807800017E+09  8.0943048440E+10
    48100 -3.2829433948E+09  8.0989442372E+10
    48200 -3.2842670059E+09  8.1045422689E+10
    48300 -3.2837496933E+09  8.1097367786E+10
    48400 -3.2837942032E+09  8.1146802298E+10
    48500 -3.2864893675E+09  8.1081299434E+10
    48600 -3.2846571592E+09  8.1040116659E+10
    48700 -3.2853022422E+09  8.1109892958E+10
    48800 -3.2833506974E+09  8.1091132958E+10
    48900 -3.2829941415E+09  8.1000612652E+10
    49000 -3.2745036142E+09  8.0837286904E+10
    49100 -3.2735837831E+09  8.0764562711E+10
    49200 -3.2758457899E+09  8.0852452336E+10
    49300 -3.2778185774E+09  8.0940601120E+10
    49400 -3.2799072681E+09  8.1029064561E+10
    49500 -3.2783844449E+09  8.0996189387E+10
    49600 -3.2753303636E+09  8.0972283130E+10
    49700 -3.2799411540E+09  8.0954032527E+10
    49800 -3.2777642542E+09  8.0947981474E+10
    49900 -3.2770953319E+09  8.0917698984E+10
    50000 -3.2765817578E+09  8.0862582056E+10
    50100 -3.2763412293E+09  8.0869631347E+10
    50200 -3.2772544086E+09  8.0925350883E+10
    50300 -3.2769698795E+09  8.0928478906E+10
    50400 -3.2750685836E+09  8.0836563090E+10
    50500 -3.2730570269E+09  8.0808017161E+10
    50600 -3.2758634258E+09  8.0798454309E+10
    50700 -3.2744952726E+09  8.0839113607E+10
    50800 -3.2751697412E+09  8.0939586807E+10
    50900 -3.2788243451E+09  8.1053243275E+10
    51000 -3.2778090122E+09  8.0930985906E+10
    51100 -3.2752242190E+09  8.0919687651E+10
    51200 -3.2797852873E+09  8.1014620662E+10
    51300 -3.2806568387E+09  8.0939977723E+10
    51400 -3.2773310658E+09  8.0958178092E+10
    51500 -3.2771910062E+09  8.0899829491E+10
    51600 -3.2775483604E+09  8.0987239932E+10
    51700 -3.2820864354E+09  8.1023846537E+10
    51800 -3.2827033114E+09  8.1072408372E+10
    51900 -3.2829792553E+09  8.1053737028E+10
    52000 -3.2823314530E+09  8.1023215035E+10
    52100 -3.2836955998E+09  8.1050401960E+10
    52200 -3.2806492199E+09  8.0951950645E+10
    52300 -3.2806452226E+09  8.0954088442E+10
    52400 -3.2809169425E+09  8.1059069843E+10
    52500 -3.2823278210E+09  8.1166149772E+10
    52600 -3.2854986411E+09  8.1225539041E+10
    52700 -3.2877723083E+09  8.1160529224E+10
    52800 -3.2834002668E+09  8.1066053253E+10
    52900 -3.2845586980E+09  8.1008161743E+10
    53000 -3.2786314358E+09  8.0916205760E+10
    53100 -3.2804685947E+09  8.0983878721E+10
    53200 -3.2775351010E+09  8.1000235639E+10
    53300 -3.2798801582E+09  8.1002562236E+10
    53400 -3.2820041224E+09  8.1075052183E+10
    53500 -3.2808053809E+09  8.1012458294E+10
    53600 -3.2830261268E+09  8.1046502342E+10
    53700 -3.2798463821E+09  8.0988765503E+10
    53800 -3.2766880962E+09  8.0956069736E+10
    53900 -3.2786382890E+09  8.1070858701E+10
    54000 -3.2837216852E+09  8.1152315799E+10
    54100 -3.2849977884E+09  8.1133258635E+10
    54200 -3.2842055230E+09  8.1028217153E+10
    54300 -3.2812822141E+09  8.0965948961E+10
    54400 -3.2819103243E+09  8.0999005635E+10
    54500 -3.2771336543E+09  8.0951523303E+10
    54600 -3.2777531899E+09  8.0912457282E+10
    54700 -3.2746172171E+09  8.0911955301E+10
    54800 -3.2806313483E+09  8.0968248573E+10
    54900 -3.2802871128E+09  8.0959512633E+10
    55000 -3.2827619886E+09  8.0982640671E+10
    55100 -3.2834755330E+09  8.1075386774E+10
    55200 -3.2836397520E+09  8.1047400152E+10
    55300 -3.2827461554E+09  8.1034117011E+10
    55400 -3.2836736658E+09  8.1010342021E+10
    55500 -3.2837390172E+09  8.0981655122E+10
    55600 -3.2815411221E+09  8.0998565852E+10
    55700 -3.2843989285E+09  8.0997358203E+10
    55800 -3.2815411485E+09  8.0975023112E+10
    55900 -3.2815262483E+09  8.0982551050E+10
    56000 -3.2809336402E+09  8.0926659885E+10
    56100 -3.2800126184E+09  8.0922852005E+10
    56200 -3.2772241107E+09  8.0900602641E+10
    56300 -3.2787553066E+09  8.0965913012E+10
    56400 -3.2777361155E+09  8.0964199774E+10
    56500 -3.2805292154E+09  8.1042176952E+10
    56600 -3.2831924032E+09  8.1081323758E+10
    56700 -3.2862037477E+09  8.1146848057E+10
    56800 -3.2843998255E+09  8.1058431454E+10
    56900 -3.2848062177E+09  8.1020338163E+10
    57000 -3.2833552833E+09  8.1022958004E+10
    57100 -3.2820037546E+09  8.0948948268E+10
    57200 -3.2804884896E+09  8.0939425764E+10
    57300 -3.2773939101E+09  8.0913124968E+10
    57400 -3.2773072176E+09  8.0935508207E+10
    57500 -3.2802645347E+09  8.0985200319E+10
    57600 -3.2832112340E+09  8.0985431302E+10
    57700 -3.2825609847E+09  8.1099956861E+10
    57800 -3.2878053057E+09  8.1075521941E+10
    57900 -3.2845126679E+09  8.0977374102E+10
    58000 -3.2819663149E+09  8.0990784636E+10
    58100 -3.2782235802E+09  8.0915321756E+10
    58200 -3.2817415256E+09  8.1016825659E+10
    58300 -3.2831321329E+09  8.1087773472E+10
    58400 -3.2848540936E+09  8.1069986971E+10
    58500 -3.2858527806E+09  8.1075070808E+10
