 ######
    20100 -2.5266274296E+09  1.4740604027E+13
    20200 -2.5278536449E+09  7.3554272536E+10
    20300 -2.5234079928E+09  7.3474522540E+10
    20400 -2.5249042159E+09  7.3381061269E+10
    20500 -2.5156055369E+09  7.3446821644E+10
    20600 -2.5155010382E+09  7.3390287610E+10
    20700 -2.5152752723E+09  7.3385300972E+10
    20800 -2.5174499641E+09  7.3356504454E+10
    20900 -2.5162579028E+09  7.3385033170E+10
    21000 -2.5232510051E+09  7.3505154964E+10
    21100 -2.5202612453E+09  7.3349335878E+10
    21200 -2.5224432696E+09  7.3419803500E+10
    21300 -2.5217998174E+09  7.3439759862E+10
    21400 -2.5216262887E+09  7.3435684611E+10
    21500 -2.5195662881E+09  7.3364795025E+10
    21600 -2.5157001695E+09  7.3331936317E+10
    21700 -2.5148186154E+09  7.3254007333E+10
    21800 -2.5097252456E+09  7.3250367298E+10
    21900 -2.5133620454E+09  7.3279699390E+10
    22000 -2.5268081881E+09  7.6877060970E+10
    22100 -2.5680995033E+09  7.6989944044E+10
    22200 -2.5893605259E+09  7.6997170566E+10
    22300 -2.6114222875E+09  7.6979500209E+10
    22400 -2.6203254854E+09  7.6952606811E+10
    22500 -2.6226156348E+09  7.6900809330E+10
    22600 -2.6260500370E+09  7.6911657778E+10
    22700 -2.6297304199E+09  7.6887046073E+10
    22800 -2.6306959024E+09  7.6893329231E+10
    22900 -2.6369521272E+09  7.6841130092E+10
    23000 -2.6415619540E+09  7.6923659363E+10
    23100 -2.6368434885E+09  7.6883108873E+10
    23200 -2.6391123575E+09  7.6992713552E+10
    23300 -2.6396091615E+09  7.6999612280E+10
    23400 -2.6430922604E+09  7.7016538527E+10
    23500 -2.6373417875E+09  7.6998575931E+10
    23600 -2.6442504649E+09  7.7052973502E+10
    23700 -2.6467998772E+09  7.7118208001E+10
    23800 -2.6477301841E+09  7.7052127761E+10
    23900 -2.6438621553E+09  7.6975077731E+10
    24000 -2.6396489331E+09  7.6952858421E+10
    24100 -2.6406768412E+09  7.6923062600E+10
    24200 -2.6439843394E+09  7.7037727400E+10
    24300 -2.6419225838E+09  7.7068925227E+10
    24400 -2.6427613046E+09  7.7069432107E+10
    24500 -2.6429526682E+09  7.6973542923E+10
    24600 -2.6405402255E+09  7.6963642484E+10
    24700 -2.6410577040E+09  7.6922100086E+10
    24800 -2.6400481151E+09  7.6944937349E+10
    24900 -2.6436242234E+09  7.7008611710E+10
    25000 -1.9242024848E+09  7.6987552622E+10
    25100 -2.6437610996E+09  7.6950362351E+10
    25200 -2.6467153937E+09  7.6987936582E+10
    25300 -2.6441551113E+09  7.6887261803E+10
    25400 -2.6429893237E+09  7.6785213229E+10
    25500 -2.6427679395E+09  7.6834265923E+10
    25600 -2.6362964797E+09  7.6762093240E+10
    25700 -2.6346864397E+09  7.6823897783E+10
    25800 -2.6347731761E+09  7.6809342247E+10
    25900 -2.6378238056E+09  7.6836815692E+10
    26000 -2.6359250398E+09  7.6794894346E+10
    26100 -2.6387953570E+09  7.6910149848E+10
    26200 -2.6367247249E+09  7.6927652289E+10
    26300 -2.6355086956E+09  7.6875149222E+10
    26400 -2.6347126863E+09  7.6815990083E+10
    26500 -2.6356977415E+09  7.6793078355E+10
    26600 -2.6356426568E+09  7.6813997107E+10
    26700 -2.6366564566E+09  7.6890578970E+10
    26800 -2.6372956550E+09  7.6936734869E+10
    26900 -2.6372421802E+09  7.6866639503E+10
    27000 -2.6374515085E+09  7.6906767181E+10
    27100 -2.6397731177E+09  7.6939373395E+10
    27200 -2.6365261587E+09  7.6869986402E+10
    27300 -2.6364272716E+09  7.6811035187E+10
    27400 -2.6363482261E+09  7.6789604645E+10
    27500 -2.6387030366E+09  7.6830044100E+10
    27600 -2.6396771286E+09  7.6840774865E+10
    27700 -2.6402196717E+09  7.6860671639E+10
    27800 -2.6417237456E+09  7.6823796066E+10
    27900 -2.6413050778E+09  7.6866470314E+10
    28000 -2.6417941482E+09  7.6891439552E+10
    28100 -2.6407042714E+09  7.6867069261E+10
    28200 -2.6408317542E+09  7.6826241145E+10
    28300 -2.6399624908E+09  7.6881366187E+10
    28400 -2.6411397547E+09  7.6870544313E+10
    28500 -2.6380708556E+09  7.6871127723E+10
    28600 -2.6371004676E+09  7.6883855631E+10
    28700 -2.6357260826E+09  7.6812731627E+10
    28800 -2.6350720421E+09  7.6858517203E+10
    28900 -2.6360225184E+09  7.6821273596E+10
    29000 -2.6348930348E+09  7.6910153301E+10
    29100 -2.6394841463E+09  7.6963020648E+10
    29200 -2.6410125241E+09  7.6914415449E+10
    29300 -2.6409703276E+09  7.6919108161E+10
    29400 -2.6426420910E+09  7.6995764090E+10
    29500 -2.6437820116E+09  7.7043273840E+10
    29600 -2.6433085412E+09  7.6969037081E+10
    29700 -2.6422105696E+09  7.6942856585E+10
    29800 -2.6434511328E+09  7.6941718164E+10
    29900 -2.6450119666E+09  7.6955488810E+10
    30000 -2.6442371426E+09  7.6972651190E+10
    30100 -2.6437599341E+09  7.6917987574E+10
    30200 -2.6449854609E+09  7.6884699545E+10
    30300 -2.6439674123E+09  7.6875245765E+10
    30400 -2.6386911204E+09  7.6855507185E+10
    30500 -2.6402786408E+09  7.6909474836E+10
    30600 -2.6409633424E+09  7.6957789150E+10
    30700 -2.6398531078E+09  7.6916329028E+10
    30800 -2.6389566051E+09  7.6921226018E+10
    30900 -2.6370493078E+09  7.6845758342E+10
    31000 -2.6351034993E+09  7.6823470571E+10
    31100 -2.6387294330E+09  7.6899161987E+10
    31200 -2.6380320602E+09  7.6810916567E+10
    31300 -2.6342860348E+09  7.6683088446E+10
    31400 -2.6318238688E+09  7.6747433187E+10
    31500 -2.6349172573E+09  7.6786193028E+10
    31600 -2.6361808841E+09  7.6808525483E+10
    31700 -2.6370720981E+09  7.6834082822E+10
    31800 -2.6394104265E+09  7.6916318923E+10
    31900 -2.6380602196E+09  7.6896312440E+10
    32000 -2.6378718543E+09  7.6823615747E+10
    32100 -2.6394301480E+09  7.6832719730E+10
    32200 -2.6389682490E+09  7.6777612569E+10
    32300 -2.6371312168E+09  7.6843586973E+10
    32400 -2.6416717671E+09  7.6940907641E+10
    32500 -2.6451193270E+09  7.7007612233E+10
    32600 -2.6429560455E+09  7.7042930827E+10
    32700 -2.6445748401E+09  7.6982115861E+10
    32800 -2.6448020675E+09  7.6974077550E+10
    32900 -2.6478123164E+09  7.7009408807E+10
    33000 -2.6467801882E+09  7.7031033307E+10
    33100 -2.6431379225E+09  7.6985319912E+10
    33200 -2.6428960813E+09  7.6938339889E+10
    33300 -2.6442212946E+09  7.6887636157E+10
    33400 -2.6428917523E+09  7.7022771394E+10
    33500 -2.6443794504E+09  7.6979621130E+10
    33600 -2.6419933767E+09  7.6926207060E+10
    33700 -2.6454572485E+09  7.7102282306E+10
    33800 -2.6471840954E+09  7.7154601560E+10
    33900 -2.6456173309E+09  7.7057739198E+10
    34000 -2.6456189984E+09  7.7092624802E+10
    34100 -2.6478525149E+09  7.7102833292E+10
    34200 -2.6475387768E+09  7.7048673225E+10
    34300 -2.6456030803E+09  7.7031784685E+10
    34400 -2.6463955098E+09  7.6991492406E+10
    34500 -2.6447341099E+09  7.6965546541E+10
    34600 -2.6454512498E+09  7.6973981803E+10
    34700 -2.6481168257E+09  7.6973919720E+10
    34800 -2.6449126255E+09  7.7007753952E+10
    34900 -2.6420912223E+09  7.6931950360E+10
    35000 -2.6426614360E+09  7.6904915576E+10
    35100 -2.6390782971E+09  7.6853872898E+10
    35200 -2.6384316087E+09  7.6771708238E+10
    35300 -2.6352045189E+09  7.6776125326E+10
    35400 -2.6362274381E+09  7.6770180070E+10
    35500 -2.6383940336E+09  7.6799590819E+10
    35600 -2.6389895433E+09  7.6799584767E+10
    35700 -2.6377060113E+09  7.6828192677E+10
    35800 -2.6395526295E+09  7.6840972384E+10
    35900 -2.6354763041E+09  7.6788542958E+10
    36000 -2.6323185392E+09  7.6720343782E+10
    36100 -2.6343613305E+09  7.6682885655E+10
    36200 -2.6322832653E+09  7.6749486464E+10
    36300 -2.6365267264E+09  7.6873013158E+10
    36400 -2.6377712253E+09  7.6913272160E+10
    36500 -2.6407661449E+09  7.6891768261E+10
    36600 -2.6403341450E+09  7.6896733880E+10
    36700 -2.6424981202E+09  7.6988037397E+10
    36800 -2.6426112559E+09  7.6980619452E+10
    36900 -2.6419506236E+09  7.6987028324E+10
    37000 -2.6409088669E+09  7.6876607961E+10
    37100 -2.6408860625E+09  7.6883538800E+10
    37200 -2.6406242317E+09  7.6883226067E+10
    37300 -2.6386907191E+09  7.6895462993E+10
    37400 -2.6412832250E+09  7.7023673231E+10
    37500 -2.6444184114E+09  7.7053046338E+10
    37600 -2.6472256134E+09  7.7060423044E+10
    37700 -2.6467256400E+09  7.6960283619E+10
    37800 -2.6432997840E+09  7.6983039102E+10
    37900 -2.6416939159E+09  7.6920551421E+10
    38000 -2.6394746626E+09  7.6885769778E+10
    38100 -2.6392010126E+09  7.6885171543E+10
    38200 -2.6399673680E+09  7.6881454781E+10
    38300 -2.6399367644E+09  7.6964965510E+10
    38400 -2.6393624133E+09  7.6913352593E+10
    38500 -2.6397745104E+09  7.6978689019E+10
    38600 -2.6401625583E+09  7.6935686063E+10
    38700 -2.6386457670E+09  7.6919854939E+10
    38800 -2.6355539139E+09  7.6873761217E+10
    38900 -2.6386356815E+09  7.6858925163E+10
    39000 -2.6368105143E+09  7.6849567245E+10
    39100 -2.6342244292E+09  7.6892981636E+10
    39200 -2.6349618231E+09  7.6850831640E+10
    39300 -2.6355560489E+09  7.6809893003E+10
    39400 -2.6356578634E+09  7.6832327929E+10
    39500 -2.6374541383E+09  7.6878221396E+10
    39600 -2.6408710155E+09  7.6926185212E+10
    39700 -2.6408315138E+09  7.6928907047E+10
    39800 -2.6391718423E+09  7.6859278964E+10
    39900 -2.6376140673E+09  7.6856848905E+10
    40000 -2.6398343822E+09  7.6954058066E+10
    40100 -2.6399282604E+09  7.6957939344E+10
    40200 -2.6350660054E+09  7.6869429612E+10
    40300 -2.6338566755E+09  7.6783260735E+10
    40400 -2.6327428313E+09  7.6749468506E+10
    40500 -2.6324557673E+09  7.6733719801E+10
    40600 -2.6340042900E+09  7.6737071435E+10
    40700 -2.6338002079E+09  7.6732869183E+10
    40800 -2.6348654151E+09  7.6795631858E+10
    40900 -2.6330390065E+09  7.6805660046E+10
    41000 -2.6351716297E+09  7.6872856871E+10
    41100 -2.6371761485E+09  7.6840413841E+10
    41200 -2.6339644885E+09  7.6760930958E+10
    41300 -2.6330505165E+09  7.6734826378E+10
    41400 -2.6335624586E+09  7.6766753148E+10
    41500 -2.6387549506E+09  7.6838788324E+10
    41600 -2.6409450086E+09  7.6904809095E+10
    41700 -2.6426436359E+09  7.6876640316E+10
    41800 -2.6382578828E+09  7.6839580003E+10
    41900 -2.6378917063E+09  7.6852966595E+10
    42000 -2.6372922561E+09  7.6862285917E+10
    42100 -2.6398145814E+09  7.6925347097E+10
    42200 -2.6389541275E+09  7.6905027935E+10
    42300 -2.6395640677E+09  7.6937727067E+10
    42400 -2.6416380972E+09  7.6981753286E+10
    42500 -2.6415766425E+09  7.6990006717E+10
    42600 -2.6394909175E+09  7.6957075639E+10
    42700 -2.6405839976E+09  7.6956770197E+10
    42800 -2.6424082151E+09  7.6967969213E+10
    42900 -2.6399152928E+09  7.6849492936E+10
    43000 -2.6405434053E+09  7.6898074780E+10
    43100 -2.6423563291E+09  7.6894845887E+10
    43200 -2.6449302409E+09  7.6939429444E+10
    43300 -2.6427666605E+09  7.6936152199E+10
    43400 -2.6423559407E+09  7.6927444804E+10
    43500 -2.6448461820E+09  7.7022777499E+10
    43600 -2.6466683683E+09  7.7095441920E+10
    43700 -2.6489451800E+09  7.7077349652E+10
    43800 -2.6502877381E+09  7.7073162164E+10
    43900 -2.6490013168E+09  7.7077142622E+10
    44000 -2.6452383397E+09  7.6978856520E+10
    44100 -2.6446243585E+09  7.6949042474E+10
    44200 -2.6436894761E+09  7.6859428249E+10
    44300 -2.6445565818E+09  7.6950500468E+10
    44400 -2.6421709802E+09  7.7018759052E+10
    44500 -2.6419069116E+09  7.6942688558E+10
    44600 -2.6423266368E+09  7.6920766013E+10
    44700 -2.6385397655E+09  7.6856199786E+10
    44800 -2.6381084859E+09  7.6896723421E+10
    44900 -2.6434134507E+09  7.6916080668E+10
    45000 -2.6407753113E+09  7.6897637854E+10
    45100 -2.6404301476E+09  7.6872759105E+10
    45200 -2.6404861765E+09  7.6949764878E+10
    45300 -2.6392891390E+09  7.7046036379E+10
    45400 -2.6373512958E+09  7.6926661346E+10
    45500 -2.6385103157E+09  7.6916677897E+10
    45600 -2.6376034090E+09  7.6887147605E+10
    45700 -2.6383612383E+09  7.6813612105E+10
    45800 -2.6367130325E+09  7.6791648169E+10
    45900 -2.6357913735E+09  7.6836241820E+10
    46000 -2.6352815144E+09  7.6793084694E+10
    46100 -2.6398782975E+09  7.6880214067E+10
    46200 -2.6359812834E+09  7.6836832051E+10
    46300 -2.6358461247E+09  7.6790235094E+10
    46400 -2.6366183155E+09  7.6834068003E+10
    46500 -2.6404083584E+09  7.6906579851E+10
    46600 -2.6404313694E+09  7.6956091615E+10
    46700 -2.6415387208E+09  7.6927128464E+10
    46800 -2.6382494271E+09  7.6816692912E+10
    46900 -2.6375387945E+09  7.6826410448E+10
    47000 -2.6395461265E+09  7.6884842862E+10
    47100 -2.6399314078E+09  7.6780187478E+10
    47200 -2.6404508622E+09  7.6832737000E+10
    47300 -2.6436943751E+09  7.6877280816E+10
    47400 -2.6406909359E+09  7.6811015113E+10
    47500 -2.6387060848E+09  7.6791667291E+10
    47600 -2.6377828952E+09  7.6806608952E+10
    47700 -2.6365094929E+09  7.6934146461E+10
    47800 -2.6405333766E+09  7.6974802391E+10
    47900 -2.6379194849E+09  7.6854493887E+10
    48000 -2.6391073958E+09  7.6804205834E+10
    48100 -2.6398235211E+09  7.6792663501E+10
    48200 -2.6387770245E+09  7.6876551226E+10
    48300 -2.6387661928E+09  7.6918073834E+10
    48400 -2.6376581919E+09  7.6885689396E+10
    48500 -2.6366566920E+09  7.6889180444E+10
    48600 -2.6383003169E+09  7.6794089399E+10
    48700 -2.6388636028E+09  7.6833166890E+10
    48800 -2.6382164168E+09  7.6867069046E+10
    48900 -2.6396217913E+09  7.6931229532E+10
    49000 -2.6395681367E+09  7.6935092649E+10
    49100 -2.6376472583E+09  7.6903001654E+10
    49200 -2.6407730849E+09  7.6948976416E+10
    49300 -2.6400336239E+09  7.6940796739E+10
    49400 -2.6446015417E+09  7.6826248845E+10
    49500 -2.6404467366E+09  7.6747868177E+10
    49600 -2.6357575583E+09  7.6727333956E+10
    49700 -2.6341181431E+09  7.6825653056E+10
    49800 -2.6351956418E+09  7.6837135119E+10
    49900 -2.6337418869E+09  7.6785549093E+10
    50000 -2.6364995769E+09  7.6779204856E+10
    50100 -2.6330153060E+09  7.6780360187E+10
    50200 -2.6335039954E+09  7.6751534930E+10
    50300 -2.6300252511E+09  7.6704951256E+10
    50400 -2.6328139429E+09  7.6743879942E+10
    50500 -2.6331127743E+09  7.6835232596E+10
    50600 -2.6363189965E+09  7.6919299684E+10
    50700 -2.6386942673E+09  7.7004948740E+10
    50800 -2.6377788841E+09  7.6957253103E+10
    50900 -2.6398669405E+09  7.6948109622E+10
    51000 -2.6425732781E+09  7.6961453211E+10
    51100 -2.6393459355E+09  7.6883227486E+10
    51200 -2.6433748737E+09  7.6997134471E+10
    51300 -2.6453941837E+09  7.7021169829E+10
    51400 -2.6446248991E+09  7.7060556248E+10
    51500 -2.6433747646E+09  7.7063950259E+10
    51600 -2.6429234206E+09  7.6979627586E+10
    51700 -2.6421521378E+09  7.6927685031E+10
    51800 -2.6410135798E+09  7.6949951427E+10
    51900 -2.6422304443E+09  7.6997866198E+10
    52000 -2.6386886676E+09  7.6889149914E+10
    52100 -2.6392975653E+09  7.6882778399E+10
    52200 -2.6368293873E+09  7.6834792685E+10
    52300 -2.6368764179E+09  7.6784262343E+10
    52400 -2.6349057687E+09  7.6747982718E+10
    52500 -2.6364525008E+09  7.6758386677E+10
    52600 -2.6366727743E+09  7.6786425424E+10
    52700 -2.6353116452E+09  7.6773438315E+10
    52800 -2.6360956275E+09  7.6819968697E+10
    52900 -2.6350443807E+09  7.6831685786E+10
    53000 -2.6386445690E+09  7.6854647759E+10
    53100 -2.6380717737E+09  7.6875735489E+10
    53200 -2.6417342403E+09  7.6867967252E+10
    53300 -2.6400696467E+09  7.6907591246E+10
    53400 -2.6390000651E+09  7.6824483372E+10
    53500 -2.6405961103E+09  7.6892804503E+10
    53600 -2.6390680402E+09  7.6860285488E+10
    53700 -2.6381267039E+09  7.6752351083E+10
    53800 -2.6314671268E+09  7.6706648486E+10
    53900 -2.6292679468E+09  7.6703197310E+10
    54000 -2.6340712739E+09  7.6720088151E+10
    54100 -2.6338194430E+09  7.6750774805E+10
    54200 -2.6359635779E+09  7.6829573391E+10
    54300 -2.6381397924E+09  7.6852374728E+10
    54400 -2.6386909686E+09  7.6815421984E+10
    54500 -2.6411368446E+09  7.6735496575E+10
    54600 -2.6378822609E+09  7.6791868590E+10
    54700 -2.6386674270E+09  7.6748435108E+10
    54800 -2.6368990611E+09  7.6784518852E+10
    54900 -2.6375256491E+09  7.6739520990E+10
    55000 -2.6355446211E+09  7.6761630225E+10
    55100 -2.6416706056E+09  7.6874366003E+10
    55200 -2.6408183525E+09  7.6874473855E+10
    55300 -2.6412792426E+09  7.6868286598E+10
    55400 -2.6439705023E+09  7.6925613942E+10
    55500 -2.6451056061E+09  7.6953536217E+10
    55600 -2.6433880530E+09  7.6975970132E+10
    55700 -2.6438086549E+09  7.7064236952E+10
    55800 -2.6441827679E+09  7.7106838125E+10
    55900 -2.6450233472E+09  7.7053222380E+10
    56000 -2.6433484666E+09  7.6970335342E+10
    56100 -2.6421699385E+09  7.6906086752E+10
    56200 -2.6415681113E+09  7.6869576896E+10
    56300 -2.6415906322E+09  7.6853980068E+10
    56400 -2.6441449546E+09  7.6928751363E+10
    56500 -2.6430740794E+09  7.6961107065E+10
    56600 -2.6416337111E+09  7.6975822798E+10
    56700 -2.6408772725E+09  7.6925169507E+10
    56800 -2.6379779876E+09  7.6906670171E+10
    56900 -2.6374716961E+09  7.6821158731E+10
    57000 -2.6367881621E+09  7.6767209456E+10
    57100 -2.6372789521E+09  7.6808128644E+10
    57200 -2.6368394769E+09  7.6802422056E+10
    57300 -2.6338196225E+09  7.6809304346E+10
    57400 -2.6360960197E+09  7.6769965847E+10
    57500 -2.6355253932E+09  7.6829162451E+10
    57600 -2.6342412064E+09  7.6936077060E+10
    57700 -2.6382775802E+09  7.6913800348E+10
    57800 -2.6385950573E+09  7.6858397321E+10
    57900 -2.6382357538E+09  7.6899701852E+10
    58000 -2.6438895770E+09  7.6935836419E+10
    58100 -2.6411562814E+09  7.6996890928E+10
    58200 -2.6450017612E+09  7.7051498018E+10
    58300 -2.6429101245E+09  7.6924044352E+10
    58400 -2.6420502290E+09  7.6866092004E+10
    58500 -2.6390993967E+09  7.6865049911E+10
    58600 -2.6372857428E+09  7.6904401991E+10
    58700 -2.6404642930E+09  7.6969600701E+10
    58800 -2.6408591749E+09  7.6910766191E+10
    58900 -2.6391188933E+09  7.6910691956E+10
    59000 -2.6369396595E+09  7.6858704930E+10
    59100 -2.6406784437E+09  7.6861947134E+10
    59200 -2.6369525086E+09  7.6773610898E+10
    59300 -2.6376197984E+09  7.6810835897E+10
    59400 -2.6363823558E+09  7.6817320699E+10
    59500 -2.6314236721E+09  7.6721144365E+10
    59600 -2.6330174273E+09  7.6762360624E+10
    59700 -2.6360536033E+09  7.6776650093E+10
    59800 -2.6358593628E+09  7.6876958698E+10
    59900 -2.6385783054E+09  7.6999692024E+10
    60000 -2.6385437611E+09  7.7019277291E+10
    60100 -2.6369122012E+09  7.6909981531E+10
    60200 -2.6357876359E+09  7.6855417359E+10
    60300 -2.6351396987E+09  7.6839814720E+10
    60400 -2.6361622271E+09  7.6887000706E+10
    60500 -2.6384832811E+09  7.6815157892E+10
    60600 -2.6380358967E+09  7.6824255088E+10
    60700 -2.6354180900E+09  7.6774076919E+10
    60800 -2.6371969555E+09  7.6794598350E+10
    60900 -2.6355136304E+09  7.6725696423E+10
    61000 -2.6345700441E+09  7.6787416347E+10
    61100 -2.6352019801E+09  7.6798276725E+10
    61200 -2.6334485604E+09  7.6783094722E+10
    61300 -2.6348816697E+09  7.6783823544E+10
    61400 -2.6337233161E+09  7.6841250204E+10
    61500 -2.6360900464E+09  7.6852245332E+10
    61600 -2.6366787581E+09  7.6843956687E+10
    61700 -2.6421801768E+09  7.6864287865E+10
    61800 -2.6441887240E+09  7.6849240131E+10
    61900 -2.6454918968E+09  7.6914245883E+10
    62000 -2.6451936445E+09  7.6945513104E+10
    62100 -2.6420455347E+09  7.6820431427E+10
    62200 -2.6357308977E+09  7.6762687021E+10
    62300 -2.6392011610E+09  7.6852014761E+10
    62400 -2.6413605797E+09  7.6872943042E+10
    62500 -2.6404019110E+09  7.6943700792E+10
    62600 -2.6412116050E+09  7.6852096998E+10
    62700 -2.6390205887E+09  7.6913507569E+10
    62800 -2.6394332027E+09  7.6876699455E+10
    62900 -2.6383430472E+09  7.6709562765E+10
    63000 -2.6354217091E+09  7.6662848445E+10
    63100 -2.6388293633E+09  7.6832483667E+10
    63200 -2.6365249901E+09  7.6790730106E+10
    63300 -2.6372933912E+09  7.6852959658E+10
    63400 -2.6372861134E+09  7.6837237106E+10
    63500 -2.6355684149E+09  7.6833822759E+10
    63600 -2.6379213385E+09  7.6831902381E+10
    63700 -2.6386330520E+09  7.6797532690E+10
    63800 -2.6354548811E+09  7.6811835010E+10
    63900 -2.6334655145E+09  7.6782408307E+10
    64000 -2.6367263490E+09  7.6828321791E+10
    64100 -2.6383742382E+09  7.6829721262E+10
    64200 -2.6378942041E+09  7.6880836033E+10
    64300 -2.6391117654E+09  7.6942017169E+10
    64400 -2.6417385583E+09  7.6936511742E+10
    64500 -2.6374933725E+09  7.6831739496E+10
    64600 -2.6385236680E+09  7.6886427248E+10
    64700 -2.6412861676E+09  7.6907720503E+10
    64800 -2.6397830952E+09  7.6836663448E+10
    64900 -2.6429324030E+09  7.6874737861E+10
    65000 -2.6418657131E+09  7.6867040879E+10
    65100 -2.6418518058E+09  7.6834079873E+10
    65200 -2.6376190468E+09  7.6821475023E+10
    65300 -2.6387119999E+09  7.6930435218E+10
    65400 -2.6359168705E+09  7.6855567347E+10
    65500 -2.6381574007E+09  7.6901643950E+10
    65600 -2.6393132056E+09  7.6936229223E+10
    65700 -2.6395272208E+09  7.6932272492E+10
    65800 -2.6381805192E+09  7.6977747694E+10
    65900 -2.6397711254E+09  7.6942266031E+10
    66000 -2.6404921913E+09  7.6872557990E+10
    66100 -2.6399710330E+09  7.6900466938E+10
    66200 -2.6373646995E+09  7.6906918830E+10
    66300 -2.6419229016E+09  7.6989724306E+10
    66400 -2.6386435844E+09  7.6959247430E+10
    66500 -2.6413400206E+09  7.6972259173E+10
    66600 -2.6393532874E+09  7.6915757714E+10
    66700 -2.6402157699E+09  7.6895305550E+10
    66800 -2.6410615738E+09  7.6999414450E+10
    66900 -2.6414103398E+09  7.6956981311E+10
    67000 -2.6393552960E+09  7.6942728335E+10
    67100 -2.6427532732E+09  7.6935396588E+10
    67200 -2.6397998652E+09  7.6861962519E+10
    67300 -2.6340401993E+09  7.6814245859E+10
    67400 -2.6377838364E+09  7.6891091210E+10
    67500 -2.6381869041E+09  7.6930602184E+10
    67600 -2.6388424027E+09  7.7003344825E+10
    67700 -2.6355668414E+09  7.6907275541E+10
    67800 -2.6354305590E+09  7.6934855533E+10
    67900 -2.6398902684E+09  7.6985379837E+10
    68000 -2.6374149574E+09  7.6869191019E+10
    68100 -2.6387712753E+09  7.6825334989E+10
    68200 -2.6388433203E+09  7.6867258852E+10
    68300 -2.6355922363E+09  7.6925177074E+10
    68400 -2.6352138911E+09  7.6927042227E+10
    68500 -2.6363605530E+09  7.6870383234E+10
    68600 -2.6372820952E+09  7.6884350697E+10
    68700 -2.6379102421E+09  7.6949060543E+10
    68800 -2.6366920001E+09  7.6888420267E+10
    68900 -2.6357275340E+09  7.6786197838E+10
    69000 -2.6347422433E+09  7.6831706472E+10
    69100 -2.6373564709E+09  7.6856842940E+10
    69200 -2.6395672296E+09  7.6845528355E+10
    69300 -2.6347038714E+09  7.6810579523E+10
    69400 -2.6332576416E+09  7.6780558679E+10
    69500 -2.6331854254E+09  7.6670431946E+10
    69600 -2.6343194672E+09  7.6653343477E+10
    69700 -2.6321965512E+09  7.6676726938E+10
    69800 -2.6363294356E+09  7.6732004191E+10
    69900 -2.6334681708E+09  7.6747425166E+10
    70000 -2.6366392053E+09  7.6728757980E+10
    70100 -2.6347049573E+09  7.6795687816E+10
    70200 -2.6392714118E+09  7.6874380537E+10
    70300 -2.6397159605E+09  7.6881131725E+10
    70400 -2.6391608737E+09  7.6924627985E+10
    70500 -2.6386875266E+09  7.6809636898E+10
    70600 -2.6364514185E+09  7.6854444943E+10
    70700 -2.6357934899E+09  7.6831209927E+10
    70800 -2.6361965876E+09  7.6818279788E+10
    70900 -2.6401525451E+09  7.6824887510E+10
    71000 -2.6400127189E+09  7.6825419425E+10
    71100 -2.6383449582E+09  7.6811813294E+10
    71200 -2.6362545415E+09  7.6671177806E+10
    71300 -2.6350983072E+09  7.6747526861E+10
    71400 -2.6351914863E+09  7.6833369445E+10
    71500 -2.6343500315E+09  7.6831630328E+10
    71600 -2.6316945290E+09  7.6802954784E+10
    71700 -2.6338039269E+09  7.6837624447E+10
    71800 -2.6354984972E+09  7.6819271401E+10
    71900 -2.6350648230E+09  7.6886373620E+10
    72000 -2.6389403302E+09  7.6917067961E+10
    72100 -2.6419583533E+09  7.6884003557E+10
    72200 -2.6416133011E+09  7.6960311287E+10
    72300 -2.6421089073E+09  7.6999221741E+10
    72400 -2.6420178870E+09  7.6969297024E+10
    72500 -2.6416977286E+09  7.6925426024E+10
    72600 -2.6398613073E+09  7.6907918369E+10
    72700 -2.6437809215E+09  7.7011814744E+10
    72800 -2.6412895289E+09  7.6903134569E+10
    72900 -2.6417446357E+09  7.6872897754E+10
    73000 -2.6418783298E+09  7.6882299609E+10
    73100 -2.6394959920E+09  7.6817661468E+10
    73200 -2.6401342424E+09  7.6868407691E+10
    73300 -2.6422369721E+09  7.6902064397E+10
    73400 -2.6408544984E+09  7.6918371960E+10
    73500 -2.6379206673E+09  7.6897530617E+10
    73600 -2.6371975278E+09  7.6848997457E+10
    73700 -2.6362584911E+09  7.6789799244E+10
    73800 -2.6410874629E+09  7.6889273509E+10
    73900 -2.6425910906E+09  7.6956829178E+10
    74000 -2.6389198388E+09  7.6852449976E+10
    74100 -2.6402534632E+09  7.6854547563E+10
    74200 -2.6396269344E+09  7.6869268110E+10
    74300 -2.6385069250E+09  7.6763450654E+10
    74400 -2.6371283621E+09  7.6793697237E+10
    74500 -2.6380449843E+09  7.6843902014E+10
    74600 -2.6385936715E+09  7.6803810507E+10
    74700 -2.6378032879E+09  7.6747170448E+10
    74800 -2.6368697223E+09  7.6806482739E+10
    74900 -2.6384296329E+09  7.6804457284E+10
    75000 -2.6343876272E+09  7.6721631774E+10
    75100 -2.6345865371E+09  7.6843300207E+10
    75200 -2.6388107869E+09  7.6967155242E+10
    75300 -2.6398321326E+09  7.7014860791E+10
    75400 -2.6398293722E+09  7.6873994934E+10
    75500 -2.6367513284E+09  7.6845467797E+10
    75600 -2.6379031913E+09  7.6818643664E+10
    75700 -2.6383469399E+09  7.6889731195E+10
    75800 -2.6401682044E+09  7.6934863999E+10
    75900 -2.6403119662E+09  7.7019205619E+10
    76000 -2.6444197493E+09  7.7032522447E+10
    76100 -2.6457477756E+09  7.7069360859E+10
    76200 -2.6460963064E+09  7.7044504249E+10
    76300 -2.6433418845E+09  7.6982839051E+10
    76400 -2.6448936230E+09  7.6980591045E+10
    76500 -2.6443114038E+09  7.6961917787E+10
    76600 -2.6409004120E+09  7.6900258940E+10
    76700 -2.6373072895E+09  7.6857268229E+10
    76800 -2.6386033811E+09  7.6905383971E+10
    76900 -2.6375295581E+09  7.6963346540E+10
    77000 -2.6442476765E+09  7.7084189499E+10
    77100 -2.6444613355E+09  7.7022050079E+10
    77200 -2.6391261597E+09  7.6887403484E+10
    77300 -2.6390723990E+09  7.6873213483E+10
    77400 -2.6396751632E+09  7.6887478330E+10
    77500 -2.6414079131E+09  7.6921984176E+10
    77600 -2.6425069949E+09  7.6898215152E+10
    77700 -2.6416306769E+09  7.6955355435E+10
    77800 -2.6404411238E+09  7.6878798025E+10
    77900 -2.6382671702E+09  7.6871380672E+10
    78000 -2.6368909343E+09  7.6893985227E+10
    78100 -2.6388492277E+09  7.6933413289E+10
    78200 -2.6388104678E+09  7.6885526468E+10
    78300 -2.6385688754E+09  7.6874070823E+10
    78400 -2.6379302155E+09  7.6763912236E+10
    78500 -2.6401271870E+09  7.6843087978E+10
    78600 -2.6350098551E+09  7.6772430178E+10
    78700 -2.6371476001E+09  7.6833519883E+10
    78800 -2.6363765338E+09  7.6903264106E+10
    78900 -2.6415629712E+09  7.6952496590E+10
    79000 -2.6413752708E+09  7.6935170243E+10
    79100 -2.6420965318E+09  7.6959690632E+10
    79200 -2.6375702226E+09  7.6911622111E+10
    79300 -2.6348670705E+09  7.6856820566E+10
    79400 -2.6375238080E+09  7.6942774255E+10
    79500 -2.6400655815E+09  7.7037149296E+10
    79600 -2.6368239341E+09  7.6988347241E+10
    79700 -2.6376988294E+09  7.6945345224E+10
    79800 -2.6422293039E+09  7.6979405049E+10
    79900 -2.6433929037E+09  7.6995571262E+10
    80000 -2.6396878327E+09  7.6875084911E+10
    80100 -2.6386375301E+09  7.6856573111E+10
    80200 -2.6406353856E+09  7.6976612594E+10
    80300 -2.6423784252E+09  7.7011702635E+10
    80400 -2.6442202893E+09  7.7000930846E+10
    80500 -2.6433729730E+09  7.6846736861E+10
    80600 -2.6386530234E+09  7.6809494854E+10
    80700 -2.6392286152E+09  7.6860928669E+10
    80800 -2.6402487024E+09  7.6922916061E+10
    80900 -2.6401852231E+09  7.6925329225E+10
    81000 -2.6382395304E+09  7.6940679705E+10
    81100 -2.6409010569E+09  7.6862921433E+10
    81200 -2.6373946211E+09  7.6843454770E+10
    81300 -2.6391491268E+09  7.6889096696E+10
    81400 -2.6392399376E+09  7.6888162902E+10
    81500 -2.6358310279E+09  7.6888641699E+10
    81600 -2.6386956632E+09  7.6911342083E+10
    81700 -2.6398481020E+09  7.6988474298E+10
    81800 -2.6419196536E+09  7.7008923203E+10
    81900 -2.6419098546E+09  7.6964225291E+10
    82000 -2.6379347473E+09  7.6954147817E+10
    82100 -2.6412184269E+09  7.6924371357E+10
    82200 -2.6396961270E+09  7.6878044217E+10
    82300 -2.6387741909E+09  7.6862506745E+10
    82400 -2.6401587657E+09  7.6851867307E+10
    82500 -2.6347690090E+09  7.6787271420E+10
    82600 -2.6348780637E+09  7.6872909265E+10
    82700 -2.6370246166E+09  7.6894747274E+10
    82800 -2.6358347266E+09  7.6954207672E+10
    82900 -2.6359298074E+09  7.6916804995E+10
    83000 -2.6345012802E+09  7.6912033060E+10
    83100 -2.6404720518E+09  7.7012670073E+10
    83200 -2.6388878641E+09  7.7028676624E+10
    83300 -2.6383150323E+09  7.7041588703E+10
    83400 -2.6409437323E+09  7.7026942707E+10
    83500 -2.6429775232E+09  7.6959064416E+10
    83600 -2.6397224220E+09  7.6835972903E+10
    83700 -2.6347996382E+09  7.6792760747E+10
    83800 -2.6370966697E+09  7.6825631256E+10
    83900 -2.6355868096E+09  7.6805794270E+10
    84000 -2.6340152640E+09  7.6832630461E+10
    84100 -2.6346675734E+09  7.6813452140E+10
    84200 -2.6317770636E+09  7.6726243326E+10
    84300 -2.6350175374E+09  7.6858870746E+10
    84400 -2.6393666920E+09  7.6898410277E+10
    84500 -2.6431056381E+09  7.6915757048E+10
    84600 -2.6416300699E+09  7.6994148250E+10
    84700 -2.6420725898E+09  7.6940058367E+10
    84800 -2.6378776756E+09  7.6829519794E+10
    84900 -2.6376407042E+09  7.6880228509E+10
    85000 -2.6399678575E+09  7.6878908883E+10
    85100 -2.6384946340E+09  7.6856378595E+10
    85200 -2.6360289992E+09  7.6768898402E+10
    85300 -2.6364452527E+09  7.6775155813E+10
    85400 -2.6370736163E+09  7.6816066399E+10
    85500 -2.6407541117E+09  7.6874238292E+10
    85600 -2.6403278773E+09  7.6880329530E+10
    85700 -2.6436326457E+09  7.6938697425E+10
    85800 -2.6429868954E+09  7.6926569916E+10
    85900 -2.6409931632E+09  7.6872090500E+10
    86000 -2.6452846877E+09  7.6956829469E+10
    86100 -2.6445708520E+09  7.7021066008E+10
    86200 -2.6463907070E+09  7.6995374253E+10
    86300 -2.6428880590E+09  7.6887271637E+10
    86400 -2.6424824652E+09  7.6844445930E+10
    86500 -2.6412563246E+09  7.6856316264E+10
    86600 -2.6417057005E+09  7.6925108852E+10
    86700 -2.6452532412E+09  7.7006941328E+10
    86800 -2.6442979570E+09  7.6979956059E+10
    86900 -2.6453813419E+09  7.6922386295E+10
    87000 -2.6420400521E+09  7.6957307463E+10
    87100 -2.6434639306E+09  7.7079503697E+10
    87200 -2.6468020347E+09  7.7093381742E+10
    87300 -2.6441422273E+09  7.7049435702E+10
    87400 -2.6434332158E+09  7.6979668712E+10
    87500 -2.6393812715E+09  7.6822658507E+10
    87600 -2.6383846685E+09  7.6923743539E+10
    87700 -2.6394700965E+09  7.6962826479E+10
    87800 -2.6393307561E+09  7.6930682042E+10
    87900 -2.6369433636E+09  7.6885092548E+10
    88000 -2.6376491320E+09  7.6888855306E+10
    88100 -2.6365405662E+09  7.6937125140E+10
    88200 -2.6378811792E+09  7.6843120109E+10
    88300 -2.6368152700E+09  7.6796656827E+10
    88400 -2.6390681744E+09  7.6821487080E+10
    88500 -2.6383139194E+09  7.6871714515E+10
    88600 -2.6404074480E+09  7.6984062380E+10
    88700 -2.6401641401E+09  7.6960922784E+10
    88800 -2.6412140744E+09  7.6939718171E+10
    88900 -2.6384687115E+09  7.6947298492E+10
    89000 -2.6372502229E+09  7.7017195065E+10
    89100 -2.6387015200E+09  7.7016129774E+10
    89200 -2.6404936337E+09  7.6990269508E+10
    89300 -2.6427516861E+09  7.6955758090E+10
    89400 -2.6436607001E+09  7.6926647462E+10
    89500 -2.6414313928E+09  7.6863736574E+10
    89600 -2.6415850154E+09  7.6903316522E+10
    89700 -2.6408999867E+09  7.6895114139E+10
    89800 -2.6417814486E+09  7.6909276395E+10
    89900 -2.6413528871E+09  7.6837403637E+10
    90000 -2.6442965717E+09  7.6881540418E+10
    90100 -2.6399464874E+09  7.6815010012E+10
    90200 -2.6385518846E+09  7.6892568296E+10
    90300 -2.6395701943E+09  7.6909720763E+10
    90400 -2.6376147053E+09  7.6939909567E+10
    90500 -2.6376775210E+09  7.6970510532E+10
    90600 -2.6414265827E+09  7.7007502678E+10
    90700 -2.6441353023E+09  7.6982176706E+10
    90800 -2.6401897009E+09  7.6888082750E+10
    90900 -2.6401219721E+09  7.6904763336E+10
    91000 -2.6426816133E+09  7.6996218280E+10
    91100 -2.6429838610E+09  7.6976823972E+10
    91200 -2.6431268877E+09  7.6962478574E+10
    91300 -2.6430637217E+09  7.6974322646E+10
    91400 -2.6423617956E+09  7.6959760304E+10
    91500 -2.6447786904E+09  7.6925088511E+10
    91600 -2.6429747782E+09  7.6889943687E+10
    91700 -2.6428216878E+09  7.6894475982E+10
    91800 -2.6400930323E+09  7.6925657563E+10
    91900 -2.6420622804E+09  7.6966323635E+10
    92000 -2.6387386064E+09  7.6945069427E+10
    92100 -2.6406931828E+09  7.7005442315E+10
    92200 -2.6435651251E+09  7.7077611305E+10
    92300 -2.6425426263E+09  7.7012699661E+10
    92400 -2.6435014295E+09  7.7040530594E+10
    92500 -2.6393388837E+09  7.7011202357E+10
    92600 -2.6417279783E+09  7.6972160692E+10
