 ######
    20100  0.0000000000E+00  2.1764372003E+05
    20200  0.0000000000E+00  2.7577180647E+03
    20300  0.0000000000E+00  2.5065917130E+03
    20400  0.0000000000E+00  2.4592245401E+03
    20500  0.0000000000E+00  2.6060541750E+03
    20600  0.0000000000E+00  2.3957558042E+03
    20700  0.0000000000E+00  2.4124525668E+03
    20800  0.0000000000E+00  2.5454878300E+03
    20900  0.0000000000E+00  2.4235429027E+03
    21000  0.0000000000E+00  2.5888659469E+03
    21100  0.0000000000E+00  4.3767678963E+03
    21200  0.0000000000E+00  4.6172366438E+03
    21300  0.0000000000E+00  4.6489749592E+03
    21400  0.0000000000E+00  4.7477718133E+03
    21500  0.0000000000E+00  4.2328252258E+03
    21600  0.0000000000E+00  4.2658358478E+03
    21700  0.0000000000E+00  4.2865121537E+03
    21800  0.0000000000E+00  4.2099188394E+03
    21900  0.0000000000E+00  4.0257047292E+03
    22000  0.0000000000E+00  3.9939910907E+03
    22100  0.0000000000E+00  3.9615546956E+03
    22200  0.0000000000E+00  3.6389053819E+03
    22300  0.0000000000E+00  4.1989346095E+03
    22400  0.0000000000E+00  4.1707278022E+03
    22500  0.0000000000E+00  4.7529228835E+03
    22600  0.0000000000E+00  5.1105447362E+03
    22700  0.0000000000E+00  4.7768358997E+03
    22800  0.0000000000E+00  4.6177358684E+03
    22900  0.0000000000E+00  4.2430770462E+03
    23000  0.0000000000E+00  4.3412755081E+03
    23100  0.0000000000E+00  4.4530249677E+03
    23200  0.0000000000E+00  4.5854610065E+03
    23300  0.0000000000E+00  5.0201563491E+03
    23400  0.0000000000E+00  4.6966165069E+03
    23500  0.0000000000E+00  4.5670355050E+03
    23600  0.0000000000E+00  4.0888018110E+03
    23700  0.0000000000E+00  3.9526774375E+03
    23800  0.0000000000E+00  3.9624315491E+03
    23900  0.0000000000E+00  3.7895134248E+03
    24000  0.0000000000E+00  3.8930963039E+03
    24100  0.0000000000E+00  5.2345040375E+03
    24200  0.0000000000E+00  4.6890983480E+03
    24300  0.0000000000E+00  5.0608381608E+03
    24400  0.0000000000E+00  5.4427761324E+03
    24500  0.0000000000E+00  6.3084385097E+03
    24600  0.0000000000E+00  7.0507980556E+03
    24700  0.0000000000E+00  7.2764335119E+03
    24800  0.0000000000E+00  7.0538381011E+03
    24900  0.0000000000E+00  6.2550115248E+03
    25000  0.0000000000E+00  6.3141358749E+03
    25100  0.0000000000E+00  7.0678357676E+03
    25200  0.0000000000E+00  7.2703298205E+03
    25300  0.0000000000E+00  7.0894501991E+03
    25400  0.0000000000E+00  6.3844836364E+03
    25500  0.0000000000E+00  6.8253468371E+03
    25600  0.0000000000E+00  7.4867754803E+03
    25700  0.0000000000E+00  7.5410143391E+03
    25800  0.0000000000E+00  7.5915278975E+03
    25900  0.0000000000E+00  6.8459113442E+03
    26000  0.0000000000E+00  7.4943532703E+03
    26100  0.0000000000E+00  7.2734463355E+03
    26200  0.0000000000E+00  6.5923254045E+03
    26300  0.0000000000E+00  6.3923703239E+03
    26400  0.0000000000E+00  6.1253468931E+03
    26500  0.0000000000E+00  6.3460667217E+03
    26600  0.0000000000E+00  6.8343582061E+03
    26700  0.0000000000E+00  6.8176427664E+03
    26800  0.0000000000E+00  6.6242706340E+03
    26900  0.0000000000E+00  6.3652516207E+03
    27000  0.0000000000E+00  6.7876176092E+03
    27100  0.0000000000E+00  9.1893960525E+03
    27200  0.0000000000E+00  8.8470644692E+03
    27300  0.0000000000E+00  8.8877521638E+03
    27400  0.0000000000E+00  9.6291342268E+03
    27500  0.0000000000E+00  1.0395600944E+04
    27600  0.0000000000E+00  9.8773452404E+03
    27700  0.0000000000E+00  9.0573159908E+03
    27800  0.0000000000E+00  1.0684942519E+04
    27900  0.0000000000E+00  1.2009012731E+04
    28000  0.0000000000E+00  1.1480390600E+04
    28100  0.0000000000E+00  1.1044423117E+04
    28200  0.0000000000E+00  1.1193176794E+04
    28300  0.0000000000E+00  1.1588710762E+04
    28400  0.0000000000E+00  1.3320848799E+04
    28500  0.0000000000E+00  1.2758642056E+04
    28600  0.0000000000E+00  1.2269365336E+04
    28700  0.0000000000E+00  1.1725359138E+04
    28800  0.0000000000E+00  1.0586261845E+04
    28900  0.0000000000E+00  9.2427666645E+03
    29000  0.0000000000E+00  8.6946791014E+03
    29100  0.0000000000E+00  8.7631120202E+03
    29200  0.0000000000E+00  8.5653837462E+03
    29300  0.0000000000E+00  8.9704051455E+03
    29400  0.0000000000E+00  8.5809197288E+03
    29500  0.0000000000E+00  8.9679692935E+03
    29600  0.0000000000E+00  9.4087716714E+03
    29700  0.0000000000E+00  1.0009038076E+04
    29800  0.0000000000E+00  1.0877508425E+04
    29900  0.0000000000E+00  1.1205960911E+04
    30000  0.0000000000E+00  1.1025426786E+04
    30100  0.0000000000E+00  1.7455525818E+04
    30200  0.0000000000E+00  1.5214295568E+04
    30300  0.0000000000E+00  1.4900001107E+04
    30400  0.0000000000E+00  1.5564922185E+04
    30500  0.0000000000E+00  1.4793421533E+04
    30600  0.0000000000E+00  1.5708694069E+04
    30700  0.0000000000E+00  1.6863786359E+04
    30800  0.0000000000E+00  1.6578679313E+04
    30900  0.0000000000E+00  1.5118084095E+04
    31000  0.0000000000E+00  1.6329671343E+04
    31100  0.0000000000E+00  1.5359982132E+04
    31200  0.0000000000E+00  1.3494396498E+04
    31300  0.0000000000E+00  1.3536882430E+04
    31400  0.0000000000E+00  1.3744935802E+04
    31500  0.0000000000E+00  1.2264800030E+04
    31600  0.0000000000E+00  1.2394144142E+04
    31700  0.0000000000E+00  1.3809850665E+04
    31800  0.0000000000E+00  1.3701072257E+04
    31900  0.0000000000E+00  1.4700386790E+04
    32000  0.0000000000E+00  1.4039823061E+04
    32100  0.0000000000E+00  1.3098495284E+04
    32200  0.0000000000E+00  1.2986501443E+04
    32300  0.0000000000E+00  1.3006702658E+04
    32400  0.0000000000E+00  1.1673682352E+04
    32500  0.0000000000E+00  1.1941266755E+04
    32600  0.0000000000E+00  1.3242168581E+04
    32700  0.0000000000E+00  1.4163589302E+04
    32800  0.0000000000E+00  1.4581831933E+04
    32900  0.0000000000E+00  1.4405307891E+04
    33000  0.0000000000E+00  1.4432307878E+04
    33100  0.0000000000E+00  2.1701493738E+04
    33200  0.0000000000E+00  2.1792978409E+04
    33300  0.0000000000E+00  2.1814358688E+04
    33400  0.0000000000E+00  2.3342672586E+04
    33500  0.0000000000E+00  2.4827968892E+04
    33600  0.0000000000E+00  2.4693462227E+04
    33700  0.0000000000E+00  2.5020346539E+04
    33800  0.0000000000E+00  2.3108990044E+04
    33900  0.0000000000E+00  2.1818710167E+04
    34000  0.0000000000E+00  2.3182190536E+04
    34100  0.0000000000E+00  2.3353251534E+04
    34200  0.0000000000E+00  2.2680871956E+04
    34300  0.0000000000E+00  2.0790664721E+04
    34400  0.0000000000E+00  2.2228210411E+04
    34500  0.0000000000E+00  2.4112342243E+04
    34600  0.0000000000E+00  2.5246972815E+04
    34700  0.0000000000E+00  2.3497308011E+04
    34800  0.0000000000E+00  2.5533834403E+04
    34900  0.0000000000E+00  2.1750034881E+04
    35000  0.0000000000E+00  2.5388407693E+04
    35100  0.0000000000E+00  2.6672931834E+04
    35200  0.0000000000E+00  2.5359744303E+04
    35300  0.0000000000E+00  2.5346603449E+04
    35400  0.0000000000E+00  2.6529662329E+04
    35500  0.0000000000E+00  2.5316492295E+04
    35600  0.0000000000E+00  2.4013200632E+04
    35700  0.0000000000E+00  2.2870869387E+04
    35800  0.0000000000E+00  2.5317058796E+04
    35900  0.0000000000E+00  2.3828989381E+04
    36000  0.0000000000E+00  2.1320739350E+04
    36100  0.0000000000E+00  3.6386758419E+04
    36200  0.0000000000E+00  3.9400413907E+04
    36300  0.0000000000E+00  3.8231232045E+04
    36400  0.0000000000E+00  4.0352670784E+04
    36500  0.0000000000E+00  4.0881391085E+04
    36600  0.0000000000E+00  3.9797661346E+04
    36700  0.0000000000E+00  4.1316837026E+04
    36800  0.0000000000E+00  3.8519213081E+04
    36900  0.0000000000E+00  4.0637815881E+04
    37000  0.0000000000E+00  3.6954170332E+04
    37100  0.0000000000E+00  3.3349180699E+04
    37200  0.0000000000E+00  2.9821962685E+04
    37300  0.0000000000E+00  2.9512846643E+04
    37400  0.0000000000E+00  3.1595465232E+04
    37500  0.0000000000E+00  3.3038560392E+04
    37600  0.0000000000E+00  3.4454486989E+04
    37700  0.0000000000E+00  3.3708774717E+04
    37800  0.0000000000E+00  3.0721468641E+04
    37900  0.0000000000E+00  2.7482558735E+04
    38000  0.0000000000E+00  2.7381581409E+04
    38100  0.0000000000E+00  2.7690043693E+04
    38200  0.0000000000E+00  2.6366135513E+04
    38300  0.0000000000E+00  2.5080132544E+04
    38400  0.0000000000E+00  2.4357854617E+04
    38500  0.0000000000E+00  2.2785864104E+04
    38600  0.0000000000E+00  2.1346038593E+04
    38700  0.0000000000E+00  2.2457649539E+04
    38800  0.0000000000E+00  2.5894871736E+04
    38900  0.0000000000E+00  2.8685274161E+04
    39000  0.0000000000E+00  2.9885685004E+04
    39100  0.0000000000E+00  4.8055707777E+04
    39200  0.0000000000E+00  5.4344059208E+04
    39300  0.0000000000E+00  5.6977154052E+04
    39400  0.0000000000E+00  5.7398102189E+04
    39500  0.0000000000E+00  5.1938018321E+04
    39600  0.0000000000E+00  5.0843334838E+04
    39700  0.0000000000E+00  5.0646887584E+04
    39800  0.0000000000E+00  5.2211115122E+04
    39900  0.0000000000E+00  5.1198064645E+04
    40000  0.0000000000E+00  4.9223559364E+04
    40100  0.0000000000E+00  4.9332792796E+04
    40200  0.0000000000E+00  5.3880067283E+04
    40300  0.0000000000E+00  6.0905786070E+04
    40400  0.0000000000E+00  5.4586726547E+04
    40500  0.0000000000E+00  4.8529464605E+04
    40600  0.0000000000E+00  4.6861624816E+04
    40700  0.0000000000E+00  4.6590014187E+04
    40800  0.0000000000E+00  4.3769865167E+04
    40900  0.0000000000E+00  4.4973309706E+04
    41000  0.0000000000E+00  4.6082141480E+04
    41100  0.0000000000E+00  4.3060520895E+04
    41200  0.0000000000E+00  4.4380899054E+04
    41300  0.0000000000E+00  4.8069817145E+04
    41400  0.0000000000E+00  5.3330441307E+04
    41500  0.0000000000E+00  5.5938964102E+04
    41600  0.0000000000E+00  5.4294975096E+04
    41700  0.0000000000E+00  5.0604503533E+04
    41800  0.0000000000E+00  4.6945697143E+04
    41900  0.0000000000E+00  4.8063284002E+04
    42000  0.0000000000E+00  4.7763646886E+04
    42100  0.0000000000E+00  7.7364357192E+04
    42200  0.0000000000E+00  8.5574906261E+04
    42300  0.0000000000E+00  8.9180823472E+04
    42400  0.0000000000E+00  8.5969204292E+04
    42500  0.0000000000E+00  8.0420433761E+04
    42600  0.0000000000E+00  6.5739250074E+04
    42700  0.0000000000E+00  6.3639495862E+04
    42800  0.0000000000E+00  6.4248719947E+04
    42900  0.0000000000E+00  8.4005591216E+04
    43000  0.0000000000E+00  8.9135450532E+04
    43100  0.0000000000E+00  9.2190792967E+04
    43200  0.0000000000E+00  9.3591043298E+04
    43300  0.0000000000E+00  7.0847647379E+04
    43400  0.0000000000E+00  6.8754580413E+04
    43500  0.0000000000E+00  7.5200069693E+04
    43600  0.0000000000E+00  7.9896729903E+04
    43700  0.0000000000E+00  7.9754055706E+04
    43800  0.0000000000E+00  8.6545031185E+04
    43900  0.0000000000E+00  8.5557087157E+04
    44000  0.0000000000E+00  9.5738844204E+04
    44100  0.0000000000E+00  8.6492822668E+04
    44200  0.0000000000E+00  8.7430503841E+04
    44300  0.0000000000E+00  9.4716610325E+04
    44400  0.0000000000E+00  9.7327690932E+04
    44500  0.0000000000E+00  9.2103139640E+04
    44600  0.0000000000E+00  8.6764744967E+04
    44700  0.0000000000E+00  8.2764429847E+04
    44800  0.0000000000E+00  9.4168881106E+04
    44900  0.0000000000E+00  9.3568369611E+04
    45000  0.0000000000E+00  9.2354102042E+04
    45100  0.0000000000E+00  1.3297654513E+05
    45200  0.0000000000E+00  1.3307990830E+05
    45300  0.0000000000E+00  1.1789059045E+05
    45400  0.0000000000E+00  1.2628420047E+05
    45500  0.0000000000E+00  1.3689810379E+05
    45600  0.0000000000E+00  1.2878565199E+05
    45700  0.0000000000E+00  1.0963321635E+05
    45800  0.0000000000E+00  1.2422997327E+05
    45900  0.0000000000E+00  1.2038826028E+05
    46000  0.0000000000E+00  1.1630571514E+05
    46100  0.0000000000E+00  1.0698207807E+05
    46200  0.0000000000E+00  1.0510007153E+05
    46300  0.0000000000E+00  9.7556948575E+04
    46400  0.0000000000E+00  9.6528169978E+04
    46500  0.0000000000E+00  1.0356172706E+05
    46600  0.0000000000E+00  1.1225198011E+05
    46700  0.0000000000E+00  1.1177417030E+05
    46800  0.0000000000E+00  1.0832724885E+05
    46900  0.0000000000E+00  1.0773818784E+05
    47000  0.0000000000E+00  1.0905148818E+05
    47100  0.0000000000E+00  1.0653226692E+05
    47200  0.0000000000E+00  1.0697929816E+05
    47300  0.0000000000E+00  1.0984005624E+05
    47400  0.0000000000E+00  1.1086310926E+05
    47500  0.0000000000E+00  1.0733496227E+05
    47600  0.0000000000E+00  1.0320088323E+05
    47700  0.0000000000E+00  1.1625414283E+05
    47800  0.0000000000E+00  1.1528826874E+05
    47900  0.0000000000E+00  1.1380991583E+05
    48000  0.0000000000E+00  1.1864290792E+05
    48100  0.0000000000E+00  1.9207764069E+05
    48200  0.0000000000E+00  2.0420900924E+05
    48300  0.0000000000E+00  1.9951385359E+05
    48400  0.0000000000E+00  1.7526973045E+05
    48500  0.0000000000E+00  1.7189708085E+05
    48600  0.0000000000E+00  1.7738721597E+05
    48700  0.0000000000E+00  1.7650001026E+05
    48800  0.0000000000E+00  1.6148983508E+05
    48900  0.0000000000E+00  1.5819883150E+05
    49000  0.0000000000E+00  1.5078172299E+05
    49100  0.0000000000E+00  1.6390249536E+05
    49200  0.0000000000E+00  1.5345659909E+05
    49300  0.0000000000E+00  1.5254261852E+05
    49400  0.0000000000E+00  1.5493359745E+05
    49500  0.0000000000E+00  1.6911836318E+05
    49600  0.0000000000E+00  1.7521703419E+05
    49700  0.0000000000E+00  1.7249017992E+05
    49800  0.0000000000E+00  1.8680020537E+05
    49900  0.0000000000E+00  1.8686215122E+05
    50000  0.0000000000E+00  1.7967860949E+05
    50100  0.0000000000E+00  1.9039318841E+05
    50200  0.0000000000E+00  1.5962827212E+05
    50300  0.0000000000E+00  1.7199529247E+05
    50400  0.0000000000E+00  1.9445106242E+05
    50500  0.0000000000E+00  1.8888224795E+05
    50600  0.0000000000E+00  1.6988908421E+05
    50700  0.0000000000E+00  1.7447618359E+05
    50800  0.0000000000E+00  1.6694332391E+05
    50900  0.0000000000E+00  1.5226531606E+05
    51000  0.0000000000E+00  1.6548502137E+05
    51100  0.0000000000E+00  2.5706967216E+05
    51200  0.0000000000E+00  2.6846125977E+05
    51300  0.0000000000E+00  2.5810813726E+05
    51400  0.0000000000E+00  2.8472240138E+05
    51500  0.0000000000E+00  2.9900531043E+05
    51600  0.0000000000E+00  2.5381433433E+05
    51700  0.0000000000E+00  2.4315315475E+05
    51800  0.0000000000E+00  2.7396002356E+05
    51900  0.0000000000E+00  2.6732654004E+05
    52000  0.0000000000E+00  2.5662024176E+05
    52100  0.0000000000E+00  2.3342680671E+05
    52200  0.0000000000E+00  2.0892419876E+05
    52300  0.0000000000E+00  1.8436540792E+05
    52400  0.0000000000E+00  1.9314353106E+05
    52500  0.0000000000E+00  1.8040884547E+05
    52600  0.0000000000E+00  2.2111245385E+05
    52700  0.0000000000E+00  2.4120612958E+05
    52800  0.0000000000E+00  2.1218829736E+05
    52900  0.0000000000E+00  2.1580999504E+05
    53000  0.0000000000E+00  2.2247396869E+05
    53100  0.0000000000E+00  2.3819958857E+05
    53200  0.0000000000E+00  2.4734702675E+05
    53300  0.0000000000E+00  2.4470330648E+05
    53400  0.0000000000E+00  2.4019577840E+05
    53500  0.0000000000E+00  2.4857163457E+05
    53600  0.0000000000E+00  2.6948498164E+05
    53700  0.0000000000E+00  2.6451274932E+05
    53800  0.0000000000E+00  2.4917671862E+05
    53900  0.0000000000E+00  2.3324922305E+05
    54000  0.0000000000E+00  2.5764309949E+05
    54100  0.0000000000E+00  4.1974636662E+05
    54200  0.0000000000E+00  4.2444454675E+05
    54300  0.0000000000E+00  3.8474575510E+05
    54400  0.0000000000E+00  3.6793870049E+05
    54500  0.0000000000E+00  3.8319438967E+05
    54600  0.0000000000E+00  3.9901241474E+05
    54700  0.0000000000E+00  4.0636798590E+05
    54800  0.0000000000E+00  4.2922486603E+05
    54900  0.0000000000E+00  4.4717591796E+05
    55000  0.0000000000E+00  4.2929967982E+05
    55100  0.0000000000E+00  4.1639189266E+05
    55200  0.0000000000E+00  4.0930448741E+05
    55300  0.0000000000E+00  3.8157474518E+05
    55400  0.0000000000E+00  3.6045266730E+05
    55500  0.0000000000E+00  3.7386974115E+05
    55600  0.0000000000E+00  3.7462451131E+05
    55700  0.0000000000E+00  3.6973791235E+05
    55800  0.0000000000E+00  3.9662599653E+05
    55900  0.0000000000E+00  4.3273852567E+05
    56000  0.0000000000E+00  4.6358699647E+05
    56100  0.0000000000E+00  4.1401576730E+05
    56200  0.0000000000E+00  3.9839408689E+05
    56300  0.0000000000E+00  4.2854345440E+05
    56400  0.0000000000E+00  4.0993282103E+05
    56500  0.0000000000E+00  3.8653968250E+05
    56600  0.0000000000E+00  3.8241832213E+05
    56700  0.0000000000E+00  4.0602864150E+05
    56800  0.0000000000E+00  4.5775309659E+05
    56900  0.0000000000E+00  3.7137597322E+05
    57000  0.0000000000E+00  3.1540339468E+05
    57100  0.0000000000E+00  4.5635464645E+05
    57200  0.0000000000E+00  4.8743109164E+05
    57300  0.0000000000E+00  5.1469533880E+05
    57400  0.0000000000E+00  5.1857689720E+05
    57500  0.0000000000E+00  5.3325482027E+05
    57600  0.0000000000E+00  5.6375003223E+05
    57700  0.0000000000E+00  5.8237080816E+05
    57800  0.0000000000E+00  6.0169095072E+05
    57900  0.0000000000E+00  5.2994758947E+05
    58000  0.0000000000E+00  4.1483364218E+05
    58100  0.0000000000E+00  4.0121409906E+05
    58200  0.0000000000E+00  4.1896630695E+05
    58300  0.0000000000E+00  4.6432997845E+05
    58400  0.0000000000E+00  5.1167160442E+05
    58500  0.0000000000E+00  5.8250828252E+05
    58600  0.0000000000E+00  6.6822668622E+05
    58700  0.0000000000E+00  7.2128316529E+05
    58800  0.0000000000E+00  7.1211316936E+05
    58900  0.0000000000E+00  5.9451561727E+05
    59000  0.0000000000E+00  5.5725820916E+05
    59100  0.0000000000E+00  5.6496390194E+05
    59200  0.0000000000E+00  5.5962995756E+05
    59300  0.0000000000E+00  5.5349771871E+05
    59400  0.0000000000E+00  5.8691107369E+05
    59500  0.0000000000E+00  5.8801468637E+05
    59600  0.0000000000E+00  5.7484112650E+05
    59700  0.0000000000E+00  6.3010345545E+05
    59800  0.0000000000E+00  6.9632680356E+05
    59900  0.0000000000E+00  7.1426593267E+05
    60000  0.0000000000E+00  6.6905322727E+05
    60100  0.0000000000E+00  9.9115753703E+05
    60200  0.0000000000E+00  1.0258827020E+06
    60300  0.0000000000E+00  1.0501084678E+06
    60400  0.0000000000E+00  1.0598317835E+06
    60500  0.0000000000E+00  1.0478411563E+06
    60600  0.0000000000E+00  1.0666570012E+06
    60700  0.0000000000E+00  1.1545246568E+06
    60800  0.0000000000E+00  1.1578207666E+06
    60900  0.0000000000E+00  9.7483580166E+05
    61000  0.0000000000E+00  7.5895998760E+05
    61100  0.0000000000E+00  7.1394746234E+05
    61200  0.0000000000E+00  6.9777987686E+05
    61300  0.0000000000E+00  7.6314736930E+05
    61400  0.0000000000E+00  6.9517180102E+05
    61500  0.0000000000E+00  6.5466007325E+05
    61600  0.0000000000E+00  6.9690965009E+05
    61700  0.0000000000E+00  7.2723206961E+05
    61800  0.0000000000E+00  7.2805633925E+05
    61900  0.0000000000E+00  8.2332835429E+05
    62000  0.0000000000E+00  8.8337830366E+05
    62100  0.0000000000E+00  8.1042125410E+05
    62200  0.0000000000E+00  8.9116257014E+05
    62300  0.0000000000E+00  9.2526043872E+05
    62400  0.0000000000E+00  9.1413152654E+05
    62500  0.0000000000E+00  8.2557587780E+05
    62600  0.0000000000E+00  8.2153403099E+05
    62700  0.0000000000E+00  9.0684026370E+05
    62800  0.0000000000E+00  9.1232456520E+05
    62900  0.0000000000E+00  9.4117786624E+05
    63000  0.0000000000E+00  9.2204724559E+05
    63100  0.0000000000E+00  1.2921754410E+06
    63200  0.0000000000E+00  1.0079295994E+06
    63300  0.0000000000E+00  9.4640154570E+05
    63400  0.0000000000E+00  1.0670702555E+06
    63500  0.0000000000E+00  1.1662093964E+06
    63600  0.0000000000E+00  1.2818246102E+06
    63700  0.0000000000E+00  1.2954119037E+06
    63800  0.0000000000E+00  1.3339892300E+06
    63900  0.0000000000E+00  1.4259337502E+06
    64000  0.0000000000E+00  1.5956493951E+06
    64100  0.0000000000E+00  1.4098688657E+06
    64200  0.0000000000E+00  1.2865804497E+06
    64300  0.0000000000E+00  1.4326958775E+06
    64400  0.0000000000E+00  1.4859598366E+06
    64500  0.0000000000E+00  1.3249094530E+06
    64600  0.0000000000E+00  1.3142429129E+06
    64700  0.0000000000E+00  1.2638184142E+06
    64800  0.0000000000E+00  1.3243754292E+06
    64900  0.0000000000E+00  1.3048221557E+06
    65000  0.0000000000E+00  1.3502814869E+06
    65100  0.0000000000E+00  1.4806661284E+06
    65200  0.0000000000E+00  1.3310639404E+06
    65300  0.0000000000E+00  1.2826795501E+06
    65400  0.0000000000E+00  1.2085554303E+06
    65500  0.0000000000E+00  1.2620324789E+06
    65600  0.0000000000E+00  1.3742710196E+06
    65700  0.0000000000E+00  1.4658725046E+06
    65800  0.0000000000E+00  1.4338227107E+06
    65900  0.0000000000E+00  1.4274831696E+06
    66000  0.0000000000E+00  1.3297374256E+06
    66100  0.0000000000E+00  2.1196593983E+06
    66200  0.0000000000E+00  2.1848071690E+06
    66300  0.0000000000E+00  2.0694684564E+06
    66400  0.0000000000E+00  1.8126002685E+06
    66500  0.0000000000E+00  1.8813868172E+06
    66600  0.0000000000E+00  1.7514069191E+06
    66700  0.0000000000E+00  1.8125581444E+06
    66800  0.0000000000E+00  1.9170489380E+06
    66900  0.0000000000E+00  1.9356111088E+06
    67000  0.0000000000E+00  2.1910509566E+06
    67100  0.0000000000E+00  2.1642547522E+06
    67200  0.0000000000E+00  2.1755582570E+06
    67300  0.0000000000E+00  2.0324016550E+06
    67400  0.0000000000E+00  2.0145607312E+06
    67500  0.0000000000E+00  2.1093549281E+06
    67600  0.0000000000E+00  2.1835858725E+06
    67700  0.0000000000E+00  2.4658091755E+06
    67800  0.0000000000E+00  2.3851411175E+06
    67900  0.0000000000E+00  2.1830967153E+06
    68000  0.0000000000E+00  1.8968138989E+06
    68100  0.0000000000E+00  1.9920160178E+06
    68200  0.0000000000E+00  1.9665478588E+06
    68300  0.0000000000E+00  1.9902411722E+06
    68400  0.0000000000E+00  1.9220442408E+06
    68500  0.0000000000E+00  1.9169944834E+06
    68600  0.0000000000E+00  2.0374763465E+06
    68700  0.0000000000E+00  2.0007085154E+06
    68800  0.0000000000E+00  1.9445769647E+06
    68900  0.0000000000E+00  1.7577732993E+06
    69000  0.0000000000E+00  1.6862095784E+06
    69100  0.0000000000E+00  2.7616303535E+06
    69200  0.0000000000E+00  3.0231758651E+06
    69300  0.0000000000E+00  2.8234495078E+06
    69400  0.0000000000E+00  2.6127595781E+06
    69500  0.0000000000E+00  2.3224428709E+06
    69600  0.0000000000E+00  2.3430299962E+06
    69700  0.0000000000E+00  2.2763825023E+06
    69800  0.0000000000E+00  2.2046303585E+06
    69900  0.0000000000E+00  2.4050146772E+06
    70000  0.0000000000E+00  2.8548098627E+06
    70100  0.0000000000E+00  2.9921036711E+06
    70200  0.0000000000E+00  2.9601542408E+06
    70300  0.0000000000E+00  2.3812683894E+06
    70400  0.0000000000E+00  2.3683852562E+06
    70500  0.0000000000E+00  2.4743455383E+06
    70600  0.0000000000E+00  2.7517880015E+06
    70700  0.0000000000E+00  2.7859885039E+06
    70800  0.0000000000E+00  2.7610540990E+06
    70900  0.0000000000E+00  2.8549670029E+06
    71000  0.0000000000E+00  2.7198774657E+06
    71100  0.0000000000E+00  2.7903080743E+06
    71200  0.0000000000E+00  3.0687136542E+06
    71300  0.0000000000E+00  2.9928016011E+06
    71400  0.0000000000E+00  2.9572398405E+06
    71500  0.0000000000E+00  2.6037413413E+06
    71600  0.0000000000E+00  2.5202107355E+06
    71700  0.0000000000E+00  2.7125444397E+06
    71800  0.0000000000E+00  2.7656511522E+06
    71900  0.0000000000E+00  2.9152750397E+06
    72000  0.0000000000E+00  3.0570952632E+06
    72100  0.0000000000E+00  4.5533770493E+06
    72200  0.0000000000E+00  4.7139622527E+06
    72300  0.0000000000E+00  4.9518979173E+06
    72400  0.0000000000E+00  5.2624906085E+06
    72500  0.0000000000E+00  5.3988803744E+06
    72600  0.0000000000E+00  4.6520960924E+06
    72700  0.0000000000E+00  3.8989090493E+06
    72800  0.0000000000E+00  3.8813563045E+06
    72900  0.0000000000E+00  4.5514314015E+06
    73000  0.0000000000E+00  4.6857168536E+06
    73100  0.0000000000E+00  4.2241388249E+06
    73200  0.0000000000E+00  4.0059495386E+06
    73300  0.0000000000E+00  3.7023375990E+06
    73400  0.0000000000E+00  3.8874057507E+06
    73500  0.0000000000E+00  3.8990112681E+06
    73600  0.0000000000E+00  3.3763909870E+06
    73700  0.0000000000E+00  3.6660262439E+06
    73800  0.0000000000E+00  4.1540809959E+06
    73900  0.0000000000E+00  4.1191683532E+06
    74000  0.0000000000E+00  4.5699905100E+06
    74100  0.0000000000E+00  4.8190269737E+06
    74200  0.0000000000E+00  4.6918299902E+06
    74300  0.0000000000E+00  4.3718534435E+06
    74400  0.0000000000E+00  4.1893854587E+06
    74500  0.0000000000E+00  4.1606430969E+06
    74600  0.0000000000E+00  3.8465189229E+06
    74700  0.0000000000E+00  3.7591184617E+06
    74800  0.0000000000E+00  3.7939660111E+06
    74900  0.0000000000E+00  3.6234996949E+06
    75000  0.0000000000E+00  3.7306775618E+06
    75100  0.0000000000E+00  6.4965206779E+06
    75200  0.0000000000E+00  6.0952869320E+06
    75300  0.0000000000E+00  5.1113432868E+06
    75400  0.0000000000E+00  5.6729265584E+06
    75500  0.0000000000E+00  5.4149682362E+06
    75600  0.0000000000E+00  5.2195684648E+06
    75700  0.0000000000E+00  6.0989146102E+06
    75800  0.0000000000E+00  6.3321627292E+06
    75900  0.0000000000E+00  6.2844859462E+06
    76000  0.0000000000E+00  6.6672235084E+06
    76100  0.0000000000E+00  6.7230810931E+06
    76200  0.0000000000E+00  6.7208613844E+06
    76300  0.0000000000E+00  7.5378930652E+06
    76400  0.0000000000E+00  8.1169777212E+06
    76500  0.0000000000E+00  8.3044627620E+06
    76600  0.0000000000E+00  7.7144665325E+06
    76700  0.0000000000E+00  7.0087297540E+06
    76800  0.0000000000E+00  6.5826303063E+06
    76900  0.0000000000E+00  6.8601568904E+06
    77000  0.0000000000E+00  6.2147618741E+06
    77100  0.0000000000E+00  6.1032364665E+06
    77200  0.0000000000E+00  6.2644394039E+06
    77300  0.0000000000E+00  7.0949758392E+06
    77400  0.0000000000E+00  7.0366942564E+06
    77500  0.0000000000E+00  6.2393733578E+06
    77600  0.0000000000E+00  6.2631955103E+06
    77700  0.0000000000E+00  6.8704915609E+06
    77800  0.0000000000E+00  7.3151331525E+06
    77900  0.0000000000E+00  5.9949072347E+06
    78000  0.0000000000E+00  5.6989684495E+06
    78100  0.0000000000E+00  8.9606201842E+06
    78200  0.0000000000E+00  9.4991559185E+06
    78300  0.0000000000E+00  9.7674840652E+06
    78400  0.0000000000E+00  9.6644193494E+06
    78500  0.0000000000E+00  1.0291368009E+07
    78600  0.0000000000E+00  1.0974472167E+07
    78700  0.0000000000E+00  1.1472624472E+07
    78800  0.0000000000E+00  9.4291783728E+06
    78900  0.0000000000E+00  9.9083005482E+06
    79000  0.0000000000E+00  9.4146401901E+06
    79100  0.0000000000E+00  1.0225252996E+07
    79200  0.0000000000E+00  1.1124123636E+07
    79300  0.0000000000E+00  1.0928933921E+07
    79400  0.0000000000E+00  1.1233185528E+07
    79500  0.0000000000E+00  1.1312117004E+07
    79600  0.0000000000E+00  1.1006290777E+07
    79700  0.0000000000E+00  1.0453625413E+07
    79800  0.0000000000E+00  1.0400209914E+07
    79900  0.0000000000E+00  1.0489702253E+07
    80000  0.0000000000E+00  1.1101720269E+07
    80100  0.0000000000E+00  1.0440299432E+07
    80200  0.0000000000E+00  1.1214007515E+07
    80300  0.0000000000E+00  1.0155517916E+07
    80400  0.0000000000E+00  9.1955964141E+06
    80500  0.0000000000E+00  9.1771447599E+06
    80600  0.0000000000E+00  1.0058515498E+07
    80700  0.0000000000E+00  1.0226256415E+07
    80800  0.0000000000E+00  1.0003674058E+07
    80900  0.0000000000E+00  1.0276135211E+07
    81000  0.0000000000E+00  1.1239910005E+07
    81100  0.0000000000E+00  1.5184740224E+07
    81200  0.0000000000E+00  1.6230594310E+07
    81300  0.0000000000E+00  1.6333920624E+07
    81400  0.0000000000E+00  1.5796379819E+07
    81500  0.0000000000E+00  1.3653383988E+07
    81600  0.0000000000E+00  1.3452857484E+07
    81700  0.0000000000E+00  1.4701601260E+07
    81800  0.0000000000E+00  1.6350862123E+07
    81900  0.0000000000E+00  1.6961553657E+07
    82000  0.0000000000E+00  1.7639420255E+07
    82100  0.0000000000E+00  1.9698145054E+07
    82200  0.0000000000E+00  1.9757785418E+07
    82300  0.0000000000E+00  1.8981154664E+07
    82400  0.0000000000E+00  1.7020095640E+07
    82500  0.0000000000E+00  1.5694752815E+07
    82600  0.0000000000E+00  1.6709031991E+07
    82700  0.0000000000E+00  1.6758728913E+07
    82800  0.0000000000E+00  1.5218153223E+07
    82900  0.0000000000E+00  1.6750029512E+07
    83000  0.0000000000E+00  1.5982575807E+07
    83100  0.0000000000E+00  1.4187876633E+07
    83200  0.0000000000E+00  1.1580417749E+07
    83300  0.0000000000E+00  1.2775417774E+07
    83400  0.0000000000E+00  1.4792938503E+07
    83500  0.0000000000E+00  1.4687798519E+07
    83600  0.0000000000E+00  1.5918515790E+07
    83700  0.0000000000E+00  1.6591848902E+07
    83800  0.0000000000E+00  1.6263428902E+07
    83900  0.0000000000E+00  1.3820841593E+07
    84000  0.0000000000E+00  1.2248716903E+07
    84100  0.0000000000E+00  1.8655608626E+07
    84200  0.0000000000E+00  1.9896166083E+07
    84300  0.0000000000E+00  2.2055171825E+07
    84400  0.0000000000E+00  2.0784929579E+07
    84500  0.0000000000E+00  2.2891269942E+07
    84600  0.0000000000E+00  2.2073450052E+07
    84700  0.0000000000E+00  2.3876184049E+07
    84800  0.0000000000E+00  2.6155939371E+07
    84900  0.0000000000E+00  2.8191179349E+07
    85000  0.0000000000E+00  2.4885479775E+07
    85100  0.0000000000E+00  2.4345088655E+07
    85200  0.0000000000E+00  2.5417262160E+07
    85300  0.0000000000E+00  2.3500647621E+07
    85400  0.0000000000E+00  2.0863485794E+07
    85500  0.0000000000E+00  2.1155010136E+07
    85600  0.0000000000E+00  2.1988875588E+07
    85700  0.0000000000E+00  2.3205597422E+07
    85800  0.0000000000E+00  2.5631394656E+07
    85900  0.0000000000E+00  2.9133705466E+07
    86000  0.0000000000E+00  2.5744290014E+07
    86100  0.0000000000E+00  2.4210439239E+07
    86200  0.0000000000E+00  2.3833741294E+07
    86300  0.0000000000E+00  2.2510450175E+07
    86400  0.0000000000E+00  2.0232458281E+07
    86500  0.0000000000E+00  2.0341294705E+07
    86600  0.0000000000E+00  2.2758504827E+07
    86700  0.0000000000E+00  2.4936513763E+07
    86800  0.0000000000E+00  2.5645682534E+07
    86900  0.0000000000E+00  2.6080778845E+07
    87000  0.0000000000E+00  2.6244747070E+07
    87100  0.0000000000E+00  3.7795316181E+07
    87200  0.0000000000E+00  3.7789295609E+07
    87300  0.0000000000E+00  3.6057874922E+07
    87400  0.0000000000E+00  3.7018716247E+07
    87500  0.0000000000E+00  3.3812374136E+07
    87600  0.0000000000E+00  3.6770969556E+07
    87700  0.0000000000E+00  3.6448681227E+07
    87800  0.0000000000E+00  3.4161771256E+07
    87900  0.0000000000E+00  4.1548900233E+07
    88000  0.0000000000E+00  4.3611772355E+07
    88100  0.0000000000E+00  4.4268737806E+07
    88200  0.0000000000E+00  4.3267990195E+07
    88300  0.0000000000E+00  3.6894167125E+07
    88400  0.0000000000E+00  4.1422605005E+07
    88500  0.0000000000E+00  4.7442260839E+07
    88600  0.0000000000E+00  4.3146534797E+07
    88700  0.0000000000E+00  3.8267704086E+07
    88800  0.0000000000E+00  3.3685155942E+07
    88900  0.0000000000E+00  3.2993568385E+07
    89000  0.0000000000E+00  3.6008783000E+07
    89100  0.0000000000E+00  3.9366293463E+07
    89200  0.0000000000E+00  3.7723440116E+07
    89300  0.0000000000E+00  3.7898990762E+07
    89400  0.0000000000E+00  3.6821830238E+07
    89500  0.0000000000E+00  3.4725075446E+07
    89600  0.0000000000E+00  3.5603187538E+07
    89700  0.0000000000E+00  3.4443970072E+07
    89800  0.0000000000E+00  3.5820689039E+07
    89900  0.0000000000E+00  3.6067110782E+07
    90000  0.0000000000E+00  3.8280708545E+07
    90100  0.0000000000E+00  5.4205679686E+07
    90200  0.0000000000E+00  5.4213959867E+07
    90300  0.0000000000E+00  5.2461784990E+07
    90400  0.0000000000E+00  5.3150384269E+07
    90500  0.0000000000E+00  4.7064266226E+07
    90600  0.0000000000E+00  5.2580411708E+07
    90700  0.0000000000E+00  5.4558283961E+07
    90800  0.0000000000E+00  5.6449198733E+07
    90900  0.0000000000E+00  5.4319181853E+07
    91000  0.0000000000E+00  5.0992539435E+07
    91100  0.0000000000E+00  5.2196946309E+07
    91200  0.0000000000E+00  5.4528417208E+07
    91300  0.0000000000E+00  5.6590728439E+07
    91400  0.0000000000E+00  5.6044878577E+07
    91500  0.0000000000E+00  5.3522524137E+07
    91600  0.0000000000E+00  5.2211884599E+07
    91700  0.0000000000E+00  5.4120279172E+07
    91800  0.0000000000E+00  5.8307401681E+07
    91900  0.0000000000E+00  5.6394006047E+07
    92000  0.0000000000E+00  5.5937182790E+07
    92100  0.0000000000E+00  5.3764810531E+07
    92200  0.0000000000E+00  6.1681928934E+07
    92300  0.0000000000E+00  5.7670668137E+07
    92400  0.0000000000E+00  5.1849165043E+07
    92500  0.0000000000E+00  4.6209804326E+07
    92600  0.0000000000E+00  5.1236310260E+07
    92700  0.0000000000E+00  5.1742585287E+07
    92800  0.0000000000E+00  5.3409555020E+07
    92900  0.0000000000E+00  5.2986540718E+07
    93000  0.0000000000E+00  5.6526097719E+07
    93100  0.0000000000E+00  7.7723889384E+07
    93200  0.0000000000E+00  7.6854093041E+07
    93300  0.0000000000E+00  7.7084087905E+07
    93400  0.0000000000E+00  7.4581801215E+07
    93500  0.0000000000E+00  6.9344203062E+07
    93600  0.0000000000E+00  7.2669982480E+07
    93700  0.0000000000E+00  6.8726773221E+07
    93800  0.0000000000E+00  7.0251654641E+07
    93900  0.0000000000E+00  7.1855629624E+07
    94000  0.0000000000E+00  7.1105302604E+07
    94100  0.0000000000E+00  7.1205601918E+07
    94200  0.0000000000E+00  7.5187985230E+07
    94300  0.0000000000E+00  8.5585182725E+07
    94400  0.0000000000E+00  8.4038716158E+07
    94500  0.0000000000E+00  8.2580326604E+07
    94600  0.0000000000E+00  9.0261607694E+07
    94700  0.0000000000E+00  9.4896956160E+07
    94800  0.0000000000E+00  9.1254724545E+07
    94900  0.0000000000E+00  8.9961101904E+07
    95000  0.0000000000E+00  8.4410852312E+07
    95100  0.0000000000E+00  8.9241272133E+07
    95200  0.0000000000E+00  9.6716549732E+07
    95300  0.0000000000E+00  1.0367353584E+08
    95400  0.0000000000E+00  1.0192293646E+08
    95500  0.0000000000E+00  8.8158362660E+07
    95600  0.0000000000E+00  9.2905757327E+07
    95700  0.0000000000E+00  8.2298693988E+07
    95800  0.0000000000E+00  8.7235177827E+07
    95900  0.0000000000E+00  9.5576387856E+07
    96000  0.0000000000E+00  8.5151586924E+07
    96100  0.0000000000E+00  1.2422866964E+08
    96200  0.0000000000E+00  1.0955865751E+08
    96300  0.0000000000E+00  9.9294214360E+07
    96400  0.0000000000E+00  1.1012363702E+08
    96500  0.0000000000E+00  1.1772338614E+08
    96600  0.0000000000E+00  1.1667873797E+08
    96700  0.0000000000E+00  1.1571732724E+08
    96800  0.0000000000E+00  1.1120835088E+08
    96900  0.0000000000E+00  1.1329007531E+08
    97000  0.0000000000E+00  1.0486543369E+08
    97100  0.0000000000E+00  9.3878321033E+07
    97200  0.0000000000E+00  9.4685883892E+07
    97300  0.0000000000E+00  9.4003129820E+07
    97400  0.0000000000E+00  1.0349359722E+08
    97500  0.0000000000E+00  1.0325980581E+08
    97600  0.0000000000E+00  1.0303721170E+08
    97700  0.0000000000E+00  1.0096357342E+08
    97800  0.0000000000E+00  1.1175636023E+08
    97900  0.0000000000E+00  1.1030991847E+08
    98000  0.0000000000E+00  1.1522286465E+08
    98100  0.0000000000E+00  1.3053891992E+08
    98200  0.0000000000E+00  1.3836534854E+08
    98300  0.0000000000E+00  1.2705255736E+08
    98400  0.0000000000E+00  1.1566243188E+08
    98500  0.0000000000E+00  1.1520907123E+08
    98600  0.0000000000E+00  1.2313536910E+08
    98700  0.0000000000E+00  1.1918823697E+08
    98800  0.0000000000E+00  1.1593891209E+08
    98900  0.0000000000E+00  1.1158645081E+08
    99000  0.0000000000E+00  1.1958886497E+08
    99100  0.0000000000E+00  1.6184004154E+08
    99200  0.0000000000E+00  1.6002491905E+08
    99300  0.0000000000E+00  1.7503737675E+08
    99400  0.0000000000E+00  1.8605739607E+08
    99500  0.0000000000E+00  1.7815769673E+08
    99600  0.0000000000E+00  1.7384987889E+08
    99700  0.0000000000E+00  1.6800145072E+08
    99800  0.0000000000E+00  1.6311119519E+08
    99900  0.0000000000E+00  1.5407743772E+08
   100000  0.0000000000E+00  1.5884366089E+08
   100100  0.0000000000E+00  1.4643919828E+08
   100200  0.0000000000E+00  1.5753252134E+08
   100300  0.0000000000E+00  1.7770669220E+08
   100400  0.0000000000E+00  1.9616037846E+08
   100500  0.0000000000E+00  1.9798675612E+08
   100600  0.0000000000E+00  1.8447772749E+08
   100700  0.0000000000E+00  1.8450584765E+08
   100800  0.0000000000E+00  1.7579776040E+08
   100900  0.0000000000E+00  1.7940179449E+08
   101000  0.0000000000E+00  1.4423641965E+08
   101100  0.0000000000E+00  1.4220594805E+08
   101200  0.0000000000E+00  1.4105568980E+08
   101300  0.0000000000E+00  1.5996080975E+08
   101400  0.0000000000E+00  1.6464137261E+08
   101500  0.0000000000E+00  1.7375450941E+08
   101600  0.0000000000E+00  2.0164328499E+08
   101700  0.0000000000E+00  2.1508156364E+08
   101800  0.0000000000E+00  2.1216230284E+08
   101900  0.0000000000E+00  2.0951730422E+08
   102000  0.0000000000E+00  1.9268449073E+08
   102100  0.0000000000E+00  2.5398633648E+08
   102200  0.0000000000E+00  2.3643883028E+08
   102300  0.0000000000E+00  2.5771122409E+08
   102400  0.0000000000E+00  2.7126854477E+08
   102500  0.0000000000E+00  2.8908523291E+08
   102600  0.0000000000E+00  3.0444339602E+08
   102700  0.0000000000E+00  3.0033887979E+08
   102800  0.0000000000E+00  2.7816248606E+08
   102900  0.0000000000E+00  2.5376153242E+08
   103000  0.0000000000E+00  2.4709642293E+08
   103100  0.0000000000E+00  2.6994532339E+08
   103200  0.0000000000E+00  2.6668794364E+08
   103300  0.0000000000E+00  2.5578677810E+08
   103400  0.0000000000E+00  2.5448631027E+08
   103500  0.0000000000E+00  2.5012080854E+08
   103600  0.0000000000E+00  2.4811023661E+08
   103700  0.0000000000E+00  2.3397074675E+08
   103800  0.0000000000E+00  2.2377659426E+08
   103900  0.0000000000E+00  2.1610705759E+08
   104000  0.0000000000E+00  2.2865387852E+08
   104100  0.0000000000E+00  2.3043560808E+08
   104200  0.0000000000E+00  2.0393093943E+08
   104300  0.0000000000E+00  2.1506219359E+08
   104400  0.0000000000E+00  2.2741547814E+08
   104500  0.0000000000E+00  2.3978076201E+08
   104600  0.0000000000E+00  2.3440009432E+08
   104700  0.0000000000E+00  2.5119400490E+08
   104800  0.0000000000E+00  2.6486019716E+08
   104900  0.0000000000E+00  2.6295907724E+08
   105000  0.0000000000E+00  2.5095796673E+08
   105100  0.0000000000E+00  3.7547275057E+08
   105200  0.0000000000E+00  3.9456231617E+08
   105300  0.0000000000E+00  4.2151820200E+08
   105400  0.0000000000E+00  4.4561140294E+08
   105500  0.0000000000E+00  4.2761160154E+08
   105600  0.0000000000E+00  4.2164123563E+08
   105700  0.0000000000E+00  3.7830848977E+08
   105800  0.0000000000E+00  3.7369309633E+08
   105900  0.0000000000E+00  3.1645241967E+08
   106000  0.0000000000E+00  3.5750075585E+08
   106100  0.0000000000E+00  3.9306869785E+08
   106200  0.0000000000E+00  3.3264072521E+08
   106300  0.0000000000E+00  3.0850494072E+08
   106400  0.0000000000E+00  3.3423419432E+08
   106500  0.0000000000E+00  3.6695775187E+08
   106600  0.0000000000E+00  3.7850213470E+08
   106700  0.0000000000E+00  3.3726697965E+08
   106800  0.0000000000E+00  3.1386332187E+08
   106900  0.0000000000E+00  3.5211622763E+08
   107000  0.0000000000E+00  3.3922799079E+08
   107100  0.0000000000E+00  3.2204863650E+08
   107200  0.0000000000E+00  3.1402763436E+08
   107300  0.0000000000E+00  3.0315243723E+08
   107400  0.0000000000E+00  3.1049461129E+08
   107500  0.0000000000E+00  3.2449533926E+08
   107600  0.0000000000E+00  3.1946701197E+08
   107700  0.0000000000E+00  3.1692294696E+08
   107800  0.0000000000E+00  3.6129466309E+08
   107900  0.0000000000E+00  3.8488429540E+08
   108000  0.0000000000E+00  3.9430450523E+08
   108100  0.0000000000E+00  5.7711190576E+08
   108200  0.0000000000E+00  6.2092864156E+08
   108300  0.0000000000E+00  6.8007851179E+08
   108400  0.0000000000E+00  6.3713314526E+08
   108500  0.0000000000E+00  5.8736273507E+08
   108600  0.0000000000E+00  6.3865118170E+08
   108700  0.0000000000E+00  7.4046461345E+08
   108800  0.0000000000E+00  6.5701269089E+08
   108900  0.0000000000E+00  5.9854118868E+08
   109000  0.0000000000E+00  5.9504735793E+08
   109100  0.0000000000E+00  6.1152145620E+08
   109200  0.0000000000E+00  6.2246407073E+08
   109300  0.0000000000E+00  6.0513404925E+08
   109400  0.0000000000E+00  5.7529746878E+08
   109500  0.0000000000E+00  6.0319576030E+08
   109600  0.0000000000E+00  6.1651345311E+08
   109700  0.0000000000E+00  6.6292005850E+08
   109800  0.0000000000E+00  7.2587922489E+08
   109900  0.0000000000E+00  8.0013015744E+08
   110000  0.0000000000E+00  7.3957010997E+08
   110100  0.0000000000E+00  6.9129135357E+08
   110200  0.0000000000E+00  6.0529044538E+08
   110300  0.0000000000E+00  5.9927154373E+08
   110400  0.0000000000E+00  6.5224881537E+08
   110500  0.0000000000E+00  7.1148353871E+08
   110600  0.0000000000E+00  7.1162162793E+08
   110700  0.0000000000E+00  6.8472236674E+08
   110800  0.0000000000E+00  6.7319160298E+08
   110900  0.0000000000E+00  7.0238280770E+08
   111000  0.0000000000E+00  7.0121579676E+08
   111100  0.0000000000E+00  1.0252814666E+09
   111200  0.0000000000E+00  8.9916087791E+08
   111300  0.0000000000E+00  9.3448670225E+08
   111400  0.0000000000E+00  1.0681933206E+09
   111500  0.0000000000E+00  9.5270931476E+08
   111600  0.0000000000E+00  9.7356304684E+08
