 ######
     5100 -3.8127148558E+08  1.0062805033E+11
     5200 -3.8261465989E+08  1.9713619079E+09
     5300 -3.8141492157E+08  1.9683287390E+09
     5400 -3.8093600929E+08  1.9670688238E+09
     5500 -3.8141445633E+08  1.9682734362E+09
     5600 -3.8244422425E+08  1.9717398941E+09
     5700 -3.8138349562E+08  1.9717324109E+09
     5800 -3.7983995271E+08  1.9714387678E+09
     5900 -3.8085604160E+08  1.9723366537E+09
     6000 -3.8201020644E+08  1.9752216893E+09
     6100 -3.8097875594E+08  1.9766658086E+09
     6200 -3.8301294360E+08  1.9780052860E+09
     6300 -3.8130075583E+08  1.9791940714E+09
     6400 -3.8191452257E+08  1.9800654375E+09
     6500 -3.8274235838E+08  1.9770276402E+09
     6600 -3.8054512244E+08  1.9760623514E+09
     6700 -3.8036932868E+08  1.9749023643E+09
     6800 -3.8091572030E+08  1.9751370622E+09
     6900 -3.8244183915E+08  1.9740552009E+09
     7000 -3.8091745853E+08  1.9766197309E+09
     7100 -4.0276888771E+08  2.9652070314E+09
     7200 -4.7478187195E+08  2.9647492070E+09
     7300 -5.1630178062E+08  2.9620588916E+09
     7400 -5.4219651620E+08  2.9612340763E+09
     7500 -5.5580506899E+08  2.9546447237E+09
     7600 -5.6163482962E+08  2.9547156532E+09
     7700 -5.6753381655E+08  2.9539202186E+09
     7800 -5.7517472035E+08  2.9572895032E+09
     7900 -5.7366972119E+08  2.9539849510E+09
     8000 -5.7547952873E+08  2.9563113321E+09
     8100 -5.7563653400E+08  2.9615188773E+09
     8200 -5.7683392893E+08  2.9614243056E+09
     8300 -5.7833801458E+08  2.9650566697E+09
     8400 -5.7680601221E+08  2.9643809626E+09
     8500 -5.7556268475E+08  2.9622927816E+09
     8600 -5.7622299794E+08  2.9603264658E+09
     8700 -5.7631453494E+08  2.9594667667E+09
     8800 -5.7544451527E+08  2.9557463969E+09
     8900 -5.7520317522E+08  2.9538126583E+09
     9000 -5.7596066453E+08  2.9561002945E+09
     9100 -5.7592396741E+08  2.9557269104E+09
     9200 -5.7513197644E+08  2.9556188530E+09
     9300 -5.7548209567E+08  2.9556035806E+09
     9400 -5.7554147733E+08  2.9565043227E+09
     9500 -5.7680650407E+08  2.9578031539E+09
     9600 -5.7722577743E+08  2.9547323908E+09
     9700 -5.7550952050E+08  2.9508634666E+09
     9800 -5.7511981021E+08  2.9520079111E+09
     9900 -5.7381289532E+08  2.9549175441E+09
    10000 -5.7559465895E+08  2.9496133604E+09
    10100 -6.0371121698E+08  4.4230396560E+09
    10200 -7.1319267259E+08  4.4306282906E+09
    10300 -7.7739859650E+08  4.4273889211E+09
    10400 -8.1315988635E+08  4.4252378471E+09
    10500 -8.3234731033E+08  4.4366577738E+09
    10600 -8.4771950471E+08  4.4387609116E+09
    10700 -8.5993422381E+08  4.4386910618E+09
    10800 -8.6311292584E+08  4.4399241046E+09
    10900 -8.6332019848E+08  4.4333646269E+09
    11000 -8.6327549608E+08  4.4327614530E+09
    11100 -8.6368560845E+08  4.4312591474E+09
    11200 -8.6575770411E+08  4.4299215710E+09
    11300 -8.6482283367E+08  4.4323878621E+09
    11400 -8.6517016328E+08  4.4393685489E+09
    11500 -8.6835899025E+08  4.4420433783E+09
    11600 -8.6669133998E+08  4.4408540704E+09
    11700 -8.6779447582E+08  4.4419047532E+09
    11800 -8.6945508997E+08  4.4412160932E+09
    11900 -8.6786046315E+08  4.4445926161E+09
    12000 -8.6909014988E+08  4.4400280182E+09
    12100 -8.6618997380E+08  4.4380051619E+09
    12200 -8.6920848636E+08  4.4414231339E+09
    12300 -8.7176945666E+08  4.4440485397E+09
    12400 -8.6844504222E+08  4.4392693226E+09
    12500 -8.6928797870E+08  4.4319200831E+09
    12600 -8.6897652449E+08  4.4310227557E+09
    12700 -8.6914343065E+08  4.4374558684E+09
    12800 -8.6685270545E+08  4.4455275044E+09
    12900 -8.7077107014E+08  4.4362591090E+09
    13000 -8.7097965897E+08  4.4313046736E+09
    13100 -8.7881565321E+08  4.9163120478E+09
    13200 -9.1169005650E+08  4.9172499130E+09
    13300 -9.3474663806E+08  4.9158292117E+09
    13400 -9.5033876608E+08  4.9167319781E+09
    13500 -9.5607721595E+08  4.9259351988E+09
    13600 -9.6003218324E+08  4.9387131523E+09
    13700 -9.6238013817E+08  4.9248998359E+09
    13800 -9.6027908785E+08  4.9226790593E+09
    13900 -9.6307475615E+08  4.9168295148E+09
    14000 -9.6109691885E+08  4.9112908783E+09
    14100 -9.6238162775E+08  4.9041291112E+09
    14200 -9.5793461014E+08  4.9041128092E+09
    14300 -9.5697488765E+08  4.9108008688E+09
    14400 -9.5976538017E+08  4.9197278299E+09
    14500 -9.5893003665E+08  4.9285077464E+09
    14600 -9.6206017462E+08  4.9298927076E+09
    14700 -9.6385644027E+08  4.9290686693E+09
    14800 -9.6708343202E+08  4.9342824574E+09
    14900 -9.6910353302E+08  4.9365464885E+09
    15000 -9.6802282996E+08  4.9309704074E+09
    15100 -9.6863069198E+08  4.9314790298E+09
    15200 -9.6868829887E+08  4.9336430281E+09
    15300 -9.6741586263E+08  4.9280597907E+09
    15400 -9.6506585485E+08  4.9297401387E+09
    15500 -9.6637348957E+08  4.9299739589E+09
    15600 -9.6424325348E+08  4.9345063480E+09
    15700 -9.6715906180E+08  4.9440969078E+09
    15800 -9.6759852902E+08  4.9463365371E+09
    15900 -9.7068103222E+08  4.9411891081E+09
    16000 -9.7047884176E+08  4.9344878785E+09
    16100 -9.7146758871E+08  5.1015975882E+09
    16200 -9.8318688152E+08  5.1049103165E+09
    16300 -9.8926451945E+08  5.1074869789E+09
    16400 -9.9392027270E+08  5.1098840717E+09
    16500 -9.9937797106E+08  5.1107568825E+09
    16600 -1.0010008957E+09  5.1051334639E+09
    16700 -9.9951447574E+08  5.1006326215E+09
    16800 -9.9525046835E+08  5.1051352937E+09
    16900 -9.9932587596E+08  5.1016572323E+09
    17000 -9.9887906923E+08  5.1023577827E+09
    17100 -1.0001243396E+09  5.1079915837E+09
    17200 -1.0006258652E+09  5.1066007168E+09
    17300 -9.9999609229E+08  5.1049142660E+09
    17400 -1.0022368540E+09  5.1030503059E+09
    17500 -1.0043351959E+09  5.1007890312E+09
    17600 -1.0022843303E+09  5.1002052977E+09
    17700 -1.0036250945E+09  5.1023541347E+09
    17800 -1.0034404542E+09  5.1040471981E+09
    17900 -1.0038373411E+09  5.1088915472E+09
    18000 -1.0005057971E+09  5.1038665297E+09
    18100 -1.0023727546E+09  5.1082378811E+09
    18200 -1.0020731283E+09  5.1070217908E+09
    18300 -1.0058161087E+09  5.1059041998E+09
    18400 -1.0046142588E+09  5.1031524317E+09
    18500 -1.0029274750E+09  5.0973355404E+09
    18600 -9.9844355993E+08  5.0985693785E+09
    18700 -9.9708008358E+08  5.0921956887E+09
    18800 -9.9713111282E+08  5.0998257450E+09
    18900 -9.9807444796E+08  5.1068391549E+09
    19000 -1.0000269138E+09  5.1112634775E+09
    19100 -9.9640061164E+08  5.1124153959E+09
    19200 -1.0036393204E+09  5.1140288035E+09
    19300 -1.0036409745E+09  5.1092868784E+09
    19400 -1.0020958788E+09  5.1064007412E+09
    19500 -9.9611408771E+08  5.1041471407E+09
    19600 -9.9900806622E+08  5.1041680768E+09
    19700 -9.9991288705E+08  5.1031632068E+09
    19800 -1.0035464980E+09  5.1018674519E+09
    19900 -1.0023142707E+09  5.1072478683E+09
    20000 -1.0041817676E+09  5.1118000152E+09
    20100 -1.0033253657E+09  5.1090569730E+09
    20200 -1.0028968475E+09  5.1088575973E+09
    20300 -1.0039882009E+09  5.1102019877E+09
    20400 -1.0050659129E+09  5.1036829389E+09
    20500 -1.0035565718E+09  5.1044494904E+09
    20600 -1.0005834862E+09  5.1035448236E+09
    20700 -1.0010022098E+09  5.1061450707E+09
    20800 -9.9851341526E+08  5.1080958405E+09
    20900 -1.0024512644E+09  5.1074814515E+09
    21000 -1.0035179804E+09  5.1068822317E+09
    21100 -9.9962604076E+08  5.1064107513E+09
    21200 -9.9786585484E+08  5.1074338382E+09
    21300 -9.9682908529E+08  5.1009981373E+09
    21400 -1.0005310005E+09  5.0960979982E+09
    21500 -1.0018800432E+09  5.0968012247E+09
    21600 -1.0007359003E+09  5.0959638065E+09
    21700 -9.9772906503E+08  5.0986616937E+09
    21800 -1.0002948503E+09  5.0927541974E+09
    21900 -9.9703748129E+08  5.0939356256E+09
    22000 -9.9968223365E+08  5.0998967105E+09
    22100 -9.9980782754E+08  5.0940124843E+09
    22200 -1.0008468605E+09  5.0976954421E+09
    22300 -1.0001772042E+09  5.0972525618E+09
    22400 -1.0008888123E+09  5.0940136949E+09
    22500 -1.0016442547E+09  5.0977719025E+09
    22600 -9.9955647087E+08  5.0980301790E+09
    22700 -9.9761319686E+08  5.0983924053E+09
    22800 -1.0007896800E+09  5.1033193126E+09
    22900 -9.9855141667E+08  5.1085797970E+09
    23000 -1.0030443275E+09  5.1128574196E+09
    23100 -9.9966139202E+08  5.1071463408E+09
    23200 -1.0005184692E+09  5.1118551923E+09
    23300 -1.0027649784E+09  5.1093979444E+09
    23400 -1.0037021837E+09  5.1062346267E+09
    23500 -1.0017768662E+09  5.0990770298E+09
    23600 -1.0001592963E+09  5.0957505821E+09
    23700 -1.0022378509E+09  5.1023808386E+09
    23800 -1.0021029655E+09  5.1033223502E+09
    23900 -1.0010743894E+09  5.1006035949E+09
    24000 -1.0028222926E+09  5.1010886107E+09
    24100 -9.9967071007E+08  5.0995654214E+09
    24200 -9.9753808812E+08  5.0996792734E+09
    24300 -9.9683843531E+08  5.1056239141E+09
    24400 -9.9753379931E+08  5.1063793021E+09
    24500 -1.0013124543E+09  5.1047013564E+09
    24600 -9.9761378586E+08  5.1060728914E+09
    24700 -1.0002731586E+09  5.1081221651E+09
    24800 -9.9903357471E+08  5.1047692987E+09
    24900 -9.9895959586E+08  5.0995757878E+09
    25000 -1.0003912965E+09  5.0987302804E+09
    25100 -1.0017725881E+09  5.1042835860E+09
    25200 -1.0028070890E+09  5.1033102084E+09
    25300 -1.0007338409E+09  5.0968936437E+09
    25400 -1.0011099619E+09  5.0959933900E+09
    25500 -9.9960362981E+08  5.0944628529E+09
    25600 -1.0010075725E+09  5.0958463448E+09
    25700 -9.9682881417E+08  5.0928695832E+09
    25800 -1.0008210357E+09  5.0975012164E+09
    25900 -1.0001686506E+09  5.1010493945E+09
    26000 -9.9917065621E+08  5.0921872237E+09
    26100 -9.9962492990E+08  5.0968095373E+09
    26200 -1.0024037407E+09  5.1030168799E+09
    26300 -1.0002960955E+09  5.1043813568E+09
    26400 -1.0019045580E+09  5.1060908627E+09
    26500 -1.0035156047E+09  5.1037018161E+09
    26600 -1.0014521396E+09  5.0981408204E+09
    26700 -1.0032344339E+09  5.1017739152E+09
    26800 -1.0015473448E+09  5.1037722592E+09
    26900 -9.9741897138E+08  5.1026907186E+09
    27000 -1.0012635621E+09  5.1019223402E+09
    27100 -1.0010699587E+09  5.0979175693E+09
    27200 -1.0043399616E+09  5.0922156884E+09
    27300 -9.9903852648E+08  5.0931184207E+09
    27400 -1.0022033460E+09  5.0972365093E+09
    27500 -1.0044162075E+09  5.0962728792E+09
    27600 -1.0006137573E+09  5.0917249459E+09
    27700 -1.0007071119E+09  5.0917496071E+09
    27800 -9.9944574429E+08  5.0946338274E+09
    27900 -1.0030882954E+09  5.0986862156E+09
    28000 -9.9815671487E+08  5.0958821796E+09
    28100 -1.0000716302E+09  5.0981172326E+09
    28200 -1.0024274266E+09  5.0984794921E+09
    28300 -1.0012218260E+09  5.1033939884E+09
    28400 -9.9974280187E+08  5.1087732245E+09
    28500 -9.9995457001E+08  5.1084619284E+09
    28600 -1.0010587633E+09  5.1050876395E+09
    28700 -1.0007707375E+09  5.1065496098E+09
    28800 -9.9921277493E+08  5.1031767636E+09
    28900 -1.0011686818E+09  5.1052039923E+09
    29000 -1.0000852341E+09  5.1056973696E+09
    29100 -1.0037187272E+09  5.1048601124E+09
    29200 -9.9770376908E+08  5.1106190442E+09
    29300 -9.9886106458E+08  5.1110902755E+09
    29400 -1.0001861113E+09  5.1061972832E+09
    29500 -1.0001697844E+09  5.1094687536E+09
    29600 -9.9987839428E+08  5.1071169806E+09
    29700 -9.9917990032E+08  5.1041216303E+09
    29800 -1.0003749081E+09  5.1049086026E+09
    29900 -1.0021014740E+09  5.1094389565E+09
    30000 -1.0000416036E+09  5.1068998550E+09
    30100 -1.0017883335E+09  5.1080870082E+09
    30200 -1.0036254887E+09  5.1021473826E+09
    30300 -1.0000219331E+09  5.1044168862E+09
    30400 -1.0018040265E+09  5.1024797812E+09
    30500 -9.9914760737E+08  5.1001188487E+09
    30600 -9.9928879386E+08  5.1043000370E+09
    30700 -1.0014858879E+09  5.1082118492E+09
    30800 -1.0036955251E+09  5.1074404205E+09
    30900 -1.0018433473E+09  5.1059126825E+09
    31000 -9.9844186122E+08  5.1041961437E+09
    31100 -1.0024393590E+09  5.1102712908E+09
    31200 -1.0006762638E+09  5.1122490158E+09
    31300 -1.0065254352E+09  5.1095908636E+09
    31400 -1.0042939897E+09  5.1081294713E+09
    31500 -1.0002655064E+09  5.1078009911E+09
    31600 -1.0056367547E+09  5.1083347460E+09
    31700 -1.0049890574E+09  5.1076569288E+09
    31800 -1.0008360176E+09  5.1061308665E+09
    31900 -9.9940358592E+08  5.1030320912E+09
    32000 -9.9825749971E+08  5.1023072568E+09
    32100 -9.9943279805E+08  5.0992539110E+09
    32200 -1.0025533729E+09  5.0965392541E+09
    32300 -1.0007592085E+09  5.0991728021E+09
    32400 -1.0014518874E+09  5.1032974154E+09
    32500 -9.9834426597E+08  5.1069558207E+09
    32600 -1.0015657984E+09  5.1040618068E+09
    32700 -1.0034954528E+09  5.1019861868E+09
    32800 -1.0025166922E+09  5.1044069415E+09
    32900 -9.9814443180E+08  5.1031822454E+09
    33000 -9.9964858634E+08  5.0938618398E+09
    33100 -9.9667290813E+08  5.0926414697E+09
    33200 -9.9740918531E+08  5.0951091304E+09
    33300 -9.9704957223E+08  5.0983076839E+09
    33400 -1.0025147242E+09  5.1011681158E+09
    33500 -1.0038991548E+09  5.1002355573E+09
    33600 -1.0044751871E+09  5.1005044532E+09
    33700 -1.0021272382E+09  5.1010863487E+09
    33800 -1.0038625819E+09  5.0992515247E+09
    33900 -9.9886233292E+08  5.1020120870E+09
    34000 -1.0040730309E+09  5.1061238671E+09
    34100 -1.0024381285E+09  5.1090572847E+09
    34200 -1.0021559069E+09  5.1032646067E+09
    34300 -1.0028249276E+09  5.1043422004E+09
    34400 -1.0038398652E+09  5.1043845273E+09
    34500 -1.0029820230E+09  5.1062693697E+09
    34600 -1.0023500985E+09  5.1078184105E+09
    34700 -1.0017220100E+09  5.1046891330E+09
    34800 -9.9817360426E+08  5.1065162993E+09
    34900 -9.9688613990E+08  5.1048444138E+09
    35000 -9.9635934346E+08  5.0986396333E+09
    35100 -9.9965016547E+08  5.0995279517E+09
    35200 -9.9782305100E+08  5.1046771147E+09
    35300 -1.0023839156E+09  5.1025917892E+09
    35400 -1.0030654262E+09  5.1059238418E+09
    35500 -1.0031581782E+09  5.1065327147E+09
    35600 -1.0036563551E+09  5.1036609570E+09
    35700 -1.0020382837E+09  5.1065025542E+09
    35800 -9.9889278627E+08  5.1017127198E+09
    35900 -9.9929436800E+08  5.0998314649E+09
    36000 -9.9856218035E+08  5.1008545965E+09
    36100 -9.9737074007E+08  5.0980593151E+09
    36200 -9.9670922437E+08  5.0950195616E+09
    36300 -9.9881978978E+08  5.0964920001E+09
    36400 -9.9745918382E+08  5.0961120777E+09
    36500 -9.9829557466E+08  5.0976473955E+09
    36600 -1.0025934311E+09  5.1020451694E+09
    36700 -1.0006020515E+09  5.1013849626E+09
    36800 -1.0001062462E+09  5.1027588477E+09
    36900 -9.9787433914E+08  5.1058108807E+09
    37000 -9.9829331244E+08  5.1001095605E+09
    37100 -9.9468157982E+08  5.0977148533E+09
    37200 -9.9426886235E+08  5.0988188276E+09
    37300 -1.0001139894E+09  5.0998180097E+09
    37400 -9.9508435270E+08  5.0952030457E+09
    37500 -9.9951307469E+08  5.0915910559E+09
    37600 -9.9754216010E+08  5.1006686653E+09
    37700 -9.9908450539E+08  5.1037733700E+09
    37800 -1.0021720864E+09  5.1007833634E+09
    37900 -1.0047672095E+09  5.1059183231E+09
    38000 -1.0040474892E+09  5.1042727100E+09
    38100 -9.9951603312E+08  5.0963237049E+09
    38200 -9.9990010158E+08  5.0927850090E+09
    38300 -9.9789150300E+08  5.0938668906E+09
    38400 -9.9823520822E+08  5.0936933681E+09
    38500 -9.9986817367E+08  5.0947564738E+09
    38600 -9.9812085920E+08  5.1020959150E+09
    38700 -9.9606018537E+08  5.1029889675E+09
    38800 -9.9705654821E+08  5.0999452894E+09
    38900 -1.0017908512E+09  5.1002241177E+09
    39000 -1.0009588726E+09  5.0991891427E+09
    39100 -9.9896815994E+08  5.1013156388E+09
    39200 -1.0028514055E+09  5.1011496941E+09
    39300 -9.9964869526E+08  5.0960621895E+09
    39400 -9.9959020276E+08  5.0939054863E+09
    39500 -9.9910598097E+08  5.0951003875E+09
    39600 -9.9782116340E+08  5.0987706422E+09
    39700 -9.9837945778E+08  5.0976607036E+09
    39800 -9.9414961663E+08  5.0982744741E+09
    39900 -9.9965034911E+08  5.1003153620E+09
    40000 -9.9854967770E+08  5.0967408944E+09
    40100 -9.9872442610E+08  5.0930186460E+09
    40200 -9.9679957973E+08  5.0924145598E+09
    40300 -1.0007724728E+09  5.0950290515E+09
    40400 -1.0003590522E+09  5.0976659836E+09
    40500 -9.9763435369E+08  5.1021325732E+09
    40600 -9.9886732202E+08  5.1022809609E+09
    40700 -9.9944946629E+08  5.0987577590E+09
    40800 -9.9449241535E+08  5.1023192102E+09
    40900 -9.9622296887E+08  5.1058465639E+09
    41000 -1.0009061297E+09  5.1034569085E+09
    41100 -1.0005531528E+09  5.1011998354E+09
    41200 -1.0015807659E+09  5.1041503667E+09
    41300 -9.9413195773E+08  5.1055693182E+09
    41400 -9.9519469153E+08  5.1058655363E+09
    41500 -9.9826704741E+08  5.1053280394E+09
    41600 -9.9966782893E+08  5.1038353025E+09
    41700 -9.9989806836E+08  5.0993880690E+09
    41800 -9.9624732017E+08  5.0992601313E+09
    41900 -9.9770648015E+08  5.0983153308E+09
    42000 -9.9830020980E+08  5.1020908011E+09
    42100 -9.9847749830E+08  5.1043364740E+09
    42200 -1.0000975573E+09  5.1070942387E+09
    42300 -9.9963797075E+08  5.1021474110E+09
    42400 -9.9962015639E+08  5.1018489656E+09
    42500 -1.0027220430E+09  5.1024878163E+09
    42600 -1.0002998847E+09  5.1019143968E+09
    42700 -1.0015127402E+09  5.1059309252E+09
    42800 -1.0023508575E+09  5.1075819878E+09
    42900 -1.0017650597E+09  5.1097078448E+09
    43000 -1.0016741926E+09  5.1069138410E+09
    43100 -1.0011940797E+09  5.1025373818E+09
    43200 -1.0004661744E+09  5.1004747642E+09
    43300 -9.9954943121E+08  5.1033525599E+09
    43400 -9.9816330107E+08  5.1071996406E+09
    43500 -1.0012462071E+09  5.1082530046E+09
    43600 -9.9744397704E+08  5.1048585629E+09
    43700 -9.9954329550E+08  5.1002717910E+09
    43800 -1.0017479194E+09  5.0982318032E+09
    43900 -1.0007281626E+09  5.1017801896E+09
    44000 -1.0007181801E+09  5.1038631767E+09
    44100 -1.0003046519E+09  5.1028309869E+09
    44200 -1.0017946661E+09  5.0978723450E+09
    44300 -1.0005347732E+09  5.0956539239E+09
    44400 -1.0011265497E+09  5.0977239287E+09
    44500 -9.9858605199E+08  5.1005359934E+09
    44600 -9.9774060718E+08  5.1050496884E+09
    44700 -1.0024648766E+09  5.1098033380E+09
    44800 -1.0004802263E+09  5.1051276106E+09
    44900 -1.0023232626E+09  5.1007403855E+09
    45000 -9.9893544677E+08  5.1001355125E+09
    45100 -9.9662274494E+08  5.1001961212E+09
    45200 -9.9784473927E+08  5.0971359340E+09
    45300 -9.9604213107E+08  5.1021731748E+09
    45400 -9.9656877484E+08  5.1048247251E+09
    45500 -9.9838024508E+08  5.1088211212E+09
    45600 -9.9913633883E+08  5.1056362556E+09
    45700 -1.0008817621E+09  5.1066589738E+09
    45800 -1.0011149096E+09  5.1106819101E+09
    45900 -1.0009534117E+09  5.1094083064E+09
    46000 -1.0013043919E+09  5.1078648472E+09
    46100 -1.0043554571E+09  5.1045046455E+09
    46200 -1.0032930942E+09  5.1036652156E+09
    46300 -1.0085617199E+09  5.1085301111E+09
    46400 -1.0017060773E+09  5.1079829015E+09
    46500 -1.0022858776E+09  5.1033992437E+09
    46600 -9.9770411306E+08  5.1019867298E+09
    46700 -9.9812566167E+08  5.1043970086E+09
    46800 -9.9981369462E+08  5.1026178144E+09
    46900 -9.9789063316E+08  5.1048192975E+09
    47000 -9.9850175053E+08  5.1103184635E+09
    47100 -1.0030664645E+09  5.1125115948E+09
    47200 -1.0016620715E+09  5.1070475379E+09
    47300 -1.0004534504E+09  5.1043188785E+09
    47400 -1.0014966617E+09  5.1019870496E+09
    47500 -1.0028717761E+09  5.1008819919E+09
    47600 -9.9724200959E+08  5.0986715521E+09
    47700 -9.9916412120E+08  5.1037730707E+09
    47800 -9.9981256525E+08  5.1018204875E+09
    47900 -1.0035952405E+09  5.1034691444E+09
    48000 -1.0038595166E+09  5.1053694523E+09
    48100 -1.0011514433E+09  5.1019728813E+09
    48200 -1.0011890770E+09  5.1039535235E+09
    48300 -1.0006201936E+09  5.1090324812E+09
    48400 -1.0003352100E+09  5.1090285202E+09
    48500 -1.0027246679E+09  5.1055866495E+09
    48600 -9.9881914398E+08  5.1013271241E+09
    48700 -9.9778134677E+08  5.0991530728E+09
    48800 -1.0006793482E+09  5.1007182899E+09
    48900 -1.0016248882E+09  5.1037463229E+09
    49000 -1.0009069735E+09  5.1047080332E+09
    49100 -1.0019971657E+09  5.1037135170E+09
    49200 -1.0035050512E+09  5.1068985334E+09
    49300 -1.0055542021E+09  5.1066763564E+09
    49400 -9.9923788245E+08  5.0986048704E+09
    49500 -1.0009470676E+09  5.0966528809E+09
    49600 -1.0018798280E+09  5.1014720157E+09
    49700 -1.0012173105E+09  5.1026970508E+09
    49800 -9.9975348042E+08  5.1068054240E+09
    49900 -1.0035821437E+09  5.1036865762E+09
    50000 -1.0014143523E+09  5.1020539358E+09
    50100 -9.9777551050E+08  5.1045460874E+09
    50200 -9.9830065481E+08  5.1034777339E+09
    50300 -9.9491916739E+08  5.1016881163E+09
    50400 -9.9967986917E+08  5.1000500844E+09
    50500 -9.9982689113E+08  5.1021207832E+09
    50600 -9.9705097111E+08  5.0993337980E+09
    50700 -1.0002732108E+09  5.0988828320E+09
    50800 -9.9689702606E+08  5.0988626969E+09
    50900 -9.9836990963E+08  5.0991977409E+09
    51000 -9.9684548932E+08  5.1015456343E+09
    51100 -9.9648119096E+08  5.1028957127E+09
    51200 -1.0002179115E+09  5.1039167570E+09
    51300 -1.0021372864E+09  5.1030536844E+09
    51400 -1.0034031868E+09  5.1034725478E+09
    51500 -9.9869081349E+08  5.0972962838E+09
    51600 -1.0024973385E+09  5.0979659302E+09
    51700 -1.0052799680E+09  5.0984122868E+09
    51800 -1.0024789324E+09  5.0994588397E+09
    51900 -1.0049623575E+09  5.1018645542E+09
    52000 -1.0016206794E+09  5.1055070122E+09
    52100 -1.0029568598E+09  5.1052563470E+09
    52200 -1.0038060220E+09  5.1091438419E+09
    52300 -1.0048399190E+09  5.1065660171E+09
    52400 -1.0049738128E+09  5.1061427812E+09
    52500 -1.0039891632E+09  5.1057988859E+09
    52600 -1.0018033076E+09  5.1047979563E+09
    52700 -1.0020447872E+09  5.1011495883E+09
    52800 -1.0018861426E+09  5.1041024098E+09
    52900 -1.0021079676E+09  5.1046705756E+09
    53000 -1.0006316437E+09  5.0994337699E+09
    53100 -1.0012717322E+09  5.0987352280E+09
    53200 -1.0043609161E+09  5.0985694713E+09
    53300 -1.0004637861E+09  5.0969661822E+09
    53400 -1.0017746608E+09  5.1015825695E+09
    53500 -1.0039764700E+09  5.0989256961E+09
    53600 -1.0037186709E+09  5.0995472948E+09
    53700 -1.0047849112E+09  5.1018753176E+09
    53800 -1.0029331655E+09  5.1000727946E+09
    53900 -9.9863173987E+08  5.1045322528E+09
    54000 -1.0031312124E+09  5.1058535889E+09
    54100 -9.9753477679E+08  5.1071276275E+09
    54200 -9.9782579170E+08  5.1094977711E+09
    54300 -9.9633522099E+08  5.1087795871E+09
    54400 -1.0002340033E+09  5.1070852294E+09
    54500 -1.0003825145E+09  5.1079380362E+09
    54600 -9.9912255411E+08  5.1104909307E+09
    54700 -9.9681080174E+08  5.1095472462E+09
    54800 -9.9948218895E+08  5.1058142440E+09
    54900 -1.0017881971E+09  5.1076582193E+09
    55000 -1.0031090645E+09  5.1088498007E+09
    55100 -1.0031309286E+09  5.0993115462E+09
    55200 -1.0007747112E+09  5.0984891786E+09
    55300 -9.9953445102E+08  5.0987301967E+09
    55400 -1.0042786850E+09  5.1015296931E+09
    55500 -1.0035325881E+09  5.1044251022E+09
    55600 -1.0030188906E+09  5.1030005008E+09
    55700 -9.9928480316E+08  5.1035609138E+09
    55800 -9.9988264680E+08  5.1026976189E+09
    55900 -1.0009199382E+09  5.0971037203E+09
    56000 -9.9965715261E+08  5.0960289070E+09
    56100 -9.9720660162E+08  5.0973569679E+09
    56200 -9.9544337614E+08  5.0958916483E+09
    56300 -9.9697863101E+08  5.1015625810E+09
    56400 -9.9654425793E+08  5.1050290962E+09
    56500 -9.9769934759E+08  5.1039763277E+09
    56600 -9.9953268157E+08  5.1051375675E+09
    56700 -1.0002704606E+09  5.1018067353E+09
    56800 -1.0032745216E+09  5.0989409665E+09
    56900 -1.0031908808E+09  5.1000460123E+09
    57000 -1.0021484285E+09  5.1019150827E+09
    57100 -9.9959287477E+08  5.1037524210E+09
    57200 -1.0002964042E+09  5.0978728908E+09
    57300 -9.9940671652E+08  5.0986115050E+09
    57400 -9.9939048161E+08  5.0975868032E+09
    57500 -9.9611282469E+08  5.0964498085E+09
    57600 -9.9982829091E+08  5.0963092404E+09
    57700 -1.0022699852E+09  5.0960000728E+09
    57800 -9.9831764040E+08  5.0960557197E+09
    57900 -1.0004466858E+09  5.0921125154E+09
    58000 -9.9574061003E+08  5.0924820183E+09
    58100 -9.9842124489E+08  5.0984415732E+09
    58200 -9.9684955558E+08  5.0952550334E+09
    58300 -9.9915587942E+08  5.1003734776E+09
    58400 -9.9884870758E+08  5.0990533118E+09
    58500 -9.9912245191E+08  5.0975174645E+09
    58600 -1.0001603374E+09  5.1056993732E+09
    58700 -1.0009186206E+09  5.1042553042E+09
    58800 -9.9896026993E+08  5.1011106296E+09
    58900 -1.0005522503E+09  5.0989150703E+09
    59000 -9.9697978629E+08  5.1019817304E+09
    59100 -9.9664308669E+08  5.0998763418E+09
    59200 -9.9542309017E+08  5.1019641204E+09
    59300 -9.9910539941E+08  5.1082027773E+09
    59400 -1.0017833751E+09  5.1096615320E+09
    59500 -1.0002195824E+09  5.1092176259E+09
    59600 -1.0000296814E+09  5.1035595709E+09
    59700 -1.0033955352E+09  5.1063252567E+09
    59800 -1.0039316443E+09  5.1068369050E+09
    59900 -1.0007484647E+09  5.1034067740E+09
    60000 -1.0022050448E+09  5.1094437427E+09
    60100 -9.9943116116E+08  5.1026183843E+09
    60200 -1.0015666650E+09  5.1024509097E+09
    60300 -9.9837468154E+08  5.1016312569E+09
    60400 -1.0005439609E+09  5.0999202252E+09
    60500 -9.9801417927E+08  5.1087318416E+09
    60600 -1.0039714346E+09  5.1154196414E+09
    60700 -1.0010153812E+09  5.1122559055E+09
    60800 -1.0008185240E+09  5.1054432593E+09
    60900 -9.9894540333E+08  5.1032878348E+09
    61000 -9.9985562045E+08  5.1030005266E+09
    61100 -1.0008572598E+09  5.1041921399E+09
    61200 -9.9950536861E+08  5.0983289970E+09
    61300 -9.9956476958E+08  5.0954975217E+09
    61400 -9.9887912080E+08  5.0970150679E+09
    61500 -9.9940789758E+08  5.0969897963E+09
    61600 -9.9909117415E+08  5.0976217174E+09
    61700 -9.9832680067E+08  5.0964308140E+09
    61800 -9.9760334202E+08  5.0935800568E+09
    61900 -9.9703356253E+08  5.0911015137E+09
    62000 -1.0014846504E+09  5.0950600737E+09
    62100 -1.0010376520E+09  5.0953882620E+09
    62200 -9.9631566247E+08  5.0933643922E+09
    62300 -9.9996661723E+08  5.0985665419E+09
    62400 -1.0015590526E+09  5.1022383105E+09
    62500 -9.9704958851E+08  5.1034412430E+09
    62600 -1.0002343152E+09  5.1027774702E+09
    62700 -9.9845966340E+08  5.1027973810E+09
    62800 -1.0017451558E+09  5.1041357595E+09
    62900 -1.0021658194E+09  5.1042543906E+09
    63000 -1.0023865343E+09  5.0995606326E+09
    63100 -1.0043460399E+09  5.0974773974E+09
    63200 -1.0020690411E+09  5.0934512773E+09
    63300 -1.0002971207E+09  5.0942108197E+09
    63400 -1.0003031488E+09  5.0939960278E+09
    63500 -9.9953211664E+08  5.0942049602E+09
    63600 -9.9867785725E+08  5.0939558791E+09
    63700 -9.9592832415E+08  5.0978654141E+09
    63800 -9.9708637459E+08  5.1026172538E+09
    63900 -1.0028742806E+09  5.1065485586E+09
    64000 -1.0020222025E+09  5.1097421777E+09
    64100 -1.0031207219E+09  5.1094246883E+09
    64200 -9.9995443834E+08  5.1009276300E+09
    64300 -9.9893408085E+08  5.0984959493E+09
    64400 -9.9569424665E+08  5.0993119339E+09
    64500 -9.9895074867E+08  5.1032890490E+09
    64600 -9.9960578403E+08  5.0998992213E+09
    64700 -9.9911108432E+08  5.0938776709E+09
    64800 -9.9838630265E+08  5.0948599177E+09
    64900 -9.9802573543E+08  5.0990429798E+09
    65000 -1.0001770101E+09  5.1035324252E+09
    65100 -1.0021585711E+09  5.1069253453E+09
    65200 -9.9832274700E+08  5.1090767977E+09
    65300 -1.0014381639E+09  5.1080802427E+09
    65400 -1.0019930730E+09  5.1054311052E+09
    65500 -1.0021366683E+09  5.1073172572E+09
    65600 -1.0034930192E+09  5.1073821346E+09
    65700 -1.0034064316E+09  5.1021566178E+09
    65800 -1.0014724487E+09  5.0962149180E+09
    65900 -1.0007514803E+09  5.0965150533E+09
    66000 -9.9959360296E+08  5.1024561933E+09
    66100 -1.0014190813E+09  5.1062522947E+09
    66200 -9.9873867861E+08  5.1090637913E+09
    66300 -1.0019111266E+09  5.1089006537E+09
    66400 -1.0001864776E+09  5.1072999740E+09
    66500 -1.0035566681E+09  5.1041209021E+09
    66600 -1.0030713726E+09  5.1040834260E+09
    66700 -1.0027628128E+09  5.1032344639E+09
    66800 -1.0020429541E+09  5.0983584305E+09
    66900 -9.9893019277E+08  5.0987942248E+09
    67000 -1.0003473454E+09  5.1006587384E+09
    67100 -9.9892029864E+08  5.0990728102E+09
    67200 -1.0009350940E+09  5.1038203131E+09
    67300 -9.9943937551E+08  5.1090308969E+09
    67400 -1.0035931809E+09  5.1141697821E+09
    67500 -1.0002799519E+09  5.1112637660E+09
    67600 -1.0011676900E+09  5.1101347568E+09
    67700 -1.0023126058E+09  5.1064559950E+09
    67800 -1.0008799009E+09  5.1071798762E+09
    67900 -9.9879225227E+08  5.1025499749E+09
    68000 -9.9819551768E+08  5.0995855396E+09
    68100 -9.9861097471E+08  5.1042803914E+09
    68200 -1.0029588611E+09  5.1096326714E+09
    68300 -1.0005413517E+09  5.1131437038E+09
    68400 -9.9729081526E+08  5.1109227449E+09
    68500 -1.0016857476E+09  5.1129421775E+09
    68600 -1.0035093162E+09  5.1087900337E+09
    68700 -1.0028386359E+09  5.1105649991E+09
    68800 -9.9954100165E+08  5.1107737260E+09
    68900 -9.9930000116E+08  5.1047987493E+09
    69000 -9.9880201097E+08  5.1051379794E+09
    69100 -1.0009338480E+09  5.1074442825E+09
    69200 -1.0001974894E+09  5.1050346360E+09
    69300 -1.0010957461E+09  5.1002595671E+09
    69400 -9.9925130660E+08  5.1004000480E+09
    69500 -1.0001364284E+09  5.1005598269E+09
    69600 -1.0000666771E+09  5.1023070080E+09
    69700 -9.9704162455E+08  5.1016782902E+09
    69800 -9.9580423146E+08  5.1004116967E+09
    69900 -1.0003784601E+09  5.0991808768E+09
    70000 -1.0003246439E+09  5.1018059209E+09
    70100 -1.0022088628E+09  5.1068220591E+09
    70200 -1.0022047424E+09  5.1032848232E+09
    70300 -1.0030457088E+09  5.1016757164E+09
    70400 -1.0006863407E+09  5.0990732844E+09
    70500 -1.0036875315E+09  5.0993540078E+09
    70600 -1.0009060194E+09  5.0957313735E+09
    70700 -9.9798921847E+08  5.0981131808E+09
    70800 -1.0011799851E+09  5.0934332060E+09
    70900 -1.0009888550E+09  5.0892255615E+09
    71000 -9.9906050512E+08  5.0964373229E+09
    71100 -1.0003534762E+09  5.0994131874E+09
    71200 -9.9666906130E+08  5.1048215199E+09
    71300 -9.9684261813E+08  5.1034126081E+09
    71400 -9.9797927761E+08  5.0990664332E+09
    71500 -9.9776013208E+08  5.0955430250E+09
    71600 -9.9655370779E+08  5.0916189228E+09
    71700 -9.9806610666E+08  5.0945772885E+09
    71800 -9.9934231481E+08  5.0946774046E+09
    71900 -9.9846677971E+08  5.0902177044E+09
    72000 -9.9819365037E+08  5.0921890389E+09
    72100 -9.9728058067E+08  5.0960998400E+09
    72200 -9.9589173492E+08  5.0979671873E+09
    72300 -9.9940548496E+08  5.0966074025E+09
    72400 -9.9660034930E+08  5.0993581860E+09
    72500 -1.0005094732E+09  5.0997596333E+09
    72600 -9.9996743136E+08  5.1006669387E+09
    72700 -9.9853754564E+08  5.1073540898E+09
    72800 -9.9867660363E+08  5.1073095674E+09
    72900 -9.9906306046E+08  5.1052978520E+09
    73000 -9.9714572863E+08  5.1037094243E+09
    73100 -1.0003671456E+09  5.1075817961E+09
    73200 -9.9906504590E+08  5.1098314372E+09
    73300 -1.0009695929E+09  5.1125393841E+09
    73400 -1.0035038432E+09  5.1114018290E+09
    73500 -1.0041512703E+09  5.1143393304E+09
    73600 -1.0001374953E+09  5.1069353372E+09
    73700 -1.0001147938E+09  5.0993807778E+09
    73800 -9.9732402150E+08  5.0962356383E+09
    73900 -9.9796352345E+08  5.0995597963E+09
    74000 -9.9555370573E+08  5.0987995512E+09
    74100 -9.9657456728E+08  5.0915818937E+09
    74200 -9.9451203558E+08  5.0915081535E+09
    74300 -9.9791281728E+08  5.0940956510E+09
    74400 -1.0035913835E+09  5.0993313452E+09
    74500 -1.0057218734E+09  5.1045358538E+09
    74600 -1.0030862940E+09  5.1016824713E+09
    74700 -1.0023388992E+09  5.1042340235E+09
    74800 -1.0038727583E+09  5.1043058859E+09
    74900 -1.0011578540E+09  5.1095192720E+09
    75000 -1.0019283529E+09  5.1074376838E+09
    75100 -1.0001584952E+09  5.1039047254E+09
    75200 -1.0006726753E+09  5.1013590237E+09
    75300 -1.0004573561E+09  5.1014902841E+09
    75400 -1.0022189785E+09  5.1051868209E+09
    75500 -1.0002904237E+09  5.1040301465E+09
    75600 -1.0006727485E+09  5.1052936697E+09
    75700 -1.0015718913E+09  5.1056101638E+09
    75800 -1.0021803548E+09  5.1052089429E+09
    75900 -1.0008874795E+09  5.1008757361E+09
    76000 -1.0030104233E+09  5.0950656372E+09
    76100 -1.0010630991E+09  5.0997492121E+09
    76200 -1.0033378153E+09  5.1009610959E+09
    76300 -1.0027256429E+09  5.0952012154E+09
    76400 -1.0023820321E+09  5.1031605468E+09
    76500 -1.0005660303E+09  5.1037634125E+09
    76600 -1.0001272223E+09  5.1028196909E+09
    76700 -1.0002799698E+09  5.1038220373E+09
    76800 -9.9969716414E+08  5.1076584450E+09
