 ######
    20100 -9.9658825227E+09  1.4896967577E+14
    20200 -9.9511931602E+09  7.4272545459E+11
    20300 -9.9558999738E+09  7.4321832774E+11
    20400 -9.9453290415E+09  7.4305936109E+11
    20500 -9.9533819894E+09  7.4270951457E+11
    20600 -9.9371880202E+09  7.4201948671E+11
    20700 -9.9213084315E+09  7.4228295536E+11
    20800 -9.9949255731E+09  7.4269377740E+11
    20900 -9.9523889995E+09  7.4181223982E+11
    21000 -9.9698486343E+09  7.4129698327E+11
    21100 -9.9347369043E+09  7.4091033423E+11
    21200 -9.9313243022E+09  7.4135846746E+11
    21300 -9.9243991961E+09  7.4145016846E+11
    21400 -9.9757235724E+09  7.4211884254E+11
    21500 -9.9702202709E+09  7.4207455001E+11
    21600 -9.9980486384E+09  7.8124436429E+11
    21700 -1.0125015897E+10  7.8085968507E+11
    21800 -1.0215399709E+10  7.8144710504E+11
    21900 -1.0331404623E+10  7.8088363664E+11
    22000 -1.0366525699E+10  7.8098534889E+11
    22100 -1.0417510759E+10  7.8080638574E+11
    22200 -1.0448020380E+10  7.8046139950E+11
    22300 -1.0462681603E+10  7.8189549327E+11
    22400 -1.0485057887E+10  7.8255425662E+11
    22500 -1.0504546656E+10  7.8201190125E+11
    22600 -1.0444894689E+10  7.8088861396E+11
    22700 -1.0447685637E+10  7.8140949486E+11
    22800 -1.0485880825E+10  7.8199325364E+11
    22900 -1.0466404889E+10  7.8197549760E+11
    23000 -1.0463393420E+10  7.8219812014E+11
    23100 -1.0443161514E+10  7.8148534854E+11
    23200 -1.0432734861E+10  7.8064687926E+11
    23300 -1.0480896892E+10  7.8089835990E+11
    23400 -1.0408640431E+10  7.8107016885E+11
    23500 -1.0444710883E+10  7.8189055246E+11
    23600 -1.0480229721E+10  7.8110560391E+11
    23700 -1.0481992086E+10  7.8039236314E+11
    23800 -1.0493849664E+10  7.8130563749E+11
    23900 -1.0493446720E+10  7.8106073591E+11
    24000 -1.0440997071E+10  7.8128599618E+11
    24100 -1.0456434311E+10  7.8063550695E+11
    24200 -1.0460506599E+10  7.8205890250E+11
    24300 -1.0469919974E+10  7.8302682590E+11
    24400 -1.0506774497E+10  7.8281539858E+11
    24500 -1.0453952403E+10  7.8189424655E+11
    24600 -6.0000072730E+09  7.8170422594E+11
    24700 -1.0463352261E+10  7.8121006633E+11
    24800 -1.0446919302E+10  7.8145513483E+11
    24900 -1.0443691959E+10  7.8081276775E+11
    25000 -1.0469213651E+10  7.8017839466E+11
    25100 -1.0462124847E+10  7.8087094894E+11
    25200 -1.0450456494E+10  7.8090697083E+11
    25300 -1.0454867578E+10  7.8015382154E+11
    25400 -1.0446762446E+10  7.7931077569E+11
    25500 -1.0468927237E+10  7.7953345311E+11
    25600 -1.0453813684E+10  7.7999816568E+11
    25700 -1.0462537486E+10  7.8054596008E+11
    25800 -1.0437283632E+10  7.8151419069E+11
    25900 -1.0458172373E+10  7.8178218703E+11
    26000 -1.0441712401E+10  7.8134554143E+11
    26100 -1.0461905665E+10  7.8083263142E+11
    26200 -1.0430068477E+10  7.8083447324E+11
    26300 -1.0421977079E+10  7.8129117267E+11
    26400 -1.0452346428E+10  7.8154949893E+11
    26500 -1.0457268584E+10  7.8074649892E+11
    26600 -1.0457794639E+10  7.8036711397E+11
    26700 -1.0440999183E+10  7.8057631482E+11
    26800 -1.0466218788E+10  7.8066922286E+11
    26900 -1.0445436791E+10  7.8019320242E+11
    27000 -1.0437265909E+10  7.7996658553E+11
    27100 -1.0447708338E+10  7.8013143341E+11
    27200 -1.0426461188E+10  7.8089820084E+11
    27300 -1.0414781222E+10  7.8060771255E+11
    27400 -1.0432062117E+10  7.8069110591E+11
    27500 -1.0454637904E+10  7.8076171956E+11
    27600 -1.0459485941E+10  7.8198337951E+11
    27700 -1.0495541621E+10  7.8248113185E+11
    27800 -1.0482968525E+10  7.8244948780E+11
    27900 -1.0512374828E+10  7.8261448670E+11
    28000 -1.0519806914E+10  7.8203640573E+11
    28100 -1.0513484706E+10  7.8171810381E+11
    28200 -1.0471534125E+10  7.8099006010E+11
    28300 -1.0455545666E+10  7.8032485541E+11
    28400 -1.0439214057E+10  7.8077100282E+11
    28500 -1.0435264789E+10  7.8082870518E+11
    28600 -1.0443656542E+10  7.8085324273E+11
    28700 -1.0445985270E+10  7.8014182348E+11
    28800 -1.0437005658E+10  7.8078768480E+11
    28900 -1.0446477029E+10  7.8187282367E+11
    29000 -1.0442992127E+10  7.8240490732E+11
    29100 -1.0428744846E+10  7.8286042909E+11
    29200 -1.0447419100E+10  7.8210329602E+11
    29300 -1.0444533082E+10  7.8159528414E+11
    29400 -1.0451475557E+10  7.8171381700E+11
    29500 -1.0420419228E+10  7.8122449848E+11
    29600 -1.0465404978E+10  7.8112981281E+11
    29700 -1.0448203754E+10  7.8078457406E+11
    29800 -1.0425523210E+10  7.8000558454E+11
    29900 -1.0424626431E+10  7.8159312768E+11
    30000 -1.0454310168E+10  7.8190997861E+11
    30100 -1.0451145683E+10  7.8146705213E+11
    30200 -1.0468573600E+10  7.8021421969E+11
    30300 -1.0433705110E+10  7.8047973208E+11
    30400 -1.0442787726E+10  7.8010714994E+11
    30500 -1.0409895204E+10  7.8052651636E+11
    30600 -1.0403406722E+10  7.8028452530E+11
    30700 -1.0410436656E+10  7.7983920519E+11
    30800 -1.0409759339E+10  7.8098488383E+11
    30900 -1.0426868631E+10  7.8062651539E+11
    31000 -1.0438106326E+10  7.8188914408E+11
    31100 -1.0441602228E+10  7.8194106818E+11
    31200 -1.0466367323E+10  7.8169771489E+11
    31300 -1.0474573682E+10  7.8163492633E+11
    31400 -1.0463907045E+10  7.8270008672E+11
    31500 -1.0484850789E+10  7.8270188776E+11
    31600 -1.0462201568E+10  7.8190368105E+11
    31700 -1.0477253226E+10  7.8227626515E+11
    31800 -1.0495037876E+10  7.8216954888E+11
    31900 -1.0473409628E+10  7.8231711037E+11
    32000 -1.0470300677E+10  7.8210521085E+11
    32100 -1.0457257329E+10  7.8126296116E+11
    32200 -1.0445906101E+10  7.8133452346E+11
    32300 -1.0448131117E+10  7.8152871208E+11
    32400 -1.0475635809E+10  7.8194360430E+11
    32500 -1.0482948892E+10  7.8177625756E+11
    32600 -1.0464346686E+10  7.8149416056E+11
    32700 -1.0437051712E+10  7.8107270476E+11
    32800 -1.0456680250E+10  7.7985600363E+11
    32900 -1.0451133333E+10  7.8001169162E+11
    33000 -1.0429277037E+10  7.8064693205E+11
    33100 -1.0427960014E+10  7.8213877764E+11
    33200 -1.0465000108E+10  7.8283718955E+11
    33300 -1.0469977478E+10  7.8286811624E+11
    33400 -1.0487364034E+10  7.8165060569E+11
    33500 -1.0437876354E+10  7.8044964587E+11
    33600 -1.0438161761E+10  7.8039680526E+11
    33700 -1.0469969438E+10  7.8115549923E+11
    33800 -1.0454448740E+10  7.8109564611E+11
    33900 -1.0479221030E+10  7.8149013264E+11
    34000 -1.0482762311E+10  7.8123477138E+11
    34100 -1.0473219449E+10  7.8120271883E+11
    34200 -1.0479663439E+10  7.8145441640E+11
    34300 -1.0479049559E+10  7.8285868563E+11
    34400 -1.0484726232E+10  7.8346309751E+11
    34500 -1.0519070526E+10  7.8390149908E+11
    34600 -1.0481966860E+10  7.8329826968E+11
    34700 -1.0490292830E+10  7.8301432320E+11
    34800 -1.0485003601E+10  7.8286743882E+11
    34900 -1.0471239514E+10  7.8283385029E+11
    35000 -1.0464217434E+10  7.8264391782E+11
    35100 -1.0477605517E+10  7.8268964798E+11
    35200 -1.0484564227E+10  7.8208537426E+11
    35300 -1.0481038955E+10  7.8123353119E+11
    35400 -1.0471211998E+10  7.8144371678E+11
    35500 -1.0450891761E+10  7.8093786046E+11
    35600 -1.0454090562E+10  7.8144249936E+11
    35700 -1.0456576147E+10  7.8122370917E+11
    35800 -1.0449858618E+10  7.8082287155E+11
    35900 -1.0450349765E+10  7.8010593053E+11
    36000 -1.0456727028E+10  7.8048522185E+11
    36100 -1.0457638627E+10  7.8012851382E+11
    36200 -1.0432812696E+10  7.7989138359E+11
    36300 -1.0436786852E+10  7.7985378028E+11
    36400 -1.0431112008E+10  7.7947259916E+11
    36500 -1.0416547769E+10  7.7950782868E+11
    36600 -1.0436753014E+10  7.8055484975E+11
    36700 -1.0444949912E+10  7.8037316412E+11
    36800 -1.0450311574E+10  7.8168467856E+11
    36900 -1.0446885346E+10  7.8144874498E+11
    37000 -1.0436044047E+10  7.8104837105E+11
    37100 -1.0435558755E+10  7.8057647019E+11
    37200 -1.0409318280E+10  7.8091612264E+11
    37300 -1.0412829611E+10  7.8205035692E+11
    37400 -1.0473412315E+10  7.8184940882E+11
    37500 -1.0486327528E+10  7.8252267841E+11
    37600 -1.0465847016E+10  7.8123700042E+11
    37700 -1.0469429216E+10  7.8164625052E+11
    37800 -1.0487029640E+10  7.8246629480E+11
    37900 -1.0500421051E+10  7.8214138574E+11
    38000 -1.0467756887E+10  7.8125662659E+11
    38100 -1.0456319836E+10  7.8141186429E+11
    38200 -1.0444079100E+10  7.8062637529E+11
    38300 -1.0442740346E+10  7.8084604188E+11
    38400 -1.0504451058E+10  7.8139981256E+11
    38500 -1.0470399379E+10  7.8100935391E+11
    38600 -1.0441213170E+10  7.8090749080E+11
    38700 -1.0448291206E+10  7.8103894937E+11
    38800 -1.0435083913E+10  7.8150633229E+11
    38900 -1.0466988063E+10  7.8235900520E+11
    39000 -1.0460667849E+10  7.8296533779E+11
    39100 -1.0470765889E+10  7.8212659731E+11
    39200 -1.0460185180E+10  7.8095303135E+11
    39300 -1.0482621736E+10  7.7976871976E+11
    39400 -1.0451024591E+10  7.8046551491E+11
    39500 -1.0455127209E+10  7.8041236615E+11
    39600 -1.0429918294E+10  7.8021336015E+11
    39700 -1.0446558896E+10  7.8097972094E+11
    39800 -1.0476021060E+10  7.8111822289E+11
    39900 -1.0464067668E+10  7.8115014451E+11
    40000 -1.0481827688E+10  7.8091325722E+11
    40100 -1.0454223765E+10  7.8066498700E+11
    40200 -1.0434265183E+10  7.8112537863E+11
    40300 -1.0450537454E+10  7.8145348897E+11
    40400 -1.0453755320E+10  7.8162259684E+11
    40500 -1.0436872356E+10  7.8080517084E+11
    40600 -1.0467194783E+10  7.8038680489E+11
    40700 -1.0464176352E+10  7.7995510603E+11
    40800 -1.0430966804E+10  7.8032307532E+11
    40900 -1.0419329705E+10  7.8032377307E+11
    41000 -1.0406077212E+10  7.8029811351E+11
    41100 -1.0406904200E+10  7.8023443415E+11
    41200 -1.0427548101E+10  7.7997689087E+11
    41300 -1.0423758133E+10  7.7950598284E+11
    41400 -1.0435734059E+10  7.8102603725E+11
    41500 -1.0434719530E+10  7.8148357257E+11
    41600 -1.0435516256E+10  7.8149099716E+11
    41700 -1.0433535601E+10  7.8080903764E+11
    41800 -1.0433323811E+10  7.8027418693E+11
    41900 -1.0433663159E+10  7.8104541082E+11
    42000 -1.0432952012E+10  7.8147520869E+11
    42100 -1.0425743939E+10  7.8069867067E+11
    42200 -1.0424825017E+10  7.8005278497E+11
    42300 -1.0446965710E+10  7.8014755766E+11
    42400 -1.0418310378E+10  7.8079787055E+11
    42500 -1.0431461023E+10  7.8194468277E+11
    42600 -1.0443382255E+10  7.8134974229E+11
    42700 -1.0462574360E+10  7.8070703673E+11
    42800 -1.0437084441E+10  7.8012337422E+11
    42900 -1.0478041474E+10  7.8037570014E+11
    43000 -1.0426057267E+10  7.8020310233E+11
    43100 -1.0428245555E+10  7.7999702173E+11
    43200 -1.0455963285E+10  7.8076589596E+11
    43300 -1.0463470078E+10  7.8111384666E+11
    43400 -1.0463237427E+10  7.8147094965E+11
    43500 -1.0459172690E+10  7.8165902611E+11
    43600 -1.0459137785E+10  7.8198004369E+11
    43700 -1.0441186009E+10  7.8095368020E+11
    43800 -1.0459231780E+10  7.8040004395E+11
    43900 -1.0460280742E+10  7.8076684217E+11
    44000 -1.0470144577E+10  7.8072119374E+11
    44100 -1.0446175685E+10  7.7982491175E+11
    44200 -1.0448483891E+10  7.8001109269E+11
    44300 -1.0429435827E+10  7.8077349568E+11
    44400 -1.0446931212E+10  7.8153924566E+11
    44500 -1.0461703856E+10  7.8237172623E+11
    44600 -1.0480535217E+10  7.8252440825E+11
    44700 -1.0460747297E+10  7.8284034773E+11
    44800 -1.0488975102E+10  7.8290354241E+11
    44900 -1.0472091400E+10  7.8127255628E+11
    45000 -1.0447342202E+10  7.8110045576E+11
    45100 -1.0450554070E+10  7.8199437267E+11
    45200 -1.0452403019E+10  7.8256193965E+11
    45300 -1.0462393037E+10  7.8209292787E+11
    45400 -1.0465151230E+10  7.8151905392E+11
    45500 -1.0452947741E+10  7.8173441073E+11
    45600 -1.0426034788E+10  7.8099915169E+11
    45700 -1.0436155794E+10  7.8050911474E+11
    45800 -1.0461662621E+10  7.8030481633E+11
    45900 -1.0467451645E+10  7.7976905220E+11
    46000 -1.0454542179E+10  7.8013443261E+11
    46100 -1.0459886454E+10  7.7966703547E+11
    46200 -1.0436999292E+10  7.8039450816E+11
    46300 -1.0420918742E+10  7.8106780117E+11
    46400 -1.0433733543E+10  7.8107000036E+11
    46500 -1.0429154119E+10  7.8148122832E+11
    46600 -1.0443861780E+10  7.8160931081E+11
    46700 -1.0461935638E+10  7.8270657421E+11
    46800 -1.0484261100E+10  7.8399327641E+11
    46900 -1.0495226666E+10  7.8324572450E+11
    47000 -1.0468454486E+10  7.8210548388E+11
    47100 -1.0440695505E+10  7.8061275276E+11
    47200 -1.0454310026E+10  7.7902606040E+11
    47300 -1.0448172156E+10  7.7910489517E+11
    47400 -1.0445013240E+10  7.7990354334E+11
    47500 -1.0426259601E+10  7.7920260411E+11
    47600 -1.0389182924E+10  7.8004920299E+11
    47700 -1.0432694950E+10  7.8186522658E+11
    47800 -1.0432654318E+10  7.8013740117E+11
    47900 -1.0435644069E+10  7.7952502151E+11
    48000 -1.0422047439E+10  7.7957263014E+11
    48100 -1.0418191768E+10  7.7967142828E+11
    48200 -1.0450316962E+10  7.8030701766E+11
    48300 -1.0450201038E+10  7.8016457570E+11
    48400 -1.0448795683E+10  7.8068900703E+11
    48500 -1.0454510168E+10  7.8015542641E+11
    48600 -1.0428985299E+10  7.7944241573E+11
    48700 -1.0440135278E+10  7.8029952516E+11
    48800 -1.0439621250E+10  7.8046657046E+11
    48900 -1.0446247132E+10  7.7994998257E+11
    49000 -1.0457101749E+10  7.7943155851E+11
    49100 -1.0428608790E+10  7.7932274752E+11
    49200 -1.0442045384E+10  7.8082888591E+11
    49300 -1.0452313185E+10  7.8225263783E+11
    49400 -1.0453228040E+10  7.8330884748E+11
    49500 -1.0466452824E+10  7.8341692166E+11
    49600 -1.0474993654E+10  7.8278989229E+11
    49700 -1.0477905880E+10  7.8218815835E+11
    49800 -1.0489780834E+10  7.8258112139E+11
    49900 -1.0474171199E+10  7.8293495250E+11
    50000 -1.0463494444E+10  7.8199988485E+11
    50100 -1.0458309193E+10  7.8217966134E+11
    50200 -1.0468640384E+10  7.8215910121E+11
    50300 -1.0482890778E+10  7.8211630943E+11
    50400 -1.0496165031E+10  7.8155091426E+11
    50500 -1.0463952690E+10  7.8232702040E+11
    50600 -1.0465303386E+10  7.8105167188E+11
    50700 -1.0446062881E+10  7.8080963346E+11
    50800 -1.0460219026E+10  7.8193101894E+11
    50900 -1.0487309272E+10  7.8235687261E+11
    51000 -1.0467084009E+10  7.8084401786E+11
    51100 -1.0435319531E+10  7.8002023109E+11
    51200 -1.0438914707E+10  7.8090327521E+11
    51300 -1.0442679942E+10  7.8205254204E+11
    51400 -1.0451886176E+10  7.8255205593E+11
    51500 -1.0480908517E+10  7.8367269129E+11
    51600 -1.0463571914E+10  7.8266019952E+11
    51700 -1.0458415246E+10  7.8237957889E+11
    51800 -1.0485106806E+10  7.8205326930E+11
    51900 -1.0473976776E+10  7.8165814212E+11
    52000 -1.0493908935E+10  7.8223199634E+11
    52100 -1.0480946786E+10  7.8245016386E+11
    52200 -1.0454221992E+10  7.8172323058E+11
    52300 -1.0460417361E+10  7.8100073509E+11
    52400 -1.0457251580E+10  7.8195720358E+11
    52500 -1.0435466034E+10  7.8176976583E+11
    52600 -1.0462002262E+10  7.8249261416E+11
    52700 -1.0480723206E+10  7.8152192228E+11
    52800 -1.0464035318E+10  7.8169786016E+11
    52900 -1.0464956317E+10  7.8134375677E+11
    53000 -1.0462416454E+10  7.8089504379E+11
    53100 -1.0435162671E+10  7.8181945821E+11
    53200 -1.0494545321E+10  7.8253260301E+11
    53300 -1.0463517327E+10  7.8231361008E+11
    53400 -1.0451830126E+10  7.8262227068E+11
    53500 -1.0482442955E+10  7.8157188749E+11
    53600 -1.0460812850E+10  7.8218846504E+11
    53700 -1.0462486111E+10  7.8270962401E+11
    53800 -1.0479044519E+10  7.8242009514E+11
    53900 -1.0469650044E+10  7.8198239870E+11
    54000 -1.0466193444E+10  7.8180776091E+11
    54100 -1.0461272708E+10  7.8099964572E+11
    54200 -1.0451271987E+10  7.8009102686E+11
    54300 -1.0453238825E+10  7.8060111367E+11
    54400 -1.0463115078E+10  7.8103760673E+11
    54500 -1.0483740669E+10  7.8123039199E+11
    54600 -1.0459905261E+10  7.8087448096E+11
    54700 -1.0460868931E+10  7.7965778144E+11
    54800 -1.0472128056E+10  7.8053027514E+11
    54900 -1.0485713372E+10  7.8105739660E+11
    55000 -1.0506787266E+10  7.8135071788E+11
    55100 -1.0496431352E+10  7.8115960269E+11
    55200 -1.0487372157E+10  7.8156496728E+11
    55300 -1.0480103521E+10  7.8142372249E+11
    55400 -1.0453773046E+10  7.8139227629E+11
    55500 -1.0480260537E+10  7.8201756955E+11
    55600 -1.0507081744E+10  7.8178636048E+11
    55700 -1.0470536455E+10  7.8082754530E+11
    55800 -1.0470694479E+10  7.8060866320E+11
    55900 -1.0464855631E+10  7.8077570087E+11
    56000 -1.0449558229E+10  7.8002073691E+11
    56100 -1.0451991020E+10  7.7996997851E+11
    56200 -1.0446375996E+10  7.8115323225E+11
    56300 -1.0469541348E+10  7.8115742283E+11
    56400 -1.0476823985E+10  7.8173715869E+11
    56500 -1.0483314632E+10  7.8152260187E+11
    56600 -1.0454077126E+10  7.8084379041E+11
    56700 -1.0435205419E+10  7.8036404134E+11
    56800 -1.0448622679E+10  7.8074323273E+11
    56900 -1.0440321771E+10  7.8091178111E+11
    57000 -1.0454106383E+10  7.8196306805E+11
    57100 -1.0454197947E+10  7.8174912968E+11
    57200 -1.0447966130E+10  7.8058458023E+11
    57300 -1.0442517190E+10  7.8016119072E+11
    57400 -1.0463432914E+10  7.8073104140E+11
    57500 -1.0460373673E+10  7.8166630568E+11
    57600 -1.0465925476E+10  7.8231095290E+11
    57700 -1.0477727379E+10  7.8118948203E+11
    57800 -1.0465329816E+10  7.8144574693E+11
    57900 -1.0483781964E+10  7.8231841611E+11
    58000 -1.0483728405E+10  7.8177479753E+11
    58100 -1.0467277127E+10  7.8205734038E+11
    58200 -1.0460703446E+10  7.8203430919E+11
    58300 -1.0482036919E+10  7.8122502892E+11
    58400 -1.0456405961E+10  7.8136968594E+11
    58500 -1.0463539717E+10  7.8155299928E+11
    58600 -1.0463957996E+10  7.8204572248E+11
    58700 -1.0469156733E+10  7.8202012486E+11
    58800 -1.0480451303E+10  7.8190427758E+11
    58900 -1.0460056141E+10  7.8113696039E+11
    59000 -1.0438655808E+10  7.8071625254E+11
    59100 -1.0446289546E+10  7.8067983977E+11
    59200 -1.0452742527E+10  7.8094602209E+11
    59300 -1.0455365112E+10  7.8237682357E+11
    59400 -1.0446677292E+10  7.8216317591E+11
    59500 -1.0460844536E+10  7.8262726124E+11
    59600 -1.0453360030E+10  7.8161139844E+11
    59700 -1.0449748571E+10  7.8152752303E+11
    59800 -1.0457164001E+10  7.8036052410E+11
    59900 -1.0450400642E+10  7.8061913005E+11
    60000 -1.0446119659E+10  7.8124309382E+11
    60100 -1.0475198234E+10  7.8179647986E+11
    60200 -1.0441969344E+10  7.8148060813E+11
    60300 -1.0440481305E+10  7.8062825717E+11
    60400 -1.0447013004E+10  7.8037008608E+11
    60500 -1.0436278995E+10  7.8201374746E+11
    60600 -1.0453207958E+10  7.8079604301E+11
    60700 -1.0449171103E+10  7.8103572521E+11
    60800 -1.0456891939E+10  7.8153386233E+11
    60900 -1.0453481416E+10  7.8162256563E+11
    61000 -1.0472848739E+10  7.8124084686E+11
    61100 -1.0458787555E+10  7.8151456516E+11
    61200 -1.0450925608E+10  7.8094838031E+11
    61300 -1.0454731618E+10  7.8095514561E+11
    61400 -1.0473560195E+10  7.8141713222E+11
    61500 -1.0476511158E+10  7.8132619749E+11
    61600 -1.0470831347E+10  7.8149028681E+11
    61700 -1.0485106463E+10  7.8127627544E+11
    61800 -1.0483761785E+10  7.8111112850E+11
    61900 -1.0472121257E+10  7.8048472478E+11
    62000 -1.0462667834E+10  7.8043279317E+11
    62100 -1.0455115427E+10  7.8171739597E+11
    62200 -1.0465307407E+10  7.8192487929E+11
    62300 -1.0449579471E+10  7.8235772218E+11
    62400 -1.0465257692E+10  7.8281276633E+11
    62500 -1.0467285387E+10  7.8227779004E+11
    62600 -1.0468127942E+10  7.8155721156E+11
    62700 -1.0466894680E+10  7.8076065002E+11
    62800 -1.0445559981E+10  7.8048675184E+11
    62900 -1.0463902018E+10  7.8123447511E+11
    63000 -1.0458131197E+10  7.8165888692E+11
    63100 -1.0466144701E+10  7.8156282199E+11
    63200 -1.0466968876E+10  7.8109196384E+11
    63300 -1.0475133788E+10  7.8200787258E+11
    63400 -1.0487433759E+10  7.8240300314E+11
    63500 -1.0451938744E+10  7.8190398904E+11
    63600 -1.0485795351E+10  7.8139484303E+11
    63700 -1.0460354298E+10  7.8084877400E+11
    63800 -1.0469320981E+10  7.7977011057E+11
    63900 -1.0459965429E+10  7.8110915802E+11
    64000 -1.0458725843E+10  7.8078418515E+11
    64100 -1.0453017394E+10  7.7957420123E+11
    64200 -1.0454092033E+10  7.7996513661E+11
    64300 -1.0441635368E+10  7.8048136209E+11
    64400 -1.0460418534E+10  7.8111572218E+11
    64500 -1.0455996044E+10  7.8077273833E+11
    64600 -1.0440000223E+10  7.8098935332E+11
    64700 -1.0444860987E+10  7.8246540349E+11
    64800 -1.0456457494E+10  7.8227689888E+11
    64900 -1.0469455723E+10  7.8241702298E+11
    65000 -1.0481571104E+10  7.8273590464E+11
    65100 -1.0465488702E+10  7.8156444675E+11
    65200 -1.0448695469E+10  7.8086129462E+11
    65300 -1.0460293422E+10  7.8215303091E+11
    65400 -1.0461074398E+10  7.8197682752E+11
    65500 -1.0499703563E+10  7.8142600997E+11
    65600 -1.0481787962E+10  7.8123196817E+11
    65700 -1.0481411537E+10  7.8168521499E+11
    65800 -1.0467249078E+10  7.8201318697E+11
    65900 -1.0476100900E+10  7.8200060484E+11
    66000 -1.0485114311E+10  7.8113764768E+11
    66100 -1.0484528504E+10  7.8210235248E+11
    66200 -1.0514607676E+10  7.8310451637E+11
    66300 -1.0510992615E+10  7.8359083499E+11
    66400 -1.0507254479E+10  7.8370607174E+11
    66500 -1.0504105261E+10  7.8353454864E+11
    66600 -1.0479269547E+10  7.8363979919E+11
    66700 -1.0475614474E+10  7.8317183523E+11
    66800 -1.0453694331E+10  7.8118379433E+11
    66900 -1.0479899112E+10  7.8183936883E+11
    67000 -1.0476357884E+10  7.8092318737E+11
    67100 -1.0435623611E+10  7.8039747108E+11
    67200 -1.0448251281E+10  7.7998680141E+11
    67300 -1.0424957541E+10  7.8100833088E+11
    67400 -1.0432096760E+10  7.8160428343E+11
    67500 -1.0445616439E+10  7.8139723211E+11
    67600 -1.0453539157E+10  7.8101103490E+11
    67700 -1.0430269705E+10  7.8064705932E+11
    67800 -1.0446507282E+10  7.8181628095E+11
    67900 -1.0479273899E+10  7.8291487568E+11
    68000 -1.0467002068E+10  7.8315604537E+11
    68100 -1.0471238764E+10  7.8274879612E+11
    68200 -1.0495072842E+10  7.8301598205E+11
    68300 -1.0469285749E+10  7.8261618772E+11
    68400 -1.0466629836E+10  7.8268072038E+11
    68500 -1.0486705023E+10  7.8340141905E+11
    68600 -1.0464139000E+10  7.8329445803E+11
    68700 -1.0477436421E+10  7.8346964146E+11
    68800 -1.0478583191E+10  7.8333095650E+11
    68900 -1.0478195574E+10  7.8260595259E+11
    69000 -1.0476424511E+10  7.8258388898E+11
    69100 -1.0475638681E+10  7.8223060806E+11
    69200 -1.0481552652E+10  7.8220236940E+11
    69300 -1.0450059707E+10  7.8090864677E+11
    69400 -1.0458645961E+10  7.8096092536E+11
    69500 -1.0461925672E+10  7.8141544732E+11
    69600 -1.0485542072E+10  7.8147444833E+11
    69700 -1.0451524588E+10  7.8170619684E+11
    69800 -1.0497414789E+10  7.8065520097E+11
    69900 -1.0470437785E+10  7.8039580273E+11
    70000 -1.0454160709E+10  7.8006896219E+11
    70100 -1.0439032148E+10  7.7990169061E+11
    70200 -1.0436216576E+10  7.7995896103E+11
    70300 -1.0438769313E+10  7.8095188589E+11
    70400 -1.0435962984E+10  7.8033016557E+11
    70500 -1.0463178692E+10  7.7916284901E+11
    70600 -1.0454686607E+10  7.7897108858E+11
    70700 -1.0449584145E+10  7.7982738370E+11
    70800 -1.0438929034E+10  7.8091670665E+11
    70900 -1.0448998663E+10  7.7967996177E+11
    71000 -1.0431798625E+10  7.7928832529E+11
    71100 -1.0446456559E+10  7.7973331410E+11
    71200 -1.0444033599E+10  7.8060309178E+11
    71300 -1.0421692670E+10  7.8058300694E+11
    71400 -1.0422657374E+10  7.7997553167E+11
    71500 -1.0433465527E+10  7.8031015246E+11
    71600 -1.0444306465E+10  7.8012424383E+11
    71700 -1.0453472524E+10  7.8031897181E+11
    71800 -1.0455929973E+10  7.8016508070E+11
    71900 -1.0437052279E+10  7.7960577910E+11
    72000 -1.0446422422E+10  7.8023768974E+11
    72100 -1.0437659593E+10  7.8041945686E+11
    72200 -1.0457454556E+10  7.8156651475E+11
    72300 -1.0461834834E+10  7.8128751629E+11
    72400 -1.0446448270E+10  7.7982553360E+11
    72500 -1.0431445831E+10  7.7918952088E+11
    72600 -1.0444585204E+10  7.7989778591E+11
    72700 -1.0450245423E+10  7.8017079715E+11
    72800 -1.0443583300E+10  7.7964094661E+11
    72900 -1.0437047578E+10  7.7954234910E+11
    73000 -1.0439885719E+10  7.8005817479E+11
    73100 -1.0426353528E+10  7.8086322704E+11
    73200 -1.0441109844E+10  7.8101911668E+11
    73300 -1.0437878437E+10  7.8135060693E+11
    73400 -1.0444934596E+10  7.8146804036E+11
    73500 -1.0460289154E+10  7.8223117340E+11
    73600 -1.0466858290E+10  7.8309655235E+11
    73700 -1.0486191309E+10  7.8364134624E+11
    73800 -1.0484237046E+10  7.8424999341E+11
    73900 -1.0487450418E+10  7.8411151923E+11
    74000 -1.0510210476E+10  7.8352866858E+11
    74100 -1.0469415323E+10  7.8311540046E+11
    74200 -1.0494166872E+10  7.8225077876E+11
    74300 -1.0484490190E+10  7.8178631983E+11
    74400 -1.0475224495E+10  7.8187652082E+11
    74500 -1.0467092166E+10  7.8194870883E+11
    74600 -1.0463253894E+10  7.8158980234E+11
    74700 -1.0485708291E+10  7.8182064433E+11
    74800 -1.0454711980E+10  7.8196492669E+11
    74900 -1.0466201563E+10  7.8191610089E+11
    75000 -1.0451618874E+10  7.8071472048E+11
    75100 -1.0464406325E+10  7.8104028207E+11
    75200 -1.0464223837E+10  7.8212391236E+11
    75300 -1.0486229759E+10  7.8227676479E+11
    75400 -1.0469612743E+10  7.8207566314E+11
    75500 -1.0449998400E+10  7.8087763870E+11
    75600 -1.0448050474E+10  7.8065931292E+11
    75700 -1.0465703189E+10  7.8002103361E+11
    75800 -1.0442527954E+10  7.8030294394E+11
    75900 -1.0456935524E+10  7.8135679838E+11
    76000 -1.0482753142E+10  7.8161553972E+11
    76100 -1.0460416381E+10  7.8164475807E+11
    76200 -1.0453942033E+10  7.8120361317E+11
    76300 -1.0444984543E+10  7.8084383552E+11
    76400 -1.0414639019E+10  7.7990797255E+11
    76500 -1.0433827290E+10  7.7919613908E+11
    76600 -1.0438301146E+10  7.8048051324E+11
    76700 -1.0440892927E+10  7.8180391780E+11
    76800 -1.0452121440E+10  7.8211412106E+11
    76900 -1.0458258063E+10  7.8183880165E+11
    77000 -1.0465797824E+10  7.8213227549E+11
    77100 -1.0451199991E+10  7.8164311972E+11
    77200 -1.0463411887E+10  7.8172016954E+11
    77300 -1.0454377838E+10  7.8066714680E+11
    77400 -1.0462990009E+10  7.8139816262E+11
    77500 -1.0456438610E+10  7.8182749949E+11
    77600 -1.0444401916E+10  7.8059777106E+11
    77700 -1.0442501513E+10  7.8093130394E+11
    77800 -1.0464203046E+10  7.8157928375E+11
    77900 -1.0470231904E+10  7.8221854688E+11
    78000 -1.0445175905E+10  7.8102558987E+11
    78100 -1.0436082501E+10  7.8103286055E+11
    78200 -1.0444906773E+10  7.8109589000E+11
    78300 -1.0473171679E+10  7.8181798677E+11
    78400 -1.0465085803E+10  7.8144522623E+11
    78500 -1.0477996253E+10  7.8085563554E+11
    78600 -1.0460380419E+10  7.8011216022E+11
    78700 -1.0462615098E+10  7.8127874775E+11
    78800 -1.0469447494E+10  7.8233366436E+11
    78900 -1.0451352627E+10  7.8276748513E+11
    79000 -1.0480482991E+10  7.8253071949E+11
    79100 -1.0458807387E+10  7.8163117900E+11
    79200 -1.0439386179E+10  7.8104007312E+11
    79300 -1.0443304682E+10  7.8086725490E+11
    79400 -1.0437844949E+10  7.8037899890E+11
    79500 -1.0439904170E+10  7.8037741780E+11
    79600 -1.0436604849E+10  7.8056796009E+11
    79700 -1.0427078525E+10  7.8027193220E+11
    79800 -1.0411089040E+10  7.8045440101E+11
    79900 -1.0438312748E+10  7.8108464376E+11
    80000 -1.0454500636E+10  7.8040604724E+11
    80100 -1.0447610922E+10  7.7935643877E+11
    80200 -1.0453758478E+10  7.7971739868E+11
    80300 -1.0427948949E+10  7.8074157778E+11
    80400 -1.0455234870E+10  7.8097821648E+11
    80500 -1.0438267203E+10  7.8050150878E+11
    80600 -1.0457205275E+10  7.8191075411E+11
    80700 -1.0458417600E+10  7.8133626627E+11
    80800 -1.0429653912E+10  7.8041022342E+11
    80900 -1.0450010246E+10  7.8013509521E+11
    81000 -1.0425435505E+10  7.8097643797E+11
    81100 -1.0458203945E+10  7.8126576647E+11
    81200 -1.0429316478E+10  7.8135933046E+11
    81300 -1.0426239297E+10  7.8057044047E+11
    81400 -1.0463146092E+10  7.8028227273E+11
    81500 -1.0449649152E+10  7.8060448133E+11
    81600 -1.0444933787E+10  7.8083752012E+11
    81700 -1.0434066405E+10  7.8194625687E+11
    81800 -1.0467774972E+10  7.8294905352E+11
    81900 -1.0467369070E+10  7.8344537844E+11
    82000 -1.0458978322E+10  7.8232288789E+11
    82100 -1.0449524936E+10  7.8213884892E+11
    82200 -1.0479747493E+10  7.8107406883E+11
    82300 -1.0446595696E+10  7.8019284086E+11
    82400 -1.0430573351E+10  7.7963525828E+11
    82500 -1.0434860483E+10  7.7978863111E+11
    82600 -1.0415540535E+10  7.7983277314E+11
    82700 -1.0445814598E+10  7.8015248408E+11
    82800 -1.0444932637E+10  7.8047699999E+11
    82900 -1.0446977105E+10  7.8167880583E+11
    83000 -1.0438998162E+10  7.8207950270E+11
    83100 -1.0458395053E+10  7.8115342388E+11
    83200 -1.0464191894E+10  7.8121839148E+11
    83300 -1.0439745651E+10  7.8144211092E+11
    83400 -1.0460457764E+10  7.8037099935E+11
    83500 -1.0459458892E+10  7.8131058800E+11
    83600 -1.0433655979E+10  7.8141746202E+11
    83700 -1.0450702169E+10  7.8170520455E+11
    83800 -1.0436203797E+10  7.8144926101E+11
    83900 -1.0425960642E+10  7.8118931024E+11
    84000 -1.0428131108E+10  7.8069202561E+11
    84100 -1.0456867862E+10  7.8065695979E+11
    84200 -1.0449847659E+10  7.8054878740E+11
    84300 -1.0446496826E+10  7.8045258642E+11
    84400 -1.0441846106E+10  7.8126162001E+11
    84500 -1.0469193020E+10  7.8134080403E+11
    84600 -1.0456238534E+10  7.8156753199E+11
    84700 -1.0448561623E+10  7.8079812151E+11
    84800 -1.0451892406E+10  7.8075191426E+11
    84900 -1.0460900501E+10  7.8097180869E+11
    85000 -1.0454128877E+10  7.8277043058E+11
    85100 -1.0465286035E+10  7.8418719603E+11
    85200 -1.0477520987E+10  7.8253188546E+11
    85300 -1.0483605922E+10  7.8099352277E+11
    85400 -1.0485706962E+10  7.8137392995E+11
    85500 -1.0468498783E+10  7.8230626702E+11
    85600 -1.0496929681E+10  7.8235753630E+11
    85700 -1.0488384104E+10  7.8236427641E+11
    85800 -1.0475064067E+10  7.8255152135E+11
    85900 -1.0477853876E+10  7.8254983398E+11
    86000 -1.0497741105E+10  7.8260786346E+11
    86100 -1.0490745673E+10  7.8219298736E+11
    86200 -1.0489416760E+10  7.8160487471E+11
    86300 -1.0464881007E+10  7.8136861344E+11
    86400 -1.0465065645E+10  7.8196605083E+11
    86500 -1.0462336668E+10  7.8094942192E+11
    86600 -1.0480228518E+10  7.8198835399E+11
    86700 -1.0469557492E+10  7.8149528921E+11
    86800 -1.0476795093E+10  7.8140110458E+11
    86900 -1.0470933109E+10  7.8059567073E+11
    87000 -1.0467564529E+10  7.7916590611E+11
    87100 -1.0441718378E+10  7.7951202349E+11
    87200 -1.0445604740E+10  7.7998635158E+11
    87300 -1.0436299066E+10  7.8008487490E+11
    87400 -1.0429596259E+10  7.7938441212E+11
    87500 -1.0427929695E+10  7.8043387784E+11
    87600 -1.0465390980E+10  7.8123269787E+11
    87700 -1.0417553060E+10  7.8158044591E+11
    87800 -1.0474095680E+10  7.8152031566E+11
    87900 -1.0461257359E+10  7.8047499458E+11
    88000 -1.0481218099E+10  7.8106558394E+11
    88100 -1.0473864011E+10  7.8283333905E+11
    88200 -1.0464268299E+10  7.8183253110E+11
    88300 -1.0442494599E+10  7.8151405136E+11
    88400 -1.0462358193E+10  7.8171257631E+11
    88500 -1.0462977494E+10  7.8203859096E+11
    88600 -1.0460814113E+10  7.8203903556E+11
    88700 -1.0499052810E+10  7.8169757375E+11
    88800 -1.0486667967E+10  7.8118598812E+11
    88900 -1.0472882265E+10  7.8166999611E+11
    89000 -1.0492230441E+10  7.8024014278E+11
    89100 -1.0472077393E+10  7.8052927676E+11
    89200 -1.0469836853E+10  7.8104432179E+11
    89300 -1.0456370725E+10  7.8153621013E+11
    89400 -1.0475372504E+10  7.8243259772E+11
    89500 -1.0479677218E+10  7.8216705310E+11
    89600 -1.0490405127E+10  7.8123937399E+11
    89700 -1.0477626331E+10  7.8061232921E+11
    89800 -1.0461792735E+10  7.8028045382E+11
    89900 -1.0441239020E+10  7.8014958475E+11
    90000 -1.0465468579E+10  7.8137160191E+11
    90100 -1.0470883779E+10  7.8114127740E+11
    90200 -1.0471403075E+10  7.8110367706E+11
    90300 -1.0458379054E+10  7.8177531942E+11
    90400 -1.0469057571E+10  7.8183246989E+11
    90500 -1.0458630756E+10  7.8097810033E+11
    90600 -1.0434035224E+10  7.8045672040E+11
    90700 -1.0441803374E+10  7.7987453075E+11
    90800 -1.0439460352E+10  7.8076893984E+11
    90900 -1.0446996556E+10  7.8062352306E+11
    91000 -1.0418818413E+10  7.8075442238E+11
    91100 -1.0450518918E+10  7.8198754311E+11
    91200 -1.0456689920E+10  7.8232717637E+11
    91300 -1.0466197777E+10  7.8188724049E+11
    91400 -1.0457248970E+10  7.8265790610E+11
    91500 -1.0486714465E+10  7.8270895015E+11
    91600 -1.0490688424E+10  7.8175574004E+11
    91700 -1.0482261400E+10  7.8191453068E+11
    91800 -1.0481544514E+10  7.8181327472E+11
    91900 -1.0462963991E+10  7.8093119337E+11
    92000 -1.0449131414E+10  7.8024516824E+11
    92100 -1.0434187945E+10  7.8020773386E+11
    92200 -1.0448446468E+10  7.8052515302E+11
    92300 -1.0443316965E+10  7.8015323642E+11
    92400 -1.0459824721E+10  7.8028001260E+11
    92500 -1.0458159744E+10  7.8028703273E+11
    92600 -1.0444036952E+10  7.8021348054E+11
    92700 -1.0460220986E+10  7.8051841718E+11
    92800 -1.0426552426E+10  7.8080745090E+11
    92900 -1.0430874555E+10  7.8142372110E+11
    93000 -1.0481247686E+10  7.8244291769E+11
    93100 -1.0466475633E+10  7.8247295607E+11
    93200 -1.0445785190E+10  7.8201448419E+11
    93300 -1.0443607904E+10  7.8200197928E+11
    93400 -1.0447097486E+10  7.8173900859E+11
    93500 -1.0452919452E+10  7.8268606565E+11
    93600 -1.0457586444E+10  7.8268752117E+11
    93700 -1.0448610191E+10  7.8252057243E+11
    93800 -1.0468891528E+10  7.8273906459E+11
    93900 -1.0491390501E+10  7.8236912416E+11
    94000 -1.0469037476E+10  7.8233739986E+11
    94100 -1.0474064429E+10  7.8148154851E+11
    94200 -1.0472914969E+10  7.8126971167E+11
    94300 -1.0450807545E+10  7.8113484920E+11
    94400 -1.0467542950E+10  7.8205499073E+11
    94500 -1.0450826632E+10  7.8247989501E+11
    94600 -1.0462598668E+10  7.8263701658E+11
    94700 -1.0467615948E+10  7.8176930632E+11
    94800 -1.0458840211E+10  7.8209796555E+11
    94900 -1.0458921767E+10  7.8227976684E+11
    95000 -1.0476095608E+10  7.8172890154E+11
    95100 -1.0481527801E+10  7.8147291754E+11
    95200 -1.0459315366E+10  7.8151879211E+11
    95300 -1.0471112504E+10  7.8146866926E+11
    95400 -1.0454333748E+10  7.8110919031E+11
    95500 -1.0454898971E+10  7.8017432403E+11
    95600 -1.0447697106E+10  7.8075493428E+11
    95700 -1.0472708791E+10  7.8096363624E+11
    95800 -1.0470204005E+10  7.8096855599E+11
    95900 -1.0446153934E+10  7.8171971609E+11
    96000 -1.0456625639E+10  7.8176139254E+11
    96100 -1.0469065900E+10  7.8090392051E+11
    96200 -1.0472247075E+10  7.8165665580E+11
    96300 -1.0470549006E+10  7.8221675810E+11
    96400 -1.0452841270E+10  7.8145208596E+11
    96500 -1.0449119283E+10  7.8103339678E+11
    96600 -1.0465842352E+10  7.8085548946E+11
    96700 -1.0434839305E+10  7.8121154360E+11
    96800 -1.0477745826E+10  7.8144276427E+11
    96900 -1.0468578509E+10  7.8231479296E+11
    97000 -1.0494060794E+10  7.8254653907E+11
    97100 -1.0479288541E+10  7.8242101769E+11
    97200 -1.0500618984E+10  7.8303403328E+11
    97300 -1.0500722001E+10  7.8269521605E+11
    97400 -1.0485813937E+10  7.8366039869E+11
    97500 -1.0511168856E+10  7.8290990134E+11
    97600 -1.0471911301E+10  7.8222650111E+11
    97700 -1.0480981400E+10  7.8198918767E+11
    97800 -1.0455134755E+10  7.8133681663E+11
    97900 -1.0464816998E+10  7.8107635080E+11
    98000 -1.0459703428E+10  7.8036902682E+11
    98100 -1.0444792707E+10  7.8058910542E+11
    98200 -1.0447046556E+10  7.8128566119E+11
    98300 -1.0454774728E+10  7.8149213269E+11
    98400 -1.0432655817E+10  7.8120367325E+11
    98500 -1.0429850292E+10  7.7987181546E+11
    98600 -1.0416585172E+10  7.7979975732E+11
    98700 -1.0424521517E+10  7.8068733085E+11
    98800 -1.0427857671E+10  7.8088940774E+11
    98900 -1.0442820869E+10  7.8003367843E+11
    99000 -1.0438452145E+10  7.8092304827E+11
    99100 -1.0457102718E+10  7.8144067502E+11
    99200 -1.0446639414E+10  7.8154762382E+11
    99300 -1.0447950742E+10  7.8272084316E+11
    99400 -1.0468678397E+10  7.8238626994E+11
    99500 -1.0489885471E+10  7.8244025408E+11
    99600 -1.0501817581E+10  7.8194771337E+11
    99700 -1.0486745494E+10  7.8078835519E+11
    99800 -1.0462754971E+10  7.8077220288E+11
    99900 -1.0460771318E+10  7.8081071157E+11
   100000 -1.0428471798E+10  7.7998590417E+11
   100100 -1.0452118223E+10  7.8030635338E+11
   100200 -1.0444303695E+10  7.7943930113E+11
   100300 -1.0434863958E+10  7.7979034715E+11
   100400 -1.0443540675E+10  7.8020026428E+11
   100500 -1.0462681104E+10  7.8077385303E+11
   100600 -1.0467135616E+10  7.8128838162E+11
   100700 -1.0455157771E+10  7.8140886165E+11
   100800 -1.0434437267E+10  7.8149045197E+11
   100900 -1.0471931469E+10  7.8202266214E+11
   101000 -1.0453014275E+10  7.8193503149E+11
   101100 -1.0473862912E+10  7.8222808627E+11
   101200 -1.0471662213E+10  7.8196596522E+11
   101300 -1.0478368298E+10  7.8180932419E+11
   101400 -1.0454413376E+10  7.8181669722E+11
   101500 -1.0436411548E+10  7.8134701550E+11
   101600 -1.0466350094E+10  7.8169590255E+11
   101700 -1.0465823499E+10  7.8157773463E+11
   101800 -1.0456218222E+10  7.8158573099E+11
   101900 -1.0441234405E+10  7.8136633346E+11
   102000 -1.0446515018E+10  7.8090773189E+11
