 ######
    20100 -2.2298549980E+09  4.9292627273E+11
    20200 -2.2283403263E+09  2.4494931386E+09
    20300 -2.2278378714E+09  2.4468880732E+09
    20400 -2.2365526229E+09  2.4460238922E+09
    20500 -2.2292072939E+09  2.4468102615E+09
    20600 -2.2359600775E+09  2.4469412975E+09
    20700 -2.2374063681E+09  2.4496118938E+09
    20800 -2.2341043471E+09  2.4482839247E+09
    20900 -2.2320540089E+09  2.4475256567E+09
    21000 -2.2346468708E+09  2.4471303041E+09
    21100 -2.2426139472E+09  2.4479125855E+09
    21200 -2.2347511168E+09  2.4485691277E+09
    21300 -2.2404835938E+09  2.4470307484E+09
    21400 -2.2305640219E+09  2.4488304316E+09
    21500 -2.2310357315E+09  2.4490645089E+09
    21600 -2.2362719926E+09  2.4500950664E+09
    21700 -2.2325566701E+09  2.4477748927E+09
    21800 -2.2384170150E+09  2.4496546322E+09
    21900 -2.2396661545E+09  2.4495732003E+09
    22000 -2.2333888300E+09  2.4496461775E+09
    22100 -2.2355090737E+09  2.4509914044E+09
    22200 -2.2310435899E+09  2.4503379080E+09
    22300 -2.2237597130E+09  2.4492722503E+09
    22400 -2.2293267101E+09  2.4491323788E+09
    22500 -2.2376570101E+09  2.4504714448E+09
    22600 -2.2279587086E+09  2.4499483536E+09
    22700 -2.2383258573E+09  2.4478090987E+09
    22800 -2.2323010955E+09  2.4461502941E+09
    22900 -2.2277211317E+09  2.4471768996E+09
    23000 -2.2336780561E+09  2.4489732553E+09
    23100 -2.2433065611E+09  2.4502589524E+09
    23200 -2.2370645739E+09  2.4483824459E+09
    23300 -2.2379498690E+09  2.4508691969E+09
    23400 -2.2268033611E+09  2.4501580095E+09
    23500 -2.2294350178E+09  2.4492223262E+09
    23600 -2.2278499129E+09  2.4514040419E+09
    23700 -2.2325730857E+09  2.4525687270E+09
    23800 -2.2390549689E+09  2.4526923493E+09
    23900 -2.2364683378E+09  2.4513576130E+09
    24000 -2.2445010475E+09  2.4509513427E+09
    24100 -2.2284996698E+09  2.4509242046E+09
    24200 -2.2394262652E+09  2.4520405431E+09
    24300 -2.2429677233E+09  2.4562124484E+09
    24400 -2.2370531781E+09  2.4546860989E+09
    24500 -2.2326665093E+09  2.4543358792E+09
    24600 -2.2357386367E+09  2.4543192315E+09
    24700 -2.2351551896E+09  2.4512565538E+09
    24800 -2.2390291343E+09  2.4512192994E+09
    24900 -2.2336073502E+09  2.4513704223E+09
    25000 -2.2288690101E+09  2.4531579368E+09
    25100 -2.2299943990E+09  2.4521061338E+09
    25200 -2.2384382407E+09  2.4530552919E+09
    25300 -2.2357750197E+09  2.4512849192E+09
    25400 -2.2340290065E+09  2.4505948010E+09
    25500 -2.2292472687E+09  2.4473910823E+09
    25600 -2.2320702061E+09  2.4468867835E+09
    25700 -2.2341140628E+09  2.4495163632E+09
    25800 -2.2226182587E+09  2.4521493825E+09
    25900 -2.2292427114E+09  2.4549081109E+09
    26000 -2.2248208152E+09  2.4519006485E+09
    26100 -2.2291923533E+09  2.4515493503E+09
    26200 -2.2331709009E+09  2.4523871327E+09
    26300 -2.2399913107E+09  2.4543023435E+09
    26400 -2.2329649254E+09  2.4543407803E+09
    26500 -2.2391172873E+09  2.4562587950E+09
    26600 -2.2375219934E+09  2.4546588566E+09
    26700 -2.2295624650E+09  2.4523238925E+09
    26800 -2.2366894395E+09  2.4519802939E+09
    26900 -2.2332886908E+09  2.4521372848E+09
    27000 -2.2290072987E+09  2.4529449130E+09
    27100 -2.2321764372E+09  2.4526549945E+09
    27200 -2.2357185413E+09  2.4510191903E+09
    27300 -2.2380204881E+09  2.4536953163E+09
    27400 -2.2362721717E+09  2.4557264631E+09
    27500 -2.2345620098E+09  2.4541327855E+09
    27600 -2.2313122267E+09  2.4546564724E+09
    27700 -2.2323847832E+09  2.4554381078E+09
    27800 -2.2355227035E+09  2.4525085784E+09
    27900 -2.2417194328E+09  2.4541866060E+09
    28000 -2.2432739660E+09  2.4556639255E+09
    28100 -2.2400979317E+09  2.4563895477E+09
    28200 -2.2441539024E+09  2.4562699163E+09
    28300 -2.2454437104E+09  2.4565904812E+09
    28400 -2.2380554032E+09  2.4531651168E+09
    28500 -2.2415913509E+09  2.4499237712E+09
    28600 -2.2372723407E+09  2.4506319798E+09
    28700 -2.2367753203E+09  2.4515802016E+09
    28800 -2.2429552087E+09  2.4518586009E+09
    28900 -2.2404602703E+09  2.4545637639E+09
    29000 -2.2413916103E+09  2.4517954150E+09
    29100 -2.2344183016E+09  2.4521665963E+09
    29200 -2.2420582542E+09  2.4500651323E+09
    29300 -2.2390731677E+09  2.4477269176E+09
    29400 -2.2293242083E+09  2.4493337401E+09
    29500 -2.2294153973E+09  2.4523822489E+09
    29600 -2.2397815302E+09  2.4523566280E+09
    29700 -2.2343243874E+09  2.4527570850E+09
    29800 -2.2417159806E+09  2.4531158189E+09
    29900 -2.2455776806E+09  2.4527298540E+09
    30000 -2.2341309029E+09  2.4516162979E+09
    30100 -2.2321053251E+09  2.4516016667E+09
    30200 -2.2282533388E+09  2.4531341664E+09
    30300 -2.2333318979E+09  2.4506192862E+09
    30400 -2.2402301962E+09  2.4487547190E+09
    30500 -2.2461943457E+09  2.4504582504E+09
    30600 -2.2364283859E+09  2.4491410115E+09
    30700 -2.2344138829E+09  2.4503973872E+09
    30800 -2.2277722934E+09  2.4513380799E+09
    30900 -2.2351123735E+09  2.4508503189E+09
    31000 -2.2357237169E+09  2.4525096835E+09
    31100 -2.2409953059E+09  2.4526267493E+09
    31200 -2.2362781401E+09  2.4528442079E+09
    31300 -2.2370761171E+09  2.4521623966E+09
    31400 -2.2448904467E+09  2.4534185903E+09
    31500 -2.2347149504E+09  2.4518448554E+09
    31600 -2.2456912098E+09  2.4528915724E+09
    31700 -2.2443003401E+09  2.4515889310E+09
    31800 -2.2355575690E+09  2.4511701432E+09
    31900 -2.2404737969E+09  2.4520924911E+09
    32000 -2.2446473799E+09  2.4521659626E+09
    32100 -2.2349035768E+09  2.4507939947E+09
    32200 -2.2406298936E+09  2.4522021339E+09
    32300 -2.2372075372E+09  2.4532914982E+09
    32400 -2.2354647726E+09  2.4532110974E+09
    32500 -2.2352034398E+09  2.4510450768E+09
    32600 -2.2365962999E+09  2.4512674441E+09
    32700 -2.2315963758E+09  2.4475319757E+09
    32800 -2.2297095166E+09  2.4477595855E+09
    32900 -2.2352646297E+09  2.4476054728E+09
    33000 -2.2359145144E+09  2.4470947080E+09
    33100 -2.2330438020E+09  2.4480462680E+09
    33200 -2.2256420301E+09  2.4479707908E+09
    33300 -2.2234271648E+09  2.4499261560E+09
    33400 -2.2400796928E+09  2.4508192984E+09
    33500 -2.2408175708E+09  2.4492679114E+09
    33600 -2.2338011728E+09  2.4504914182E+09
    33700 -2.2362531153E+09  2.4536422271E+09
    33800 -2.2393732223E+09  2.4523338567E+09
    33900 -2.2403956481E+09  2.4523564315E+09
    34000 -2.2346220054E+09  2.4535630256E+09
    34100 -2.2374897374E+09  2.4534488930E+09
    34200 -2.2371239358E+09  2.4494843219E+09
    34300 -2.2386810907E+09  2.4505476297E+09
    34400 -2.2305896813E+09  2.4512700598E+09
    34500 -2.2346087430E+09  2.4514638725E+09
    34600 -2.2318401162E+09  2.4512005395E+09
    34700 -2.2372201550E+09  2.4521632545E+09
    34800 -2.2373156460E+09  2.4543540899E+09
    34900 -2.2361116780E+09  2.4530427715E+09
    35000 -2.2333180038E+09  2.4519414247E+09
    35100 -2.2395810170E+09  2.4528885556E+09
    35200 -2.2431341200E+09  2.4550582820E+09
    35300 -2.2371335955E+09  2.4562977475E+09
    35400 -2.2340497202E+09  2.4552546775E+09
    35500 -2.2464968351E+09  2.4563010021E+09
    35600 -2.2363652871E+09  2.4538876526E+09
    35700 -2.2398950926E+09  2.4526384173E+09
    35800 -2.2372167056E+09  2.4530485785E+09
    35900 -2.2423578955E+09  2.4495266944E+09
    36000 -2.2381354595E+09  2.4492455315E+09
    36100 -2.2394048609E+09  2.4513420922E+09
    36200 -2.2336628549E+09  2.4505459002E+09
    36300 -2.2302299106E+09  2.4516166500E+09
    36400 -2.2334162854E+09  2.4499459346E+09
    36500 -2.2305402214E+09  2.4503056388E+09
    36600 -2.2332747490E+09  2.4531394137E+09
    36700 -2.2338340914E+09  2.4533469094E+09
    36800 -2.2394841971E+09  2.4539890613E+09
    36900 -2.2302581315E+09  2.4549285903E+09
    37000 -2.2296498625E+09  2.4535128540E+09
    37100 -2.2368855299E+09  2.4531931192E+09
    37200 -2.2279081503E+09  2.4527993892E+09
    37300 -2.2389293818E+09  2.4532517993E+09
    37400 -2.2304550421E+09  2.4530149203E+09
    37500 -2.2260535106E+09  2.4538284036E+09
    37600 -2.2387067495E+09  2.4534085715E+09
    37700 -2.2393525135E+09  2.4534647689E+09
    37800 -2.2433600133E+09  2.4536955695E+09
    37900 -2.2399653382E+09  2.4543098910E+09
    38000 -2.2368654409E+09  2.4535474242E+09
    38100 -2.2355364381E+09  2.4522139118E+09
    38200 -2.2381856734E+09  2.4508217477E+09
    38300 -2.2397984517E+09  2.4522014787E+09
    38400 -2.2406002902E+09  2.4519568634E+09
    38500 -2.2406841879E+09  2.4524140695E+09
    38600 -2.2452666714E+09  2.4531070119E+09
    38700 -2.2348931754E+09  2.4531777897E+09
    38800 -2.2363286172E+09  2.4510894865E+09
    38900 -2.2345994379E+09  2.4542074161E+09
    39000 -2.2436105862E+09  2.4548135368E+09
    39100 -2.2465676541E+09  2.4545953722E+09
    39200 -2.2463449347E+09  2.4543753238E+09
    39300 -2.2380898716E+09  2.4513930449E+09
    39400 -2.2429007502E+09  2.4514625524E+09
    39500 -2.2426370311E+09  2.4529324450E+09
    39600 -2.2408455543E+09  2.4521876300E+09
    39700 -2.2334127208E+09  2.4514635395E+09
    39800 -2.2349692203E+09  2.4500196831E+09
    39900 -2.2227745906E+09  2.4521999548E+09
    40000 -2.2216938358E+09  2.4508529095E+09
    40100 -2.2299391964E+09  2.4482880606E+09
    40200 -2.2337187611E+09  2.4509421166E+09
    40300 -2.2306472903E+09  2.4499453779E+09
    40400 -2.2332020788E+09  2.4526399681E+09
    40500 -2.2418593672E+09  2.4528148034E+09
    40600 -2.2380980072E+09  2.4536306497E+09
    40700 -2.2408505548E+09  2.4550412057E+09
    40800 -2.2395654150E+09  2.4539835942E+09
    40900 -2.2323312856E+09  2.4480926903E+09
    41000 -2.2372463753E+09  2.4490660398E+09
    41100 -2.2341885615E+09  2.4489138030E+09
    41200 -2.2445128611E+09  2.4496557368E+09
    41300 -2.2330132803E+09  2.4500445051E+09
    41400 -2.2332688756E+09  2.4523690951E+09
    41500 -2.2406627530E+09  2.4519227049E+09
    41600 -2.2376533592E+09  2.4505252859E+09
    41700 -2.2382713127E+09  2.4480047508E+09
    41800 -2.2402351843E+09  2.4480101885E+09
    41900 -2.2329063325E+09  2.4494430059E+09
    42000 -2.2420095067E+09  2.4506081200E+09
    42100 -2.2369334496E+09  2.4497005463E+09
    42200 -2.2343930585E+09  2.4523646981E+09
    42300 -2.2391537957E+09  2.4510945542E+09
    42400 -2.2323621721E+09  2.4503711083E+09
    42500 -2.2312501708E+09  2.4524880314E+09
    42600 -2.2320186527E+09  2.4516066242E+09
    42700 -2.2347319431E+09  2.4506785532E+09
    42800 -2.2278572162E+09  2.4506136020E+09
    42900 -2.2246112594E+09  2.4507040504E+09
    43000 -2.2335422758E+09  2.4522455160E+09
    43100 -2.2431536838E+09  2.4531112722E+09
    43200 -2.2278780081E+09  2.4521215207E+09
    43300 -2.2323232942E+09  2.4514971580E+09
    43400 -2.2256630252E+09  2.4520594711E+09
    43500 -2.2307360076E+09  2.4533138275E+09
    43600 -2.2316518079E+09  2.4529583776E+09
    43700 -2.2414295494E+09  2.4554273549E+09
    43800 -2.2411115555E+09  2.4552347290E+09
    43900 -2.2393570832E+09  2.4524073404E+09
    44000 -2.2304974948E+09  2.4536850897E+09
    44100 -2.2276156099E+09  2.4566692780E+09
    44200 -2.2382852591E+09  2.4546933304E+09
    44300 -2.2299772149E+09  2.4547053090E+09
    44400 -2.2351439199E+09  2.4540789639E+09
    44500 -2.2305085730E+09  2.4523310302E+09
    44600 -2.2328672104E+09  2.4530054014E+09
    44700 -2.2353076245E+09  2.4539440664E+09
    44800 -2.2269937117E+09  2.4522229554E+09
    44900 -2.2340640636E+09  2.4528019268E+09
    45000 -2.2350728867E+09  2.4521008460E+09
    45100 -2.2279665469E+09  2.4500882009E+09
    45200 -2.2260854820E+09  2.4501656833E+09
    45300 -2.2368274989E+09  2.4513010758E+09
    45400 -2.2381144257E+09  2.4508827712E+09
    45500 -2.2380595039E+09  2.4495633845E+09
    45600 -2.2340820370E+09  2.4538079871E+09
    45700 -2.2327451989E+09  2.4519330120E+09
    45800 -2.2347762382E+09  2.4514215687E+09
    45900 -2.2379067516E+09  2.4534966171E+09
    46000 -2.2446717649E+09  2.4541201424E+09
    46100 -2.2389951535E+09  2.4548240970E+09
    46200 -2.2326674895E+09  2.4527139821E+09
    46300 -2.2380163043E+09  2.4505249527E+09
    46400 -2.2359244140E+09  2.4524150761E+09
    46500 -2.2396663081E+09  2.4508968650E+09
    46600 -2.2351679309E+09  2.4529597151E+09
    46700 -2.2368076917E+09  2.4527860205E+09
    46800 -2.2266330925E+09  2.4525240549E+09
    46900 -2.2369076398E+09  2.4505033893E+09
    47000 -2.2411860743E+09  2.4488894860E+09
    47100 -2.2320033468E+09  2.4509601733E+09
    47200 -2.2356052220E+09  2.4539936481E+09
    47300 -2.2346631182E+09  2.4558595288E+09
    47400 -2.2342067546E+09  2.4554972401E+09
    47500 -2.2276749480E+09  2.4556834547E+09
    47600 -2.2237893565E+09  2.4551146356E+09
    47700 -2.2248299638E+09  2.4532643714E+09
    47800 -2.2242899216E+09  2.4526683487E+09
    47900 -2.2258348962E+09  2.4537659129E+09
    48000 -2.2277102480E+09  2.4519773482E+09
    48100 -2.2421250553E+09  2.4534830202E+09
    48200 -2.2413104291E+09  2.4533614885E+09
    48300 -2.2369066818E+09  2.4520740309E+09
    48400 -2.2360193853E+09  2.4521909231E+09
    48500 -2.2406921568E+09  2.4545549164E+09
    48600 -2.2410260357E+09  2.4559066374E+09
    48700 -2.2437565762E+09  2.4562180054E+09
    48800 -2.2374012279E+09  2.4566661422E+09
    48900 -2.2429973799E+09  2.4540097276E+09
    49000 -2.2394781022E+09  2.4536897726E+09
    49100 -2.2490173302E+09  2.4547960770E+09
    49200 -2.2437681308E+09  2.4519867990E+09
    49300 -2.2416792635E+09  2.4498260865E+09
    49400 -2.2347813443E+09  2.4479716001E+09
    49500 -2.2349364459E+09  2.4488714790E+09
    49600 -2.2311558388E+09  2.4517140677E+09
    49700 -2.2428648413E+09  2.4541215453E+09
    49800 -2.2411377200E+09  2.4553796408E+09
    49900 -2.2417619406E+09  2.4534534260E+09
    50000 -2.2385363624E+09  2.4536282992E+09
    50100 -2.2396744701E+09  2.4554899860E+09
    50200 -2.2352556282E+09  2.4537998686E+09
