 ######
     5100 -5.4838400422E+08  7.5622077561E+10
     5200 -5.6542431859E+08  1.4809131666E+09
     5300 -5.7091256301E+08  1.4806457177E+09
     5400 -5.7868735587E+08  1.4795895436E+09
     5500 -5.7996892710E+08  1.4804531488E+09
     5600 -5.8337867900E+08  1.4808168376E+09
     5700 -5.8753095129E+08  1.4824262202E+09
     5800 -5.9154826746E+08  1.4846602165E+09
     5900 -5.9439109854E+08  1.4831044826E+09
     6000 -5.9204305548E+08  1.4833454134E+09
     6100 -5.9080689669E+08  1.4832855599E+09
     6200 -5.9175019542E+08  1.4840552042E+09
     6300 -5.9339041919E+08  1.4834809132E+09
     6400 -5.9004259096E+08  1.4829037240E+09
     6500 -5.9393250269E+08  1.4835196907E+09
     6600 -5.9251136093E+08  1.4825961459E+09
     6700 -5.9138482505E+08  1.4818750076E+09
     6800 -5.9413382392E+08  1.4820131000E+09
     6900 -5.9696692153E+08  1.4841277161E+09
     7000 -5.9724935403E+08  1.4833804506E+09
     7100 -5.9548070585E+08  1.4803388145E+09
     7200 -5.9267036868E+08  1.4817233775E+09
     7300 -5.9814986229E+08  1.4822779731E+09
     7400 -5.9248308523E+08  1.4837226389E+09
     7500 -5.9347301883E+08  1.4821540321E+09
     7600 -5.9571244258E+08  1.4843777167E+09
     7700 -6.1289034365E+08  2.2241397794E+09
     7800 -6.9474726953E+08  2.2256791151E+09
     7900 -7.5688178982E+08  2.2251328863E+09
     8000 -7.9566267182E+08  2.2247679968E+09
     8100 -8.2719902051E+08  2.2255879022E+09
     8200 -8.4763651655E+08  2.2292844870E+09
     8300 -8.6216628436E+08  2.2293357685E+09
     8400 -8.7349529723E+08  2.2281630455E+09
     8500 -8.7653787961E+08  2.2262377361E+09
     8600 -8.7990354355E+08  2.2250883876E+09
     8700 -8.8298510404E+08  2.2225334417E+09
     8800 -8.8511248350E+08  2.2227227609E+09
     8900 -8.8795633354E+08  2.2230050743E+09
     9000 -8.8894095745E+08  2.2216736591E+09
     9100 -8.9119549185E+08  2.2209796116E+09
     9200 -8.9185797148E+08  2.2224907163E+09
     9300 -8.9497285583E+08  2.2238980609E+09
     9400 -8.9142371595E+08  2.2219199006E+09
     9500 -8.8837281231E+08  2.2199563218E+09
     9600 -8.8577372655E+08  2.2205877032E+09
     9700 -8.8501348853E+08  2.2201773409E+09
     9800 -8.8295757834E+08  2.2188204245E+09
     9900 -8.8967344633E+08  2.2194520679E+09
    10000 -8.8957691230E+08  2.2182003550E+09
    10100 -8.8998420648E+08  2.2165749896E+09
    10200 -8.9068582729E+08  2.2179817414E+09
    10300 -8.9362841236E+08  2.2169041996E+09
    10400 -8.9093171525E+08  2.2198517041E+09
    10500 -8.9422990991E+08  2.2187918883E+09
    10600 -8.9173954203E+08  2.2238538338E+09
    10700 -9.1437044288E+08  2.9313729561E+09
    10800 -9.9457934183E+08  2.9278978943E+09
    10900 -1.0512481217E+09  2.9294717247E+09
    11000 -1.0874151420E+09  2.9305114886E+09
    11100 -1.1152056461E+09  2.9296732146E+09
    11200 -1.1347885396E+09  2.9240383475E+09
    11300 -1.1495331683E+09  2.9253559588E+09
    11400 -1.1572710906E+09  2.9298813699E+09
    11500 -1.1628382010E+09  2.9303256979E+09
    11600 -1.1682491673E+09  2.9287081531E+09
    11700 -1.1739623837E+09  2.9289365422E+09
    11800 -1.1744948781E+09  2.9247927779E+09
    11900 -1.1786145887E+09  2.9256663225E+09
    12000 -1.1816795906E+09  2.9264578720E+09
    12100 -1.1775242701E+09  2.9254366081E+09
    12200 -1.1715290981E+09  2.9252837082E+09
    12300 -1.1728234774E+09  2.9268668537E+09
    12400 -1.1743890964E+09  2.9266285849E+09
    12500 -1.1747321111E+09  2.9256552636E+09
    12600 -1.1675787660E+09  2.9212456337E+09
    12700 -1.1723035807E+09  2.9190746870E+09
    12800 -1.1674689148E+09  2.9158765396E+09
    12900 -1.1729514967E+09  2.9151299558E+09
    13000 -1.1768009390E+09  2.9172226706E+09
    13100 -1.1772246416E+09  2.9197097520E+09
    13200 -1.1773839960E+09  2.9147909172E+09
    13300 -1.1742186837E+09  2.9116911552E+09
    13400 -1.1657837644E+09  2.9109089658E+09
    13500 -1.1745088673E+09  2.9135520677E+09
    13600 -1.1730107231E+09  2.9172485667E+09
    13700 -1.1860757710E+09  3.2471521544E+09
    13800 -1.2284382782E+09  3.2526692854E+09
    13900 -1.2537377434E+09  3.2478309035E+09
    14000 -1.2689693532E+09  3.2448944210E+09
    14100 -1.2858934880E+09  3.2440592123E+09
    14200 -1.2888046547E+09  3.2425720631E+09
    14300 -1.2952224906E+09  3.2453059311E+09
    14400 -1.2986633719E+09  3.2510180367E+09
    14500 -1.3076364062E+09  3.2530791068E+09
    14600 -1.3080908811E+09  3.2568254245E+09
    14700 -1.3091773002E+09  3.2526943196E+09
    14800 -1.3096018633E+09  3.2540342020E+09
    14900 -1.3099964000E+09  3.2560907400E+09
    15000 -1.3148518151E+09  3.2598046070E+09
    15100 -1.3116879972E+09  3.2540558200E+09
    15200 -1.3166924620E+09  3.2539951187E+09
    15300 -1.3100953141E+09  3.2539418240E+09
    15400 -1.3150158107E+09  3.2592275941E+09
    15500 -1.3124030967E+09  3.2620257609E+09
    15600 -1.3127600277E+09  3.2647873496E+09
    15700 -1.3156912798E+09  3.2648546030E+09
    15800 -1.3167634920E+09  3.2640259005E+09
    15900 -1.3142883645E+09  3.2615050626E+09
    16000 -1.3196413690E+09  3.2641899353E+09
    16100 -1.3153247377E+09  3.2642475482E+09
    16200 -1.3137459820E+09  3.2609331869E+09
    16300 -1.3136856386E+09  3.2609083606E+09
    16400 -1.3181618510E+09  3.2581065535E+09
    16500 -1.3138656163E+09  3.2578395333E+09
    16600 -1.3154596386E+09  3.2578807664E+09
    16700 -1.3106898634E+09  3.4040981726E+09
    16800 -1.3323176447E+09  3.4057617400E+09
    16900 -1.3426035467E+09  3.4043791977E+09
    17000 -1.3547262512E+09  3.4101225585E+09
    17100 -1.3656790319E+09  3.4106623441E+09
    17200 -1.3625050706E+09  3.4123512737E+09
    17300 -1.3706635526E+09  3.4118502712E+09
    17400 -1.3730940790E+09  3.4104401987E+09
    17500 -1.3648654627E+09  3.4076834595E+09
    17600 -1.3628456940E+09  3.4074288978E+09
    17700 -1.3723245107E+09  3.4107199886E+09
    17800 -1.3751979406E+09  3.4149479911E+09
    17900 -1.3750709053E+09  3.4121784166E+09
    18000 -1.3773064971E+09  3.4096376039E+09
    18100 -1.3721186503E+09  3.4086187054E+09
    18200 -1.3729604592E+09  3.4095334328E+09
    18300 -1.3701354026E+09  3.4058205891E+09
    18400 -1.3736807484E+09  3.4078507142E+09
    18500 -1.3676887570E+09  3.4090955002E+09
    18600 -1.3766617096E+09  3.4129439301E+09
    18700 -1.3760296175E+09  3.4101876204E+09
    18800 -1.3805848817E+09  3.4097278198E+09
    18900 -1.3837339797E+09  3.4150291356E+09
    19000 -1.3773530982E+09  3.4160136201E+09
    19100 -1.3840268760E+09  3.4170674883E+09
    19200 -1.3838956903E+09  3.4178941813E+09
    19300 -1.3827965034E+09  3.4190433913E+09
    19400 -1.3812671107E+09  3.4200395550E+09
    19500 -1.3837667197E+09  3.4176398603E+09
    19600 -1.3877937490E+09  3.4120199626E+09
    19700 -1.3695820131E+09  3.4168717905E+09
    19800 -1.3835350444E+09  3.4183185524E+09
    19900 -1.3789144018E+09  3.4163747802E+09
    20000 -1.3755806079E+09  3.4182449795E+09
    20100 -1.3842361778E+09  3.4191769039E+09
    20200 -1.3778765484E+09  3.4163977722E+09
    20300 -1.3746513694E+09  3.4131889285E+09
    20400 -1.3756297429E+09  3.4143416987E+09
    20500 -1.3798661103E+09  3.4142618331E+09
    20600 -1.3769902167E+09  3.4131728675E+09
    20700 -1.3755574548E+09  3.4085613340E+09
    20800 -1.3769093526E+09  3.4085111593E+09
    20900 -1.3738589797E+09  3.4108831482E+09
    21000 -1.3783856188E+09  3.4112739911E+09
    21100 -1.3803306077E+09  3.4074723487E+09
    21200 -1.3766626782E+09  3.4045635240E+09
    21300 -1.3727672873E+09  3.4005333366E+09
    21400 -1.3650100869E+09  3.4041823638E+09
    21500 -1.3706912985E+09  3.4069761574E+09
    21600 -1.3693826354E+09  3.4087571894E+09
    21700 -1.3705672930E+09  3.4085815349E+09
    21800 -1.3717175130E+09  3.4059896015E+09
    21900 -1.3710293676E+09  3.4063389811E+09
    22000 -1.3712888001E+09  3.4089132159E+09
    22100 -1.3824198105E+09  3.4069459212E+09
    22200 -1.3812349040E+09  3.4053584637E+09
    22300 -1.3828540906E+09  3.4063428089E+09
    22400 -1.3776988866E+09  3.4043819847E+09
    22500 -1.3868887507E+09  3.4031705937E+09
    22600 -1.3776252729E+09  3.4028863527E+09
    22700 -1.3775347844E+09  3.4036538269E+09
    22800 -1.3766549656E+09  3.4051252091E+09
    22900 -1.3706022722E+09  3.4030737636E+09
    23000 -1.3765690456E+09  3.4013568224E+09
    23100 -1.3722917998E+09  3.4038637769E+09
    23200 -1.3759075817E+09  3.4052550413E+09
    23300 -1.3774392184E+09  3.4031259908E+09
    23400 -1.3769832468E+09  3.4034973664E+09
    23500 -1.3755685217E+09  3.4030430684E+09
    23600 -1.3782435428E+09  3.4015398680E+09
    23700 -1.3755631056E+09  3.4048344138E+09
    23800 -1.3764501211E+09  3.4040574982E+09
    23900 -1.3755337733E+09  3.4011532114E+09
    24000 -1.3780999840E+09  3.4069225943E+09
    24100 -1.3779926878E+09  3.4063328610E+09
    24200 -1.3808514871E+09  3.4056779541E+09
    24300 -1.3806090292E+09  3.4062518292E+09
    24400 -1.3762250456E+09  3.4074724188E+09
    24500 -1.3688558827E+09  3.4065553274E+09
    24600 -1.3799291238E+09  3.4081156782E+09
    24700 -1.3738108420E+09  3.4089196813E+09
    24800 -1.3757863217E+09  3.4083227802E+09
    24900 -1.3749362244E+09  3.4039808821E+09
    25000 -1.3747027467E+09  3.4030487403E+09
    25100 -1.3699298410E+09  3.4025873799E+09
    25200 -1.3700376768E+09  3.4040566977E+09
    25300 -1.3736673565E+09  3.4049784486E+09
    25400 -1.3702796128E+09  3.4063770267E+09
    25500 -1.3785052452E+09  3.4072344218E+09
    25600 -1.3767725057E+09  3.4028680804E+09
    25700 -1.3720457937E+09  3.4017028527E+09
    25800 -1.3786591334E+09  3.4047439942E+09
    25900 -1.3724710366E+09  3.4061839663E+09
    26000 -1.3771165729E+09  3.4077615003E+09
    26100 -1.3789049412E+09  3.4095339920E+09
    26200 -1.3732032300E+09  3.4105933895E+09
    26300 -1.3791355710E+09  3.4134761900E+09
    26400 -1.3766642491E+09  3.4161903941E+09
    26500 -1.3805714233E+09  3.4124672519E+09
    26600 -1.3758397629E+09  3.4123498560E+09
    26700 -1.3756434166E+09  3.4114861381E+09
    26800 -1.3817017053E+09  3.4110536370E+09
    26900 -1.3825656153E+09  3.4119940204E+09
    27000 -1.3848688306E+09  3.4138695054E+09
    27100 -1.3853860104E+09  3.4097360783E+09
    27200 -1.3839158660E+09  3.4065663012E+09
    27300 -1.3819967693E+09  3.4066462464E+09
    27400 -1.3810195780E+09  3.4089411967E+09
    27500 -1.3770317885E+09  3.4101818850E+09
    27600 -1.3764100194E+09  3.4064531243E+09
    27700 -1.3800187402E+09  3.4070573780E+09
    27800 -1.3827744087E+09  3.4070696882E+09
    27900 -1.3769457259E+09  3.4032656044E+09
    28000 -1.3751954901E+09  3.4060589744E+09
    28100 -1.3803439540E+09  3.4088361535E+09
    28200 -1.3781207195E+09  3.4072495460E+09
    28300 -1.3798480095E+09  3.4059597869E+09
    28400 -1.3776243031E+09  3.4065019956E+09
    28500 -1.3837583816E+09  3.4072575647E+09
    28600 -1.3798366850E+09  3.4056144230E+09
    28700 -1.3743673061E+09  3.4060938315E+09
    28800 -1.3756010951E+09  3.4042627037E+09
    28900 -1.3698004610E+09  3.4031304176E+09
    29000 -1.3803623224E+09  3.4031373652E+09
    29100 -1.3823463983E+09  3.4033225078E+09
    29200 -1.3800175045E+09  3.4094529367E+09
    29300 -1.3792529231E+09  3.4091302316E+09
    29400 -1.3807186862E+09  3.4070455648E+09
    29500 -1.3816818821E+09  3.4054688556E+09
    29600 -1.3751907837E+09  3.4079295495E+09
    29700 -1.3790275076E+09  3.4093501818E+09
    29800 -1.3721610830E+09  3.4066259251E+09
    29900 -1.3748126090E+09  3.4059235729E+09
    30000 -1.3719054047E+09  3.4095152667E+09
    30100 -1.3751681608E+09  3.4105649239E+09
    30200 -1.3808870197E+09  3.4080153481E+09
    30300 -1.3742055536E+09  3.4058583530E+09
    30400 -1.3777712210E+09  3.4034014442E+09
    30500 -1.3742811203E+09  3.4041994125E+09
    30600 -1.3745638602E+09  3.4056441278E+09
    30700 -1.3744783927E+09  3.4055085995E+09
    30800 -1.3779512696E+09  3.4076445340E+09
    30900 -1.3793813170E+09  3.4112406015E+09
    31000 -1.3783724287E+09  3.4108538581E+09
    31100 -1.3788773005E+09  3.4114374656E+09
    31200 -1.3800936079E+09  3.4092797659E+09
    31300 -1.3831940104E+09  3.4116188386E+09
    31400 -1.3888260825E+09  3.4105564275E+09
    31500 -1.3804223287E+09  3.4086066360E+09
    31600 -1.3792237190E+09  3.4024541967E+09
    31700 -1.3815609209E+09  3.4044100959E+09
    31800 -1.3856419376E+09  3.4090206342E+09
    31900 -1.3845628499E+09  3.4062084460E+09
    32000 -1.3836367000E+09  3.4108185917E+09
    32100 -1.3809266685E+09  3.4072290475E+09
    32200 -1.3767301655E+09  3.4087157160E+09
    32300 -1.3776255475E+09  3.4064673912E+09
    32400 -1.3744531910E+09  3.4061483454E+09
    32500 -1.3776209921E+09  3.4056447712E+09
    32600 -1.3808788437E+09  3.4092650156E+09
    32700 -1.3788723268E+09  3.4109096443E+09
    32800 -1.3730935096E+09  3.4090150104E+09
    32900 -1.3729496733E+09  3.4069276977E+09
    33000 -1.3741530308E+09  3.4089916271E+09
    33100 -1.3816336628E+09  3.4101214906E+09
    33200 -1.3779762722E+09  3.4115587767E+09
    33300 -1.3799369377E+09  3.4117648113E+09
    33400 -1.3747903434E+09  3.4085723655E+09
    33500 -1.3782744880E+09  3.4108909532E+09
    33600 -1.3766253975E+09  3.4107534876E+09
    33700 -1.3808055553E+09  3.4075902729E+09
    33800 -1.3779069215E+09  3.4076499759E+09
    33900 -1.3802699546E+09  3.4076000170E+09
    34000 -1.3831607659E+09  3.4066442151E+09
    34100 -1.3833698203E+09  3.4085711346E+09
    34200 -1.3822779139E+09  3.4109456478E+09
    34300 -1.3845010363E+09  3.4089761675E+09
    34400 -1.3768313044E+09  3.4066298431E+09
    34500 -1.3785138838E+09  3.4037493090E+09
    34600 -1.3885195558E+09  3.4054332844E+09
    34700 -1.3852946729E+09  3.4069327575E+09
    34800 -1.3861284930E+09  3.4078055213E+09
    34900 -1.3902731416E+09  3.4056842932E+09
    35000 -1.3809946277E+09  3.4064484271E+09
    35100 -1.3759505154E+09  3.4061298615E+09
    35200 -1.3803800769E+09  3.4089585458E+09
    35300 -1.3795269139E+09  3.4106288105E+09
    35400 -1.3750234622E+09  3.4094937371E+09
    35500 -1.3809230698E+09  3.4077619321E+09
    35600 -1.3781231746E+09  3.4075002483E+09
    35700 -1.3820920984E+09  3.4072986983E+09
    35800 -1.3797038811E+09  3.4018885822E+09
    35900 -1.3748406222E+09  3.4036677873E+09
    36000 -1.3757710837E+09  3.4076080334E+09
    36100 -1.3761596098E+09  3.4086847602E+09
    36200 -1.3681647228E+09  3.4074390810E+09
    36300 -1.3724048038E+09  3.4056149167E+09
    36400 -1.3730791769E+09  3.4085434982E+09
    36500 -1.3787026533E+09  3.4080105573E+09
    36600 -1.3682422752E+09  3.4060689614E+09
    36700 -1.3729762919E+09  3.4062052582E+09
    36800 -1.3736558902E+09  3.4065352028E+09
    36900 -1.3752543631E+09  3.4053329549E+09
    37000 -1.3758890526E+09  3.4072047580E+09
    37100 -1.3811547037E+09  3.4093421913E+09
    37200 -1.3751696295E+09  3.4095420853E+09
    37300 -1.3747969377E+09  3.4103947931E+09
    37400 -1.3761454048E+09  3.4121252587E+09
    37500 -1.3802063382E+09  3.4110539018E+09
    37600 -1.3774914726E+09  3.4111946174E+09
    37700 -1.3769298196E+09  3.4129661595E+09
    37800 -1.3737603217E+09  3.4115909885E+09
    37900 -1.3752221279E+09  3.4084379393E+09
    38000 -1.3778520531E+09  3.4073935479E+09
    38100 -1.3742197028E+09  3.4097403654E+09
    38200 -1.3734238530E+09  3.4076848307E+09
    38300 -1.3732310721E+09  3.4026364932E+09
    38400 -1.3715728821E+09  3.4032134990E+09
    38500 -1.3807001646E+09  3.4070280800E+09
    38600 -1.3771953028E+09  3.4065535414E+09
    38700 -1.3775932239E+09  3.4084968416E+09
    38800 -1.3821088512E+09  3.4049126123E+09
    38900 -1.3757468762E+09  3.4052702602E+09
    39000 -1.3737246470E+09  3.4042884326E+09
    39100 -1.3770943125E+09  3.4046450813E+09
    39200 -1.3776915832E+09  3.4066670586E+09
    39300 -1.3826223630E+09  3.4065435962E+09
    39400 -1.3723023098E+09  3.4050948401E+09
    39500 -1.3764724066E+09  3.4034814400E+09
    39600 -1.3759710525E+09  3.4072630563E+09
    39700 -1.3759840334E+09  3.4051088462E+09
    39800 -1.3733630024E+09  3.4046361278E+09
    39900 -1.3766665037E+09  3.4069446406E+09
    40000 -1.3714764070E+09  3.4069893404E+09
    40100 -1.3757141861E+09  3.4070112221E+09
    40200 -1.3827559924E+09  3.4057638129E+09
    40300 -1.3759581165E+09  3.4085099551E+09
    40400 -1.3791688456E+09  3.4054851340E+09
    40500 -1.3770016824E+09  3.4036524756E+09
    40600 -1.3801347905E+09  3.4047148484E+09
    40700 -1.3786278639E+09  3.4022660739E+09
    40800 -1.3770613473E+09  3.4049608005E+09
    40900 -1.3818887325E+09  3.4087321566E+09
    41000 -1.3795334880E+09  3.4080983488E+09
    41100 -1.3768418617E+09  3.4070611073E+09
    41200 -1.3739714676E+09  3.4043853927E+09
    41300 -1.3742714943E+09  3.4062655164E+09
    41400 -1.3808465162E+09  3.4080388387E+09
    41500 -1.3769027493E+09  3.4087588091E+09
    41600 -1.3793583527E+09  3.4077852662E+09
    41700 -1.3758901886E+09  3.4072383867E+09
    41800 -1.3757984075E+09  3.4075196115E+09
    41900 -1.3776242074E+09  3.4080430696E+09
    42000 -1.3771821327E+09  3.4098611493E+09
    42100 -1.3765904251E+09  3.4103906259E+09
    42200 -1.3783363145E+09  3.4114585027E+09
    42300 -1.3731915872E+09  3.4116003133E+09
    42400 -1.3791161164E+09  3.4107499812E+09
    42500 -1.3752448399E+09  3.4086988421E+09
    42600 -1.3804379045E+09  3.4081492246E+09
    42700 -1.3773867023E+09  3.4075834622E+09
    42800 -1.3775799893E+09  3.4084093338E+09
    42900 -1.3775349933E+09  3.4080971701E+09
    43000 -1.3803260678E+09  3.4085930841E+09
    43100 -1.3769440606E+09  3.4060904602E+09
    43200 -1.3748552659E+09  3.4042511684E+09
    43300 -1.3816713262E+09  3.4050444698E+09
    43400 -1.3837430256E+09  3.4087369571E+09
    43500 -1.3806205461E+09  3.4118683620E+09
    43600 -1.3838553001E+09  3.4076751737E+09
    43700 -1.3807890290E+09  3.4067127034E+09
    43800 -1.3768153276E+09  3.4086163081E+09
    43900 -1.3801149853E+09  3.4111074582E+09
    44000 -1.3840399336E+09  3.4108673977E+09
    44100 -1.3751770397E+09  3.4077218798E+09
    44200 -1.3805462111E+09  3.4097044346E+09
    44300 -1.3762448233E+09  3.4096755263E+09
    44400 -1.3823183977E+09  3.4097201911E+09
    44500 -1.3793012191E+09  3.4091002466E+09
    44600 -1.3773919432E+09  3.4070356545E+09
    44700 -1.3797027271E+09  3.4036141663E+09
    44800 -1.3793531305E+09  3.4056594002E+09
    44900 -1.3754723492E+09  3.4050078537E+09
    45000 -1.3786390231E+09  3.4079728043E+09
    45100 -1.3802792000E+09  3.4075120975E+09
    45200 -1.3817758544E+09  3.4093699365E+09
    45300 -1.3795599347E+09  3.4086462373E+09
    45400 -1.3811622795E+09  3.4079608476E+09
    45500 -1.3817677925E+09  3.4061952159E+09
    45600 -1.3795339650E+09  3.4076869374E+09
    45700 -1.3827498388E+09  3.4126767417E+09
    45800 -1.3757237449E+09  3.4130596893E+09
    45900 -1.3795939437E+09  3.4135604747E+09
    46000 -1.3783622329E+09  3.4122794266E+09
    46100 -1.3761335847E+09  3.4097040003E+09
    46200 -1.3744478476E+09  3.4083955401E+09
    46300 -1.3741273306E+09  3.4087481902E+09
    46400 -1.3670855725E+09  3.4091854592E+09
    46500 -1.3708059455E+09  3.4072483179E+09
    46600 -1.3756234258E+09  3.4090674115E+09
    46700 -1.3720006793E+09  3.4092742752E+09
    46800 -1.3710597964E+09  3.4110960449E+09
    46900 -1.3798313945E+09  3.4119439700E+09
    47000 -1.3757665454E+09  3.4088547009E+09
    47100 -1.3805135727E+09  3.4082294345E+09
    47200 -1.3828371493E+09  3.4073173297E+09
    47300 -1.3706237735E+09  3.4092992294E+09
    47400 -1.3750345482E+09  3.4131536437E+09
    47500 -1.3787628170E+09  3.4116668122E+09
    47600 -1.3786123206E+09  3.4126624277E+09
    47700 -1.3780445074E+09  3.4088374410E+09
    47800 -1.3756758568E+09  3.4087621448E+09
    47900 -1.3722430862E+09  3.4091377195E+09
    48000 -1.3743865817E+09  3.4063286532E+09
    48100 -1.3753729025E+09  3.4030324427E+09
    48200 -1.3729022367E+09  3.4057324037E+09
    48300 -1.3806991740E+09  3.4095168423E+09
    48400 -1.3819053189E+09  3.4093026029E+09
    48500 -1.3849253449E+09  3.4075526467E+09
    48600 -1.3809259747E+09  3.4062841559E+09
    48700 -1.3800089247E+09  3.4078393413E+09
    48800 -1.3781170541E+09  3.4090012736E+09
    48900 -1.3740969258E+09  3.4091009001E+09
    49000 -1.3799685433E+09  3.4062703579E+09
    49100 -1.3821520056E+09  3.4059564291E+09
    49200 -1.3822787296E+09  3.4037290029E+09
    49300 -1.3821879318E+09  3.4028223201E+09
    49400 -1.3820712775E+09  3.4053197883E+09
    49500 -1.3797214159E+09  3.4082773102E+09
    49600 -1.3861868172E+09  3.4108684425E+09
    49700 -1.3762709614E+09  3.4127717100E+09
    49800 -1.3749325514E+09  3.4089583420E+09
    49900 -1.3776445238E+09  3.4075133506E+09
    50000 -1.3795153559E+09  3.4140473617E+09
    50100 -1.3812111035E+09  3.4120508147E+09
    50200 -1.3765036634E+09  3.4052574768E+09
    50300 -1.3764868317E+09  3.4054199292E+09
    50400 -1.3768307715E+09  3.4062934373E+09
    50500 -1.3739705798E+09  3.4086388616E+09
    50600 -1.3803415323E+09  3.4104299712E+09
    50700 -1.3747134328E+09  3.4095753842E+09
    50800 -1.3715496562E+09  3.4105581997E+09
    50900 -1.3705427732E+09  3.4100464310E+09
    51000 -1.3714916863E+09  3.4093527672E+09
    51100 -1.3728768783E+09  3.4107124044E+09
    51200 -1.3738423090E+09  3.4128072152E+09
    51300 -1.3783996769E+09  3.4110494776E+09
    51400 -1.3778814943E+09  3.4071186280E+09
    51500 -1.3857946539E+09  3.4044839757E+09
    51600 -1.3816044394E+09  3.4039446386E+09
    51700 -1.3718578733E+09  3.4024081865E+09
    51800 -1.3733501904E+09  3.4021460671E+09
    51900 -1.3713993873E+09  3.3995380808E+09
    52000 -1.3760244682E+09  3.3983677863E+09
    52100 -1.3759539173E+09  3.4015580871E+09
    52200 -1.3717090754E+09  3.4028430791E+09
    52300 -1.3735582710E+09  3.4045448838E+09
    52400 -1.3751360132E+09  3.4057313108E+09
    52500 -1.3725131696E+09  3.4071661471E+09
    52600 -1.3749198136E+09  3.4114161361E+09
    52700 -1.3768232614E+09  3.4063809829E+09
    52800 -1.3759815226E+09  3.4051076463E+09
    52900 -1.3696567623E+09  3.4062826313E+09
    53000 -1.3782630164E+09  3.4038995788E+09
    53100 -1.3799777543E+09  3.4037452819E+09
    53200 -1.3823849899E+09  3.4066586957E+09
    53300 -1.3820140630E+09  3.4068174275E+09
    53400 -1.3778267238E+09  3.4035335560E+09
    53500 -1.3706354777E+09  3.4026887484E+09
    53600 -1.3762467698E+09  3.4065706530E+09
    53700 -1.3793217293E+09  3.4073365608E+09
    53800 -1.3775190148E+09  3.4071310854E+09
    53900 -1.3781883060E+09  3.4065423419E+09
    54000 -1.3805241010E+09  3.4048860352E+09
    54100 -1.3756398395E+09  3.4062187694E+09
    54200 -1.3838896936E+09  3.4080043957E+09
    54300 -1.3809063028E+09  3.4097686059E+09
    54400 -1.3758476450E+09  3.4100733527E+09
    54500 -1.3814282133E+09  3.4097909035E+09
    54600 -1.3799169402E+09  3.4084852179E+09
    54700 -1.3759514311E+09  3.4067860879E+09
    54800 -1.3730150577E+09  3.4087757868E+09
    54900 -1.3747076757E+09  3.4091242304E+09
    55000 -1.3759297747E+09  3.4092654986E+09
    55100 -1.3817447201E+09  3.4097153104E+09
    55200 -1.3811577952E+09  3.4100178100E+09
    55300 -1.3819698451E+09  3.4107343048E+09
    55400 -1.3748262665E+09  3.4104797208E+09
    55500 -1.3796471552E+09  3.4097658293E+09
    55600 -1.3833710246E+09  3.4111241148E+09
    55700 -1.3792777217E+09  3.4120151080E+09
    55800 -1.3782367437E+09  3.4097872108E+09
    55900 -1.3747425599E+09  3.4085175654E+09
    56000 -1.3760949654E+09  3.4078154938E+09
    56100 -1.3717529172E+09  3.4079391924E+09
    56200 -1.3815716659E+09  3.4097236091E+09
    56300 -1.3805287334E+09  3.4093393778E+09
    56400 -1.3808759382E+09  3.4106074556E+09
    56500 -1.3841109185E+09  3.4108067783E+09
    56600 -1.3816132524E+09  3.4127309860E+09
    56700 -1.3786336718E+09  3.4136782477E+09
    56800 -1.3788728100E+09  3.4089293605E+09
    56900 -1.3778026668E+09  3.4059461534E+09
    57000 -1.3762083581E+09  3.4061274298E+09
    57100 -1.3777718006E+09  3.4081343712E+09
    57200 -1.3736408318E+09  3.4089571667E+09
    57300 -1.3749439761E+09  3.4090972565E+09
    57400 -1.3822225341E+09  3.4096802084E+09
    57500 -1.3787880627E+09  3.4107771813E+09
    57600 -1.3795045731E+09  3.4104156072E+09
    57700 -1.3812478035E+09  3.4103801953E+09
    57800 -1.3756472628E+09  3.4077279919E+09
    57900 -1.3786915730E+09  3.4101303646E+09
    58000 -1.3761216025E+09  3.4092935755E+09
    58100 -1.3776120663E+09  3.4078983050E+09
    58200 -1.3750256686E+09  3.4059607795E+09
    58300 -1.3785177205E+09  3.4055220392E+09
    58400 -1.3720385915E+09  3.4031514934E+09
    58500 -1.3717496544E+09  3.4042163930E+09
    58600 -1.3754265495E+09  3.4050318688E+09
    58700 -1.3774078308E+09  3.4056576203E+09
    58800 -1.3735183076E+09  3.4042144052E+09
    58900 -1.3725781350E+09  3.4036448965E+09
    59000 -1.3771422801E+09  3.4020004249E+09
    59100 -1.3729417799E+09  3.4065747741E+09
    59200 -1.3835073389E+09  3.4089189248E+09
    59300 -1.3814950207E+09  3.4063034743E+09
    59400 -1.3838902310E+09  3.4043043395E+09
    59500 -1.3735489774E+09  3.4050360388E+09
    59600 -1.3813823014E+09  3.4041281917E+09
    59700 -1.3754806971E+09  3.4057592382E+09
    59800 -1.3832247173E+09  3.4054966011E+09
    59900 -1.3770611676E+09  3.4073027798E+09
    60000 -1.3762509660E+09  3.4070168448E+09
    60100 -1.3789367805E+09  3.4088974789E+09
    60200 -1.3799352401E+09  3.4047692092E+09
    60300 -1.3737150252E+09  3.4038136063E+09
    60400 -1.3818194535E+09  3.4066922246E+09
    60500 -1.3757558463E+09  3.4086936745E+09
    60600 -1.3794841985E+09  3.4095785283E+09
    60700 -1.3835304141E+09  3.4096252953E+09
    60800 -1.3824187023E+09  3.4066495598E+09
    60900 -1.3798627531E+09  3.4045528706E+09
    61000 -1.3775146310E+09  3.4052105993E+09
    61100 -1.3756674854E+09  3.4042441224E+09
    61200 -1.3745047547E+09  3.4034604776E+09
    61300 -1.3721864508E+09  3.4047381134E+09
    61400 -1.3712268113E+09  3.4065913578E+09
    61500 -1.3717940870E+09  3.4086744661E+09
    61600 -1.3710749340E+09  3.4054816054E+09
    61700 -1.3662079807E+09  3.4027428473E+09
    61800 -1.3733386276E+09  3.4037315734E+09
    61900 -1.3752426904E+09  3.4059160942E+09
    62000 -1.3787297953E+09  3.4119074937E+09
    62100 -1.3803919618E+09  3.4111457158E+09
    62200 -1.3786063698E+09  3.4098923335E+09
    62300 -1.3762539964E+09  3.4090229130E+09
    62400 -1.3732028226E+09  3.4068400240E+09
    62500 -1.3775621023E+09  3.4076806259E+09
    62600 -1.3852279209E+09  3.4082150667E+09
    62700 -1.3807571162E+09  3.4082771903E+09
    62800 -1.3800236191E+09  3.4100837666E+09
    62900 -1.3741716230E+09  3.4067027275E+09
    63000 -1.3769859932E+09  3.4063200223E+09
    63100 -1.3759844563E+09  3.4058519319E+09
    63200 -1.3775790881E+09  3.4048827101E+09
    63300 -1.3808572932E+09  3.4068028061E+09
    63400 -1.3732891318E+09  3.4038627553E+09
    63500 -1.3804092897E+09  3.4006410596E+09
    63600 -1.3844960961E+09  3.4005906556E+09
    63700 -1.3784872660E+09  3.4012003269E+09
    63800 -1.3797721988E+09  3.4002119209E+09
    63900 -1.3764757192E+09  3.4019129239E+09
    64000 -1.3710460218E+09  3.4017708203E+09
    64100 -1.3682434229E+09  3.4038994298E+09
    64200 -1.3739505952E+09  3.4043134528E+09
    64300 -1.3749285629E+09  3.4063541995E+09
    64400 -1.3746950805E+09  3.4086155269E+09
    64500 -1.3803785093E+09  3.4081501340E+09
    64600 -1.3823467307E+09  3.4104212005E+09
    64700 -1.3801906380E+09  3.4077297610E+09
    64800 -1.3740681790E+09  3.4063776252E+09
    64900 -1.3693379442E+09  3.4056566443E+09
    65000 -1.3705876346E+09  3.4054145899E+09
    65100 -1.3797145712E+09  3.4079111148E+09
    65200 -1.3793493516E+09  3.4077723608E+09
    65300 -1.3745789495E+09  3.4072967277E+09
    65400 -1.3714899766E+09  3.4089470626E+09
    65500 -1.3811476199E+09  3.4103553137E+09
    65600 -1.3800290665E+09  3.4112418349E+09
    65700 -1.3778988651E+09  3.4136574281E+09
    65800 -1.3775648475E+09  3.4076399547E+09
    65900 -1.3764941291E+09  3.4051948634E+09
    66000 -1.3793195525E+09  3.4050376425E+09
    66100 -1.3786977945E+09  3.4074416138E+09
    66200 -1.3748766201E+09  3.4078058005E+09
    66300 -1.3718574354E+09  3.4077874825E+09
    66400 -1.3799835577E+09  3.4096371938E+09
    66500 -1.3797629750E+09  3.4108983444E+09
    66600 -1.3803181855E+09  3.4096155452E+09
    66700 -1.3798254185E+09  3.4105059057E+09
    66800 -1.3784571190E+09  3.4107276640E+09
    66900 -1.3873944227E+09  3.4099500501E+09
    67000 -1.3839610588E+09  3.4117653646E+09
    67100 -1.3856983644E+09  3.4092510388E+09
    67200 -1.3735502914E+09  3.4048058888E+09
    67300 -1.3762889566E+09  3.4068210246E+09
    67400 -1.3766670187E+09  3.4063857918E+09
    67500 -1.3754000863E+09  3.4046456799E+09
    67600 -1.3733635701E+09  3.4046937949E+09
    67700 -1.3737284167E+09  3.4060502165E+09
    67800 -1.3745137655E+09  3.4038809010E+09
    67900 -1.3799978774E+09  3.4065499636E+09
    68000 -1.3818992741E+09  3.4065205263E+09
    68100 -1.3794403896E+09  3.4049402530E+09
    68200 -1.3758752751E+09  3.4039086483E+09
    68300 -1.3765906391E+09  3.4054671877E+09
    68400 -1.3737924725E+09  3.4063658062E+09
    68500 -1.3819448362E+09  3.4073419224E+09
    68600 -1.3784999874E+09  3.4075042150E+09
    68700 -1.3760279639E+09  3.4037145159E+09
    68800 -1.3757837470E+09  3.4042773454E+09
    68900 -1.3790108388E+09  3.4032559848E+09
    69000 -1.3748772182E+09  3.4040850374E+09
    69100 -1.3747652215E+09  3.4057814654E+09
    69200 -1.3794432879E+09  3.4046413163E+09
    69300 -1.3793334060E+09  3.4062762049E+09
    69400 -1.3793068186E+09  3.4083717505E+09
    69500 -1.3794401973E+09  3.4087043152E+09
    69600 -1.3847235999E+09  3.4110526641E+09
    69700 -1.3815848769E+09  3.4064917944E+09
    69800 -1.3788678236E+09  3.4035425797E+09
    69900 -1.3832936712E+09  3.4015065091E+09
    70000 -1.3795490362E+09  3.4016625850E+09
    70100 -1.3795814056E+09  3.4033047441E+09
    70200 -1.3881923673E+09  3.4040950992E+09
    70300 -1.3796056195E+09  3.4024655153E+09
    70400 -1.3801140629E+09  3.4028057729E+09
    70500 -1.3793265283E+09  3.4023561419E+09
    70600 -1.3817772351E+09  3.4030839605E+09
    70700 -1.3758556079E+09  3.4059797890E+09
    70800 -1.3768021655E+09  3.4037186472E+09
    70900 -1.3764622523E+09  3.4044809810E+09
    71000 -1.3826935366E+09  3.4020636895E+09
    71100 -1.3801377604E+09  3.4052770365E+09
    71200 -1.3756563737E+09  3.4053776216E+09
    71300 -1.3786533834E+09  3.4060715459E+09
    71400 -1.3761986540E+09  3.4015917591E+09
    71500 -1.3809486593E+09  3.4037922018E+09
    71600 -1.3728822679E+09  3.4051733259E+09
    71700 -1.3773227136E+09  3.4024632209E+09
    71800 -1.3745600653E+09  3.4020145538E+09
    71900 -1.3764104222E+09  3.4033081575E+09
    72000 -1.3809484263E+09  3.4043292406E+09
    72100 -1.3761385820E+09  3.4078015077E+09
    72200 -1.3782109999E+09  3.4070868205E+09
    72300 -1.3804463099E+09  3.4051078948E+09
    72400 -1.3760552479E+09  3.4023095377E+09
    72500 -1.3785395680E+09  3.3998796780E+09
    72600 -1.3703405976E+09  3.3991762222E+09
    72700 -1.3733235463E+09  3.3962319750E+09
    72800 -1.3731871091E+09  3.3979557168E+09
    72900 -1.3758535992E+09  3.4018693235E+09
    73000 -1.3766611001E+09  3.4033219416E+09
    73100 -1.3738140896E+09  3.4018391380E+09
    73200 -1.3738429569E+09  3.4041647990E+09
    73300 -1.3749980904E+09  3.4050010218E+09
    73400 -1.3706380525E+09  3.4064528678E+09
    73500 -1.3698575950E+09  3.4058695489E+09
    73600 -1.3728590631E+09  3.4031191359E+09
    73700 -1.3770814709E+09  3.4034690721E+09
    73800 -1.3742576841E+09  3.4037043336E+09
    73900 -1.3758191422E+09  3.4055452213E+09
    74000 -1.3782758973E+09  3.4081372298E+09
    74100 -1.3771609907E+09  3.4105042747E+09
    74200 -1.3734658634E+09  3.4084535494E+09
    74300 -1.3734556548E+09  3.4059533031E+09
    74400 -1.3768853164E+09  3.4112703503E+09
    74500 -1.3761962033E+09  3.4102882580E+09
    74600 -1.3792900929E+09  3.4085588016E+09
    74700 -1.3795110843E+09  3.4076326726E+09
    74800 -1.3797816741E+09  3.4117697579E+09
    74900 -1.3799652888E+09  3.4089938928E+09
    75000 -1.3787667463E+09  3.4082327901E+09
    75100 -1.3824707931E+09  3.4103465901E+09
    75200 -1.3733235200E+09  3.4085695824E+09
    75300 -1.3747668694E+09  3.4070968875E+09
    75400 -1.3763284259E+09  3.4056309008E+09
    75500 -1.3745763249E+09  3.4059702177E+09
    75600 -1.3813807149E+09  3.4093042802E+09
    75700 -1.3812967657E+09  3.4111717776E+09
    75800 -1.3789654721E+09  3.4107046342E+09
    75900 -1.3831598784E+09  3.4087136386E+09
    76000 -1.3852597785E+09  3.4050963471E+09
    76100 -1.3862774278E+09  3.4066776615E+09
    76200 -1.3790721521E+09  3.4038797372E+09
    76300 -1.3802830591E+09  3.4074061434E+09
    76400 -1.3730046167E+09  3.4086812785E+09
    76500 -1.3739155411E+09  3.4055654652E+09
    76600 -1.3779093376E+09  3.4041945395E+09
    76700 -1.3740670604E+09  3.4040410393E+09
    76800 -1.3752117181E+09  3.4031777239E+09
    76900 -1.3812154266E+09  3.4073600115E+09
    77000 -1.3866908119E+09  3.4090765777E+09
    77100 -1.3781444270E+09  3.4067109749E+09
    77200 -1.3832790648E+09  3.4082046316E+09
    77300 -1.3772525215E+09  3.4105426260E+09
    77400 -1.3803929831E+09  3.4113687211E+09
    77500 -1.3813347679E+09  3.4127813726E+09
    77600 -1.3774048664E+09  3.4109829756E+09
    77700 -1.3785541961E+09  3.4085859557E+09
    77800 -1.3774277403E+09  3.4083000939E+09
    77900 -1.3749938526E+09  3.4062822050E+09
    78000 -1.3743393807E+09  3.4067876991E+09
    78100 -1.3773149127E+09  3.4060837067E+09
    78200 -1.3807380163E+09  3.4061915840E+09
    78300 -1.3773934896E+09  3.4057239585E+09
    78400 -1.3753033861E+09  3.4022789641E+09
    78500 -1.3776113313E+09  3.4036810708E+09
    78600 -1.3764019631E+09  3.4029966637E+09
    78700 -1.3720700001E+09  3.4042039145E+09
    78800 -1.3738381285E+09  3.4038636926E+09
    78900 -1.3743284948E+09  3.4074173659E+09
    79000 -1.3767504677E+09  3.4079345487E+09
    79100 -1.3811411112E+09  3.4081848464E+09
    79200 -1.3740687457E+09  3.4089826600E+09
    79300 -1.3753098565E+09  3.4075896744E+09
    79400 -1.3776951238E+09  3.4080868703E+09
    79500 -1.3788205302E+09  3.4059369222E+09
    79600 -1.3753940879E+09  3.4069824282E+09
    79700 -1.3775912270E+09  3.4032087683E+09
    79800 -1.3683040355E+09  3.4027994957E+09
    79900 -1.3720195663E+09  3.4028803088E+09
    80000 -1.3736777543E+09  3.4039456478E+09
    80100 -1.3709885751E+09  3.4010045657E+09
    80200 -1.3702596842E+09  3.4037429938E+09
    80300 -1.3686599914E+09  3.4010584280E+09
    80400 -1.3611169366E+09  3.4022017738E+09
    80500 -1.3649152948E+09  3.4032417821E+09
    80600 -1.3669124190E+09  3.4030714061E+09
    80700 -1.3680837277E+09  3.4082844175E+09
    80800 -1.3757589564E+09  3.4094241550E+09
    80900 -1.3775601402E+09  3.4070647817E+09
    81000 -1.3725455405E+09  3.4079256567E+09
    81100 -1.3754625529E+09  3.4104672176E+09
    81200 -1.3767493767E+09  3.4102767544E+09
    81300 -1.3795829928E+09  3.4130046065E+09
    81400 -1.3778749866E+09  3.4099406241E+09
