 ######
     5100 -2.0738246923E+08  4.5219068553E+11
     5200 -2.0700196090E+08  8.8658365350E+09
     5300 -2.0668632433E+08  1.3290774711E+10
     5400 -2.3372183786E+08  1.3299868369E+10
     5500 -2.5793412223E+08  1.3300432751E+10
     5600 -2.7435186297E+08  1.3309497461E+10
     5700 -2.8402129661E+08  1.3312880146E+10
     5800 -2.9221308887E+08  1.3316253962E+10
     5900 -2.9456561651E+08  1.3303803776E+10
     6000 -3.0103194432E+08  1.3320286117E+10
     6100 -3.0333899690E+08  1.3319583139E+10
     6200 -3.0608103456E+08  1.3332322358E+10
     6300 -3.0757191242E+08  1.3352074449E+10
     6400 -3.0889528695E+08  1.3353530994E+10
     6500 -3.0958532174E+08  1.3346710819E+10
     6600 -3.0959007017E+08  1.3334364516E+10
     6700 -3.1011654397E+08  1.3343743581E+10
     6800 -3.0943962997E+08  1.3348567859E+10
     6900 -3.1151643200E+08  1.3353914608E+10
     7000 -3.0844548268E+08  1.3330456629E+10
     7100 -3.0889171456E+08  1.3325531382E+10
     7200 -3.0870893452E+08  1.3317643012E+10
     7300 -3.0867603119E+08  1.3310496458E+10
     7400 -3.1007123412E+08  1.3310384912E+10
     7500 -3.0996605765E+08  1.3318828475E+10
     7600 -3.1066338719E+08  1.3329776303E+10
     7700 -3.0836434495E+08  1.3323672773E+10
     7800 -3.0880466089E+08  1.3317993809E+10
     7900 -3.1019329191E+08  1.3326087826E+10
     8000 -3.0998053139E+08  1.3322182306E+10
     8100 -3.1029816220E+08  1.3350591531E+10
     8200 -3.1017313400E+08  1.3352662253E+10
     8300 -3.0984437600E+08  1.9999291654E+10
     8400 -3.4947522804E+08  1.9999434892E+10
     8500 -3.8651753768E+08  1.9996953443E+10
     8600 -4.1134952859E+08  1.9994105287E+10
     8700 -4.2703996760E+08  1.9996654425E+10
     8800 -4.3816868616E+08  2.0004410720E+10
     8900 -4.4556293773E+08  2.0029988501E+10
     9000 -4.5230967164E+08  2.0021784273E+10
     9100 -4.5611131932E+08  1.9986654589E+10
     9200 -4.5825324920E+08  1.9959343984E+10
     9300 -4.5981362848E+08  1.9988182674E+10
     9400 -4.6213511353E+08  1.9986106502E+10
     9500 -4.6192686593E+08  1.9982445850E+10
     9600 -4.6069234700E+08  1.9980629376E+10
     9700 -4.6263864180E+08  1.9992361314E+10
     9800 -4.6271247559E+08  2.0024361556E+10
     9900 -4.6510397744E+08  1.9987342268E+10
    10000 -4.6522079883E+08  1.9961203429E+10
    10100 -4.6435917729E+08  1.9954656256E+10
    10200 -4.6335330401E+08  1.9952894610E+10
    10300 -4.6444004209E+08  1.9970180943E+10
    10400 -4.6777264085E+08  1.9987891011E+10
    10500 -4.6631911744E+08  2.0009070867E+10
    10600 -4.6796688212E+08  2.0015230866E+10
    10700 -4.6509748976E+08  1.9991771373E+10
    10800 -4.6561690064E+08  2.0010770758E+10
    10900 -4.6758162877E+08  2.0034486486E+10
    11000 -4.6750611962E+08  2.0014165057E+10
    11100 -4.6767760761E+08  2.0035973739E+10
    11200 -4.6867086584E+08  2.0028600205E+10
    11300 -4.6651057953E+08  3.0066793253E+10
    11400 -5.2700563896E+08  3.0040856590E+10
    11500 -5.8347330883E+08  3.0046011547E+10
    11600 -6.1688904361E+08  3.0057745560E+10
    11700 -6.4375229243E+08  3.0063989916E+10
    11800 -6.5921868845E+08  3.0070967215E+10
    11900 -6.7169104904E+08  3.0084838676E+10
    12000 -6.8092313350E+08  3.0059031683E+10
    12100 -6.8513335549E+08  3.0046780121E+10
    12200 -6.8540500393E+08  2.9987867651E+10
    12300 -6.8820417144E+08  2.9965599767E+10
    12400 -6.9271300660E+08  2.9961618285E+10
    12500 -6.9380781392E+08  2.9969437948E+10
    12600 -6.9579224364E+08  2.9964871534E+10
    12700 -6.9536821155E+08  2.9977162068E+10
    12800 -6.9543115872E+08  2.9956919214E+10
    12900 -6.9595773269E+08  2.9932615270E+10
    13000 -6.9740725116E+08  2.9970129273E+10
    13100 -6.9909990353E+08  3.0004704563E+10
    13200 -6.9632718461E+08  2.9971583160E+10
    13300 -6.9800473052E+08  2.9939164618E+10
    13400 -6.9882900776E+08  2.9958464908E+10
    13500 -6.9989615879E+08  2.9979798968E+10
    13600 -7.0278737683E+08  2.9948313250E+10
    13700 -7.0033768009E+08  2.9939388757E+10
    13800 -6.9908634374E+08  2.9985656322E+10
    13900 -6.9752478693E+08  3.0004015161E+10
    14000 -6.9954979411E+08  3.0025493101E+10
    14100 -6.9855323183E+08  2.9998544117E+10
    14200 -7.0060761943E+08  2.9997581618E+10
    14300 -7.0157101929E+08  4.3576557415E+10
    14400 -7.8071079817E+08  4.3629506086E+10
    14500 -8.5593669005E+08  4.3580453321E+10
    14600 -9.0477869545E+08  4.3567603450E+10
    14700 -9.3671725561E+08  4.3495342419E+10
    14800 -9.5874853229E+08  4.3498982875E+10
    14900 -9.7422441736E+08  4.3579475894E+10
    15000 -9.8602232643E+08  4.3600796858E+10
    15100 -9.9513644633E+08  4.3602982113E+10
    15200 -1.0017630647E+09  4.3621790234E+10
    15300 -1.0017584106E+09  4.3603786929E+10
    15400 -1.0059104454E+09  4.3567327414E+10
    15500 -1.0056961659E+09  4.3518002059E+10
    15600 -1.0102787201E+09  4.3459879546E+10
    15700 -1.0086254321E+09  4.3457524342E+10
    15800 -1.0116702246E+09  4.3499492387E+10
    15900 -1.0126245458E+09  4.3482570200E+10
    16000 -1.0111721490E+09  4.3463280103E+10
    16100 -1.0142272181E+09  4.3443531651E+10
    16200 -1.0134770819E+09  4.3430847345E+10
    16300 -1.0142188427E+09  4.3475107033E+10
    16400 -1.0175051504E+09  4.3516730706E+10
    16500 -1.0159898058E+09  4.3575219597E+10
    16600 -1.0180953784E+09  4.3640292211E+10
    16700 -1.0154954126E+09  4.3668068998E+10
    16800 -1.0166859812E+09  4.3652079294E+10
    16900 -1.0167089115E+09  4.3621741914E+10
    17000 -1.0150157291E+09  4.3580150848E+10
    17100 -1.0178133610E+09  4.3548455016E+10
    17200 -1.0156276711E+09  4.3526699403E+10
    17300 -1.0163824472E+09  5.0082901946E+10
    17400 -1.0545117351E+09  5.0034161923E+10
    17500 -1.0891102128E+09  4.9960565665E+10
    17600 -1.1125603475E+09  4.9949509397E+10
    17700 -1.1222804078E+09  4.9900360661E+10
    17800 -1.1369060518E+09  4.9892702465E+10
    17900 -1.1428104234E+09  4.9841956938E+10
    18000 -1.1486404006E+09  4.9883228311E+10
    18100 -1.1565530092E+09  4.9967310829E+10
    18200 -1.1561063675E+09  4.9958395176E+10
    18300 -1.1588213987E+09  4.9945567724E+10
    18400 -1.1576515047E+09  4.9959685596E+10
    18500 -1.1581165428E+09  4.9914392981E+10
    18600 -1.1660158206E+09  4.9969092974E+10
    18700 -1.1628266832E+09  4.9961187049E+10
    18800 -1.1638235823E+09  5.0012873096E+10
    18900 -1.1642629388E+09  5.0008204563E+10
    19000 -1.1642545595E+09  5.0006899306E+10
    19100 -1.1671061790E+09  4.9970646068E+10
    19200 -1.1657283330E+09  5.0018843071E+10
    19300 -1.1674855818E+09  4.9970225048E+10
    19400 -1.1642488485E+09  4.9974431231E+10
    19500 -1.1688818973E+09  4.9980503329E+10
    19600 -1.1650054864E+09  5.0009357950E+10
    19700 -1.1681868179E+09  5.0017007717E+10
    19800 -1.1680790310E+09  5.0048942331E+10
    19900 -1.1691042879E+09  5.0012047538E+10
    20000 -1.1689848118E+09  5.0040874046E+10
    20100 -1.1677631844E+09  5.0103603125E+10
    20200 -1.1671291241E+09  5.0127978599E+10
    20300 -1.1680919829E+09  5.3347543552E+10
    20400 -1.1919743983E+09  5.3364746617E+10
    20500 -1.2085846737E+09  5.3331905770E+10
    20600 -1.2196402759E+09  5.3304481352E+10
    20700 -1.2257312112E+09  5.3343958241E+10
    20800 -1.2306278195E+09  5.3361340377E+10
    20900 -1.2362948615E+09  5.3278131364E+10
    21000 -1.2381439820E+09  5.3281584544E+10
    21100 -1.2381247941E+09  5.3290519183E+10
    21200 -1.2374512673E+09  5.3217474222E+10
    21300 -1.2389664517E+09  5.3169835010E+10
    21400 -1.2409335857E+09  5.3080710101E+10
    21500 -1.2360823544E+09  5.3040953389E+10
    21600 -1.2396358117E+09  5.3136415912E+10
    21700 -1.2380432877E+09  5.3148163267E+10
    21800 -1.2370372198E+09  5.3193595161E+10
    21900 -1.2393875397E+09  5.3272628194E+10
    22000 -1.2435706600E+09  5.3386370085E+10
    22100 -1.2461302727E+09  5.3379309567E+10
    22200 -1.2411386310E+09  5.3337987559E+10
    22300 -1.2430056235E+09  5.3290611544E+10
    22400 -1.2402999507E+09  5.3292599198E+10
    22500 -1.2442347597E+09  5.3272764519E+10
    22600 -1.2420480835E+09  5.3291541631E+10
    22700 -1.2435656182E+09  5.3254118242E+10
    22800 -1.2436994454E+09  5.3220851767E+10
    22900 -1.2386360914E+09  5.3189833404E+10
    23000 -1.2408496488E+09  5.3173321655E+10
    23100 -1.2422245992E+09  5.3164069425E+10
    23200 -1.2367183427E+09  5.3157372448E+10
    23300 -1.2405613179E+09  5.4874928584E+10
    23400 -1.2491070153E+09  5.4881978073E+10
    23500 -1.2586799456E+09  5.4833190743E+10
    23600 -1.2622743810E+09  5.4881494629E+10
    23700 -1.2686357812E+09  5.4924628098E+10
    23800 -1.2745335255E+09  5.4958499673E+10
    23900 -1.2729478418E+09  5.4910184192E+10
    24000 -1.2761694408E+09  5.4931507536E+10
    24100 -1.2775343357E+09  5.4950939857E+10
    24200 -1.2797348634E+09  5.4917416978E+10
    24300 -1.2815787993E+09  5.4951062166E+10
    24400 -1.2812707441E+09  5.4973844418E+10
    24500 -1.2819132310E+09  5.4951155111E+10
    24600 -1.2831285745E+09  5.4976812991E+10
    24700 -1.2836286230E+09  5.5022436425E+10
    24800 -1.2862731513E+09  5.4975185867E+10
    24900 -1.2854719741E+09  5.4946034648E+10
    25000 -1.2819765616E+09  5.4981791856E+10
    25100 -1.2834876286E+09  5.4933850279E+10
    25200 -1.2814650169E+09  5.4854617474E+10
    25300 -1.2793762967E+09  5.4868225400E+10
    25400 -1.2832928767E+09  5.4891619012E+10
    25500 -1.2845525095E+09  5.4923093007E+10
    25600 -1.2805259601E+09  5.4818366998E+10
    25700 -1.2797420335E+09  5.4781512136E+10
    25800 -1.2811323266E+09  5.4799565543E+10
    25900 -1.2812054009E+09  5.4834149525E+10
    26000 -1.2831775640E+09  5.4826444039E+10
    26100 -1.2820127398E+09  5.4833522168E+10
    26200 -1.2776156560E+09  5.4825780528E+10
    26300 -1.2283090213E+09  5.4859979697E+10
    26400 -1.2828347906E+09  5.4897238565E+10
    26500 -1.2821618843E+09  5.4873957681E+10
    26600 -1.2797027471E+09  5.4857220040E+10
    26700 -1.2812288151E+09  5.4917397970E+10
    26800 -1.2794222116E+09  5.4831355000E+10
    26900 -1.2789789968E+09  5.4785132072E+10
    27000 -1.2788459070E+09  5.4831441665E+10
    27100 -1.2805451961E+09  5.4853187154E+10
    27200 -1.2803271524E+09  5.4868026318E+10
    27300 -1.2811731037E+09  5.4861183610E+10
    27400 -1.2813546744E+09  5.4841269254E+10
    27500 -1.2820853314E+09  5.4859198436E+10
    27600 -1.2819275449E+09  5.4914507073E+10
    27700 -1.2810048959E+09  5.4921687347E+10
    27800 -1.2781885658E+09  5.4922805278E+10
    27900 -1.2785569879E+09  5.4900734688E+10
    28000 -1.2799240895E+09  5.4887200161E+10
    28100 -1.2800662069E+09  5.4839099296E+10
    28200 -1.2800541318E+09  5.4832499701E+10
    28300 -1.2790605362E+09  5.4836618293E+10
    28400 -1.2784989041E+09  5.4788829605E+10
    28500 -1.2791961718E+09  5.4763010297E+10
    28600 -1.2767919706E+09  5.4768667153E+10
    28700 -1.2791431778E+09  5.4776398628E+10
    28800 -1.2792903244E+09  5.4780259290E+10
    28900 -1.2800424852E+09  5.4828285450E+10
    29000 -1.2815358145E+09  5.4917944008E+10
    29100 -1.2818980128E+09  5.4941251713E+10
    29200 -1.2821427926E+09  5.4904956471E+10
    29300 -1.2793023668E+09  5.4871097720E+10
    29400 -1.2812826810E+09  5.4825775784E+10
    29500 -1.2792893349E+09  5.4835833107E+10
    29600 -1.2799717403E+09  5.4899807832E+10
    29700 -1.2816795428E+09  5.4871007280E+10
    29800 -1.2814426816E+09  5.4934694463E+10
    29900 -1.2802336518E+09  5.4956379447E+10
    30000 -1.2809347749E+09  5.4949236203E+10
    30100 -1.2819330211E+09  5.4919237062E+10
    30200 -1.2808354007E+09  5.4896447333E+10
    30300 -1.2810379190E+09  5.4863292491E+10
    30400 -1.2820991909E+09  5.4826193233E+10
    30500 -1.2803802814E+09  5.4771975482E+10
    30600 -1.2784673602E+09  5.4772997395E+10
    30700 -1.2796052445E+09  5.4777621789E+10
    30800 -1.2785370759E+09  5.4743056578E+10
    30900 -1.2769106646E+09  5.4758314996E+10
    31000 -1.2774226840E+09  5.4767766856E+10
    31100 -1.2791462502E+09  5.4795721913E+10
    31200 -1.2790491113E+09  5.4768040498E+10
    31300 -1.2787155917E+09  5.4745901673E+10
    31400 -1.2793148163E+09  5.4742811485E+10
    31500 -1.2792218988E+09  5.4750923682E+10
    31600 -1.2794557140E+09  5.4780162806E+10
    31700 -1.2795833945E+09  5.4781595061E+10
    31800 -1.2782735988E+09  5.4791092091E+10
    31900 -1.2794763064E+09  5.4804820336E+10
    32000 -1.2805157927E+09  5.4850098048E+10
    32100 -1.2818998433E+09  5.4876767200E+10
    32200 -1.2808520521E+09  5.4896981835E+10
    32300 -1.2837199970E+09  5.4903155263E+10
    32400 -1.2826282562E+09  5.4847065658E+10
    32500 -1.2798605593E+09  5.4778743357E+10
    32600 -1.2806939609E+09  5.4830469150E+10
    32700 -1.2805851759E+09  5.4882059044E+10
    32800 -1.2792300307E+09  5.4849814134E+10
    32900 -1.2829320326E+09  5.4899972069E+10
    33000 -1.2810965014E+09  5.4885308145E+10
    33100 -1.2795437366E+09  5.4946153918E+10
    33200 -1.2812829041E+09  5.4953897301E+10
    33300 -1.2800548652E+09  5.4961644255E+10
    33400 -1.2803305805E+09  5.4960223600E+10
    33500 -1.2826355326E+09  5.4946143192E+10
    33600 -1.2806218832E+09  5.4887869316E+10
    33700 -1.2799395058E+09  5.4819555692E+10
    33800 -1.2790657604E+09  5.4779659547E+10
    33900 -1.2796887550E+09  5.4793187969E+10
    34000 -1.2805465479E+09  5.4776625450E+10
    34100 -1.2785638656E+09  5.4765315030E+10
    34200 -1.2799383410E+09  5.4820888304E+10
    34300 -1.2809128860E+09  5.4814793356E+10
    34400 -1.2809664435E+09  5.4838025063E+10
    34500 -1.2802045720E+09  5.4828648442E+10
    34600 -1.2822708326E+09  5.4831192997E+10
    34700 -1.2809084383E+09  5.4834024999E+10
    34800 -1.2807521637E+09  5.4819468801E+10
    34900 -1.2788310406E+09  5.4769783070E+10
    35000 -1.2787804452E+09  5.4734580633E+10
    35100 -1.2766142237E+09  5.4767207885E+10
    35200 -1.2775397040E+09  5.4755725437E+10
    35300 -1.2781105179E+09  5.4711037167E+10
    35400 -1.2772359003E+09  5.4775659166E+10
    35500 -1.2770724473E+09  5.4807822989E+10
    35600 -1.2778114121E+09  5.4805109538E+10
    35700 -1.2773079409E+09  5.4783333869E+10
    35800 -1.2772660206E+09  5.4796770007E+10
    35900 -1.2762769293E+09  5.4773633340E+10
    36000 -1.2801711716E+09  5.4821376214E+10
    36100 -1.2795131274E+09  5.4784371128E+10
    36200 -1.2812182747E+09  5.4819710894E+10
    36300 -1.2822779960E+09  5.4829259267E+10
    36400 -1.2788233908E+09  5.4865937218E+10
    36500 -1.2791839664E+09  5.4813038719E+10
    36600 -1.2808575616E+09  5.4810301940E+10
    36700 -1.2780687595E+09  5.4840534228E+10
    36800 -1.2786895450E+09  5.4806983865E+10
    36900 -1.2813110536E+09  5.4804432242E+10
    37000 -1.2810063627E+09  5.4792478477E+10
    37100 -1.2822865705E+09  5.4815616256E+10
    37200 -1.2835424874E+09  5.4888099651E+10
    37300 -1.2819830784E+09  5.4851265797E+10
    37400 -1.2818900185E+09  5.4832484954E+10
    37500 -1.2786027840E+09  5.4879062281E+10
    37600 -1.2774374797E+09  5.4868841148E+10
    37700 -1.2784516724E+09  5.4874826467E+10
    37800 -1.2792361757E+09  5.4800361448E+10
    37900 -1.2776993502E+09  5.4836932239E+10
    38000 -1.2780924491E+09  5.4872741627E+10
    38100 -1.2801702707E+09  5.4859007742E+10
    38200 -1.2809738293E+09  5.4874080770E+10
    38300 -1.2792885583E+09  5.4823077106E+10
    38400 -1.2813574676E+09  5.4843413155E+10
    38500 -1.2823112585E+09  5.4894606990E+10
    38600 -1.2831951009E+09  5.4910794060E+10
    38700 -1.2818515938E+09  5.4913263472E+10
    38800 -1.2835611538E+09  5.4908211566E+10
    38900 -1.2806965382E+09  5.4886274877E+10
    39000 -1.2796443423E+09  5.4860254338E+10
    39100 -1.2818225165E+09  5.4873746107E+10
    39200 -1.2818882206E+09  5.4890442656E+10
    39300 -1.2828946147E+09  5.4926318493E+10
    39400 -1.2825167152E+09  5.4909856085E+10
    39500 -1.2810628835E+09  5.4914628809E+10
    39600 -1.2808621049E+09  5.4868313624E+10
    39700 -1.2801124482E+09  5.4834661860E+10
    39800 -1.2807192119E+09  5.4859342726E+10
    39900 -1.2799684485E+09  5.4833711778E+10
    40000 -1.2803344915E+09  5.4851715417E+10
    40100 -1.2772183230E+09  5.4848549272E+10
    40200 -1.2797906351E+09  5.4877088889E+10
    40300 -1.2797603754E+09  5.4866268347E+10
    40400 -1.2811909191E+09  5.4903514631E+10
    40500 -1.2800690847E+09  5.4925729515E+10
    40600 -1.2822225901E+09  5.4941919100E+10
    40700 -1.2825799988E+09  5.4918841676E+10
    40800 -1.2793940993E+09  5.4815618612E+10
    40900 -1.2786636468E+09  5.4803397758E+10
    41000 -1.2801132524E+09  5.4877296662E+10
    41100 -1.2809265016E+09  5.4927697417E+10
    41200 -1.2807601568E+09  5.4892473211E+10
    41300 -1.2784447743E+09  5.4819942313E+10
    41400 -1.2791016322E+09  5.4818476862E+10
    41500 -1.2793576942E+09  5.4851015580E+10
    41600 -1.2798292170E+09  5.4871815337E+10
    41700 -1.2784745540E+09  5.4858891356E+10
    41800 -1.2797187804E+09  5.4834065675E+10
    41900 -1.2781060804E+09  5.4811275346E+10
    42000 -1.2787162063E+09  5.4787972583E+10
    42100 -1.2771267283E+09  5.4774466802E+10
    42200 -1.2770660758E+09  5.4812047473E+10
    42300 -1.2785657651E+09  5.4891130653E+10
    42400 -1.2816721422E+09  5.4911987357E+10
    42500 -1.2818111975E+09  5.4909985622E+10
    42600 -1.2818089520E+09  5.4861023904E+10
    42700 -1.2791181907E+09  5.4848667437E+10
    42800 -1.2778167407E+09  5.4771511250E+10
    42900 -1.2794747148E+09  5.4760091127E+10
    43000 -1.2784626532E+09  5.4760661438E+10
    43100 -1.2805910969E+09  5.4852906502E+10
    43200 -1.2799383625E+09  5.4818933390E+10
    43300 -1.2787798520E+09  5.4823100160E+10
    43400 -1.2793221730E+09  5.4843837453E+10
    43500 -1.2810807186E+09  5.4898646370E+10
    43600 -1.2810256783E+09  5.4862339253E+10
    43700 -1.2817950000E+09  5.4851534213E+10
    43800 -1.2802223184E+09  5.4867345950E+10
    43900 -1.2805306047E+09  5.4876613670E+10
    44000 -1.2780939670E+09  5.4859453131E+10
    44100 -1.2797803254E+09  5.4856868607E+10
    44200 -1.2811785066E+09  5.4853963423E+10
    44300 -1.2808220046E+09  5.4914588343E+10
    44400 -1.2812282619E+09  5.4907196478E+10
    44500 -1.2799839881E+09  5.4871505993E+10
    44600 -1.2798451303E+09  5.4861510980E+10
    44700 -1.2806120226E+09  5.4865378313E+10
    44800 -1.2813556679E+09  5.4847776362E+10
    44900 -1.2805776046E+09  5.4895493505E+10
    45000 -1.2824147498E+09  5.4945438509E+10
    45100 -1.2815511985E+09  5.4902272471E+10
    45200 -1.2802360262E+09  5.4868373310E+10
    45300 -1.2820726172E+09  5.4923329352E+10
    45400 -1.2805304882E+09  5.4858744488E+10
    45500 -1.2788274214E+09  5.4851021560E+10
    45600 -1.2806189193E+09  5.4872399858E+10
    45700 -1.2782280495E+09  5.4842233164E+10
    45800 -1.2780251947E+09  5.4782549699E+10
    45900 -1.2767081452E+09  5.4704943235E+10
    46000 -1.2764333199E+09  5.4750682311E+10
    46100 -1.2778465122E+09  5.4778282732E+10
    46200 -1.2787690575E+09  5.4779914199E+10
    46300 -1.2783470909E+09  5.4823125652E+10
    46400 -1.2784779848E+09  5.4796606253E+10
    46500 -1.2752997013E+09  5.4766870856E+10
    46600 -1.2794566658E+09  5.4822338186E+10
    46700 -1.2815293922E+09  5.4860384385E+10
    46800 -1.2801071789E+09  5.4842220575E+10
    46900 -1.2781202172E+09  5.4826590598E+10
    47000 -1.2794114392E+09  5.4835805575E+10
    47100 -1.2801676745E+09  5.4882143666E+10
    47200 -1.2814888496E+09  5.4892269845E+10
    47300 -1.2805306487E+09  5.4923169960E+10
    47400 -1.2814063567E+09  5.4878523732E+10
    47500 -1.2823262350E+09  5.4867733228E+10
    47600 -1.2831401034E+09  5.4906270381E+10
    47700 -1.2817674836E+09  5.4937375175E+10
    47800 -1.2827498673E+09  5.4951542158E+10
    47900 -1.2836141981E+09  5.4950356240E+10
    48000 -1.2810123853E+09  5.4902645667E+10
    48100 -1.2811603549E+09  5.4896811818E+10
    48200 -1.2809887129E+09  5.4825502112E+10
    48300 -1.2790694502E+09  5.4819220971E+10
    48400 -1.2769226809E+09  5.4792829776E+10
    48500 -1.2776314544E+09  5.4819244012E+10
    48600 -1.2777849338E+09  5.4849883477E+10
    48700 -1.2782659600E+09  5.4850271945E+10
    48800 -1.2792951915E+09  5.4815361767E+10
    48900 -1.2795770934E+09  5.4801239707E+10
    49000 -1.2801037577E+09  5.4870131746E+10
    49100 -1.2797820496E+09  5.4858792253E+10
    49200 -1.2807226324E+09  5.4788945505E+10
    49300 -1.2805865883E+09  5.4795222241E+10
    49400 -1.2802922186E+09  5.4830029703E+10
    49500 -1.2793919724E+09  5.4810830429E+10
    49600 -1.2792604760E+09  5.4831901004E+10
    49700 -1.2802538865E+09  5.4831350821E+10
    49800 -1.2817388491E+09  5.4861591813E+10
    49900 -1.2803526418E+09  5.4901397880E+10
    50000 -1.2795360174E+09  5.4855262385E+10
    50100 -1.2815341888E+09  5.4874956837E+10
    50200 -1.2815948454E+09  5.4891287204E+10
    50300 -1.2798206820E+09  5.4795575990E+10
    50400 -1.2783205612E+09  5.4741619555E+10
    50500 -1.2800167473E+09  5.4777279898E+10
    50600 -1.2788373979E+09  5.4798285412E+10
    50700 -1.2790855239E+09  5.4897590464E+10
    50800 -1.2809234381E+09  5.4901299103E+10
    50900 -1.2821227430E+09  5.4962092879E+10
    51000 -1.2808739501E+09  5.4892083339E+10
    51100 -1.2798874785E+09  5.4874602330E+10
    51200 -1.2814637997E+09  5.4917599653E+10
    51300 -1.2824976919E+09  5.4973017684E+10
    51400 -1.2815036985E+09  5.4991919801E+10
    51500 -1.2805584222E+09  5.4919664482E+10
    51600 -1.2810730767E+09  5.4915379595E+10
    51700 -1.2817824855E+09  5.4871413383E+10
    51800 -1.2805633477E+09  5.4878728478E+10
    51900 -1.2800906358E+09  5.4892168532E+10
    52000 -1.2825324220E+09  5.4919231391E+10
    52100 -1.2826768286E+09  5.4882521660E+10
    52200 -1.2811575424E+09  5.4882291444E+10
    52300 -1.2795470807E+09  5.4832422712E+10
    52400 -1.2788555283E+09  5.4829175915E+10
    52500 -1.2780191330E+09  5.4811057991E+10
    52600 -1.2803275213E+09  5.4804550243E+10
    52700 -1.2789913446E+09  5.4874244235E+10
    52800 -1.2807902222E+09  5.4849205033E+10
    52900 -1.2818771148E+09  5.4867798835E+10
    53000 -1.2809709043E+09  5.4852625396E+10
    53100 -1.2819233336E+09  5.4906140957E+10
    53200 -1.2807871746E+09  5.4916570999E+10
    53300 -1.2825174726E+09  5.4898852832E+10
    53400 -1.2789694694E+09  5.4875063647E+10
    53500 -1.2798819059E+09  5.4824748633E+10
    53600 -1.2823053945E+09  5.4853850398E+10
    53700 -1.2821852665E+09  5.4861720685E+10
    53800 -1.2809677463E+09  5.4862596275E+10
    53900 -1.2798218659E+09  5.4820241334E+10
    54000 -1.2812405980E+09  5.4857490275E+10
    54100 -1.2787097966E+09  5.4825719725E+10
    54200 -1.2815552713E+09  5.4835836426E+10
    54300 -1.2814622832E+09  5.4889160128E+10
    54400 -1.2835176404E+09  5.4889057866E+10
    54500 -1.2807247247E+09  5.4897097398E+10
    54600 -1.2798271889E+09  5.4873080502E+10
    54700 -1.2815579478E+09  5.4798564273E+10
    54800 -1.2805573506E+09  5.4777935349E+10
    54900 -1.2799383610E+09  5.4812786021E+10
    55000 -1.2796988291E+09  5.4825459219E+10
    55100 -1.2808073884E+09  5.4887909147E+10
    55200 -1.2809418838E+09  5.4894257180E+10
    55300 -1.2809505199E+09  5.4881488008E+10
    55400 -1.2806039260E+09  5.4885848755E+10
    55500 -1.2817227346E+09  5.4915510153E+10
    55600 -1.2821925887E+09  5.4933600629E+10
    55700 -1.2831443946E+09  5.4923277489E+10
    55800 -1.2815732918E+09  5.4883798384E+10
    55900 -1.2824659427E+09  5.4901188889E+10
    56000 -1.2828002022E+09  5.4903076625E+10
    56100 -1.2812279111E+09  5.4909027141E+10
    56200 -1.2845918136E+09  5.4910253628E+10
    56300 -1.2832870715E+09  5.4833498232E+10
    56400 -1.2799948013E+09  5.4763259823E+10
    56500 -1.2793840736E+09  5.4780337651E+10
    56600 -1.2792534983E+09  5.4796745717E+10
    56700 -1.2787165246E+09  5.4803949805E+10
    56800 -1.2814497076E+09  5.4897229394E+10
    56900 -1.2800062716E+09  5.4869413486E+10
    57000 -1.2795731943E+09  5.4836243947E+10
    57100 -1.2791665903E+09  5.4860999759E+10
    57200 -1.2785999756E+09  5.4819208623E+10
    57300 -1.2800625906E+09  5.4829096410E+10
    57400 -1.2781286897E+09  5.4880968596E+10
    57500 -1.2795893399E+09  5.4855077941E+10
    57600 -1.2806427712E+09  5.4840782215E+10
    57700 -1.2793219196E+09  5.4797815333E+10
    57800 -1.2791007253E+09  5.4837708002E+10
    57900 -1.2790157976E+09  5.4883976045E+10
    58000 -1.2787386918E+09  5.4893771175E+10
    58100 -1.2803867048E+09  5.4874486093E+10
    58200 -1.2802828921E+09  5.4884696917E+10
    58300 -1.2792782196E+09  5.4867342386E+10
    58400 -1.2810350338E+09  5.4852809105E+10
    58500 -1.2806758355E+09  5.4805999465E+10
    58600 -1.2809960914E+09  5.4814475658E+10
    58700 -1.2789175775E+09  5.4808588290E+10
    58800 -1.2803511707E+09  5.4906766353E+10
    58900 -1.2807367768E+09  5.4841611020E+10
    59000 -1.2806066713E+09  5.4879269972E+10
    59100 -1.2811097530E+09  5.4887442713E+10
    59200 -1.2799721609E+09  5.4866879506E+10
    59300 -1.2821992210E+09  5.4863319049E+10
    59400 -1.2797714031E+09  5.4851788001E+10
    59500 -1.2816763592E+09  5.4869795857E+10
    59600 -1.2801795098E+09  5.4879065242E+10
    59700 -1.2820972021E+09  5.4851105391E+10
    59800 -1.2782910036E+09  5.4772884658E+10
    59900 -1.2801089366E+09  5.4777289357E+10
    60000 -1.2779187035E+09  5.4773043627E+10
    60100 -1.2785795302E+09  5.4757550566E+10
    60200 -1.2789132624E+09  5.4795677692E+10
    60300 -1.2783818874E+09  5.4748184039E+10
    60400 -1.2763875166E+09  5.4749671383E+10
    60500 -1.2768775586E+09  5.4759248957E+10
    60600 -1.2779271879E+09  5.4779766885E+10
    60700 -1.2805797746E+09  5.4822684919E+10
    60800 -1.2807929796E+09  5.4817975728E+10
    60900 -1.2782487474E+09  5.4792201724E+10
    61000 -1.2788452212E+09  5.4771056998E+10
    61100 -1.2781369211E+09  5.4760210443E+10
    61200 -1.2775105771E+09  5.4747961870E+10
    61300 -1.2767237467E+09  5.4809074884E+10
    61400 -1.2797755071E+09  5.4818581935E+10
    61500 -1.2786246446E+09  5.4787600348E+10
    61600 -1.2781084778E+09  5.4758946358E+10
    61700 -1.2786898211E+09  5.4742880423E+10
    61800 -1.2783054633E+09  5.4759906885E+10
    61900 -1.2765104303E+09  5.4711639520E+10
    62000 -1.2771527559E+09  5.4682428602E+10
    62100 -1.2765555170E+09  5.4723865872E+10
    62200 -1.2760113203E+09  5.4793865942E+10
    62300 -1.2762706475E+09  5.4791453610E+10
    62400 -1.2776058092E+09  5.4822892606E+10
    62500 -1.2775828649E+09  5.4822432198E+10
    62600 -1.2779888860E+09  5.4821190276E+10
    62700 -1.2783431094E+09  5.4885218761E+10
    62800 -1.2805569189E+09  5.4920548279E+10
    62900 -1.2785345777E+09  5.4876079095E+10
    63000 -1.2797207019E+09  5.4852818737E+10
    63100 -1.2780387191E+09  5.4792688540E+10
    63200 -1.2793589060E+09  5.4785024561E+10
    63300 -1.2813503069E+09  5.4838103036E+10
    63400 -1.2783259321E+09  5.4806354494E+10
    63500 -1.2764303903E+09  5.4748757074E+10
    63600 -1.2742808314E+09  5.4740619935E+10
    63700 -1.2757545765E+09  5.4738434220E+10
    63800 -1.2769517624E+09  5.4764685261E+10
    63900 -1.2768351541E+09  5.4759935379E+10
    64000 -1.2770895801E+09  5.4819386403E+10
    64100 -1.2800782807E+09  5.4784898022E+10
    64200 -1.2781750337E+09  5.4813980644E+10
    64300 -1.2773966730E+09  5.4764218362E+10
    64400 -1.2799989318E+09  5.4828014274E+10
    64500 -1.2796956248E+09  5.4824572757E+10
    64600 -1.2814748519E+09  5.4839857697E+10
    64700 -1.2796763719E+09  5.4872645633E+10
    64800 -1.2804537127E+09  5.4776854883E+10
    64900 -1.2815269820E+09  5.4758524397E+10
    65000 -1.2799120652E+09  5.4770119838E+10
    65100 -1.2772468705E+09  5.4793406421E+10
    65200 -1.2805386569E+09  5.4864580694E+10
    65300 -1.2822528008E+09  5.4887971042E+10
    65400 -1.2820189882E+09  5.4869427071E+10
    65500 -1.2799042061E+09  5.4869815253E+10
    65600 -1.2809612752E+09  5.4887500810E+10
    65700 -1.2792078807E+09  5.4825373464E+10
    65800 -1.2776718454E+09  5.4790071164E+10
    65900 -1.2790833075E+09  5.4838769700E+10
    66000 -1.2803105113E+09  5.4888560810E+10
    66100 -1.2807783669E+09  5.4941073451E+10
    66200 -1.2821867749E+09  5.4957125111E+10
    66300 -1.2836265556E+09  5.4968700609E+10
    66400 -1.2823183320E+09  5.4911320334E+10
    66500 -1.2829120468E+09  5.4840508800E+10
    66600 -1.2816504138E+09  5.4874513677E+10
    66700 -1.2838174535E+09  5.4871728311E+10
    66800 -1.2810174906E+09  5.4875723624E+10
    66900 -1.2831041709E+09  5.4884162815E+10
    67000 -1.2791395485E+09  5.4867212600E+10
    67100 -1.2781093916E+09  5.4824793735E+10
    67200 -1.2776826551E+09  5.4811948637E+10
    67300 -1.2785489463E+09  5.4876376575E+10
    67400 -1.2801055547E+09  5.4872102953E+10
    67500 -1.2786146107E+09  5.4800405802E+10
    67600 -1.2796103166E+09  5.4795166582E+10
    67700 -1.2764986031E+09  5.4766090091E+10
    67800 -1.2755385709E+09  5.4768709449E+10
    67900 -1.2770583212E+09  5.4781206028E+10
    68000 -1.2794373208E+09  5.4856880684E+10
    68100 -1.2798824924E+09  5.4904503153E+10
    68200 -1.2804491031E+09  5.4911088659E+10
    68300 -1.2805024224E+09  5.4869376974E+10
    68400 -1.2807944621E+09  5.4908265970E+10
    68500 -1.2798046010E+09  5.4883058408E+10
    68600 -1.2817353096E+09  5.4882004536E+10
    68700 -1.2815114978E+09  5.4848116632E+10
    68800 -1.2805366971E+09  5.4813296910E+10
    68900 -1.2815729081E+09  5.4832309129E+10
    69000 -1.2818544519E+09  5.4809173352E+10
    69100 -1.2816199063E+09  5.4870404875E+10
    69200 -1.2810304533E+09  5.4863971887E+10
    69300 -1.2828452641E+09  5.4889374646E+10
    69400 -1.2811588281E+09  5.4887687497E+10
    69500 -1.2813014517E+09  5.4872150354E+10
    69600 -1.2792172704E+09  5.4823486296E+10
    69700 -1.2785214137E+09  5.4835476167E+10
    69800 -1.2783041680E+09  5.4791275113E+10
    69900 -1.2788663663E+09  5.4764391989E+10
    70000 -1.2786229493E+09  5.4770534158E+10
    70100 -1.2792238668E+09  5.4799356278E+10
    70200 -1.2798060474E+09  5.4768797156E+10
    70300 -1.2774340895E+09  5.4823655447E+10
    70400 -1.2800071740E+09  5.4893471645E+10
    70500 -1.2808181735E+09  5.4861827315E+10
    70600 -1.2808194555E+09  5.4846544779E+10
    70700 -1.2790932192E+09  5.4867379153E+10
    70800 -1.2795981677E+09  5.4917610145E+10
    70900 -1.2834808221E+09  5.4955005629E+10
    71000 -1.2819348678E+09  5.4950421594E+10
    71100 -1.2829656800E+09  5.4920531107E+10
    71200 -1.2814562952E+09  5.4838373772E+10
    71300 -1.2807560730E+09  5.4846396029E+10
    71400 -1.2812763070E+09  5.4856844409E+10
    71500 -1.2798110872E+09  5.4905678844E+10
    71600 -1.2820968899E+09  5.4915267535E+10
    71700 -1.2811463978E+09  5.4958647805E+10
    71800 -1.2830480183E+09  5.4959077014E+10
    71900 -1.2817107884E+09  5.4887468369E+10
    72000 -1.2799036568E+09  5.4861195113E+10
    72100 -1.2803072159E+09  5.4891194992E+10
    72200 -1.2796282685E+09  5.4916861331E+10
