 ######
     5100 -7.7684217700E+08  2.9363993855E+12
     5200 -7.8195490418E+08  5.7651241616E+10
     5300 -7.8055172462E+08  5.7564687898E+10
     5400 -7.8394365921E+08  5.7553711250E+10
     5500 -7.7991990121E+08  5.7566814258E+10
     5600 -7.7972944758E+08  5.7530132954E+10
     5700 -7.8159608388E+08  5.7506338245E+10
     5800 -7.8654031246E+08  5.7508079605E+10
     5900 -8.4397405389E+08  8.6298068663E+10
     6000 -9.4448726459E+08  8.6299593667E+10
     6100 -1.0105681677E+09  8.6322936971E+10
     6200 -1.0564435926E+09  8.6334274368E+10
     6300 -1.0868662394E+09  8.6193630051E+10
     6400 -1.1132725228E+09  8.6203431766E+10
     6500 -1.1328097634E+09  8.6324816974E+10
     6600 -1.1397488549E+09  8.6531893534E+10
     6700 -1.1531068001E+09  8.6539081971E+10
     6800 -1.1495185124E+09  8.6431245232E+10
     6900 -1.1642077577E+09  8.6473734899E+10
     7000 -1.1721171982E+09  8.6540180330E+10
     7100 -1.1700289344E+09  8.6557748314E+10
     7200 -1.1731805016E+09  8.6611289720E+10
     7300 -1.1758033492E+09  8.6496419716E+10
     7400 -1.1791374334E+09  8.6521609674E+10
     7500 -1.1727166159E+09  8.6504914020E+10
     7600 -1.1720645027E+09  8.6484771452E+10
     7700 -1.1704291731E+09  8.6561189399E+10
     7800 -1.1748442643E+09  8.6601699362E+10
     7900 -1.1781617961E+09  8.6520612221E+10
     8000 -1.1705329018E+09  8.6419526096E+10
     8100 -1.1685565799E+09  8.6325552238E+10
     8200 -1.1682647119E+09  8.6262986215E+10
     8300 -1.1713064736E+09  8.6376888186E+10
     8400 -1.1749809762E+09  8.6358216998E+10
     8500 -1.1760037911E+09  8.6465974987E+10
     8600 -1.1794134934E+09  8.6425470789E+10
     8700 -1.1754519101E+09  8.6324710887E+10
     8800 -1.1755960317E+09  8.6162237273E+10
     8900 -1.2678545689E+09  1.2910251260E+11
     9000 -1.4090884409E+09  1.2927964392E+11
     9100 -1.5092562187E+09  1.2938121050E+11
     9200 -1.5853843770E+09  1.2939511050E+11
     9300 -1.6300695447E+09  1.2936245758E+11
     9400 -1.6755762339E+09  1.2940825810E+11
     9500 -1.7009970107E+09  1.2946142639E+11
     9600 -1.7156672967E+09  1.2946055151E+11
     9700 -1.7235471410E+09  1.2944926378E+11
     9800 -1.7369191633E+09  1.2951824995E+11
     9900 -1.7412079316E+09  1.2951208635E+11
    10000 -1.7445103092E+09  1.2948530867E+11
    10100 -1.7531403544E+09  1.2948668813E+11
    10200 -1.7558211108E+09  1.2956205197E+11
    10300 -1.7592048967E+09  1.2968978738E+11
    10400 -1.7530692631E+09  1.2955873999E+11
    10500 -1.7481706572E+09  1.2949253376E+11
    10600 -1.7544807379E+09  1.2955792666E+11
    10700 -1.7611453232E+09  1.2968801866E+11
    10800 -1.7623377365E+09  1.2981151275E+11
    10900 -1.7705312529E+09  1.2974745426E+11
    11000 -1.7640259777E+09  1.2969157610E+11
    11100 -1.7630727913E+09  1.2947801559E+11
    11200 -1.7641397126E+09  1.2946143637E+11
    11300 -1.7695158169E+09  1.2942159865E+11
    11400 -1.7655327703E+09  1.2943778241E+11
    11500 -1.7667328551E+09  1.2937310124E+11
    11600 -1.7563532786E+09  1.2926198211E+11
    11700 -1.7628866982E+09  1.2914611946E+11
    11800 -1.7530836866E+09  1.2903836070E+11
    11900 -1.8910151237E+09  1.9360759308E+11
    12000 -2.1120540917E+09  1.9358955007E+11
    12100 -2.2787009903E+09  1.9372984943E+11
    12200 -2.3847540531E+09  1.9373369204E+11
    12300 -2.4523742510E+09  1.9407577710E+11
    12400 -2.4990830832E+09  1.9410692396E+11
    12500 -2.5360774003E+09  1.9433803256E+11
    12600 -2.5655051085E+09  1.9431083160E+11
    12700 -2.5722965075E+09  1.9403430515E+11
    12800 -2.5984403946E+09  1.9385651358E+11
    12900 -2.6082260472E+09  1.9355833022E+11
    13000 -2.6130164263E+09  1.9348212412E+11
    13100 -2.6235029180E+09  1.9383584850E+11
    13200 -2.6425398951E+09  1.9396430001E+11
    13300 -2.6390964837E+09  1.9381649658E+11
    13400 -2.6335923265E+09  1.9403518125E+11
    13500 -2.6444074098E+09  1.9405398348E+11
    13600 -2.6430095966E+09  1.9383277813E+11
    13700 -2.6425231718E+09  1.9380500563E+11
    13800 -2.6408792794E+09  1.9393004993E+11
    13900 -2.6461544598E+09  1.9419711603E+11
    14000 -2.6449789355E+09  1.9395747318E+11
    14100 -2.6400540058E+09  1.9395284699E+11
    14200 -2.6375820240E+09  1.9391038323E+11
    14300 -2.6462065581E+09  1.9394867780E+11
    14400 -2.6509808113E+09  1.9405681195E+11
    14500 -2.6412751162E+09  1.9389606341E+11
    14600 -2.6442054730E+09  1.9355482830E+11
    14700 -2.6401529582E+09  1.9363646804E+11
    14800 -2.6361491936E+09  1.9385109022E+11
    14900 -2.8383616421E+09  2.9051229288E+11
    15000 -3.1756396452E+09  2.9024663102E+11
    15100 -3.4116287778E+09  2.9024428123E+11
    15200 -3.5610173450E+09  2.9039961947E+11
    15300 -3.6659689653E+09  2.9044613793E+11
    15400 -3.7325175106E+09  2.9031235504E+11
    15500 -3.8125258941E+09  2.9045704596E+11
    15600 -3.8554015571E+09  2.9042403622E+11
    15700 -3.8687110191E+09  2.9030947580E+11
    15800 -3.9042178028E+09  2.9044907564E+11
    15900 -3.9242851224E+09  2.9075154834E+11
    16000 -3.9266264050E+09  2.9090740141E+11
    16100 -3.9335543885E+09  2.9073027009E+11
    16200 -3.9298160755E+09  2.9077651553E+11
    16300 -3.9394887488E+09  2.9080210680E+11
    16400 -3.9484060347E+09  2.9048142471E+11
    16500 -3.9415786589E+09  2.9085037385E+11
    16600 -3.9617515286E+09  2.9065231596E+11
    16700 -3.9446171560E+09  2.9049197513E+11
    16800 -3.9626157861E+09  2.9042097485E+11
    16900 -3.9480493163E+09  2.9092213795E+11
    17000 -3.9605763823E+09  2.9102999283E+11
    17100 -3.9660192901E+09  2.9120384427E+11
    17200 -3.9600117791E+09  2.9113110485E+11
    17300 -3.9670749074E+09  2.9157096120E+11
    17400 -3.9697310733E+09  2.9128044868E+11
    17500 -3.9502841642E+09  2.9148118102E+11
    17600 -3.9619859134E+09  2.9160237472E+11
    17700 -3.9450434769E+09  2.9188643936E+11
    17800 -3.9703658993E+09  2.9183274572E+11
    17900 -4.1548214211E+09  3.8568707641E+11
    18000 -4.4974752881E+09  3.8625341302E+11
    18100 -4.7244104158E+09  3.8673974440E+11
    18200 -4.8799194957E+09  3.8659856604E+11
    18300 -5.0026350702E+09  3.8680342624E+11
    18400 -5.0634815544E+09  3.8622100446E+11
    18500 -5.1048183085E+09  3.8586695183E+11
    18600 -5.1630044479E+09  3.8637972001E+11
    18700 -5.1753211415E+09  3.8652912690E+11
    18800 -5.1962316156E+09  3.8623344334E+11
    18900 -5.2102434061E+09  3.8601373713E+11
    19000 -5.2325569402E+09  3.8593427433E+11
    19100 -5.2150380556E+09  3.8614576633E+11
    19200 -5.2446482231E+09  3.8615359213E+11
    19300 -5.2299708323E+09  3.8618232957E+11
    19400 -5.2660695639E+09  3.8591476577E+11
    19500 -5.2470288924E+09  3.8559053012E+11
    19600 -5.2561683039E+09  3.8566515638E+11
    19700 -5.2619419575E+09  3.8564962069E+11
    19800 -5.2462458749E+09  3.8572818035E+11
    19900 -5.2586507733E+09  3.8611916869E+11
    20000 -5.2557125320E+09  3.8604386875E+11
    20100 -5.2427488474E+09  3.8619243419E+11
    20200 -5.2542014819E+09  3.8647645418E+11
    20300 -5.2689085240E+09  3.8635923146E+11
    20400 -5.2767751466E+09  3.8638292163E+11
    20500 -5.2695258632E+09  3.8647869445E+11
    20600 -5.2579951882E+09  3.8621896779E+11
    20700 -5.2638451553E+09  3.8623486440E+11
    20800 -5.2587831260E+09  3.8549530762E+11
    20900 -5.3500399639E+09  4.3495564617E+11
    21000 -5.5430841791E+09  4.3612497851E+11
    21100 -5.6433784126E+09  4.3632831995E+11
    21200 -5.7610386456E+09  4.3572062866E+11
    21300 -5.7846581826E+09  4.3548965807E+11
    21400 -5.8155895724E+09  4.3542972791E+11
    21500 -5.8423391547E+09  4.3551949385E+11
    21600 -5.8999719411E+09  4.3587642521E+11
    21700 -5.9191946251E+09  4.3632995516E+11
    21800 -5.9220777210E+09  4.3583063872E+11
    21900 -5.9160383236E+09  4.3560946179E+11
    22000 -5.9196628696E+09  4.3566944368E+11
    22100 -5.9348217613E+09  4.3500204298E+11
    22200 -5.9358838335E+09  4.3501980950E+11
    22300 -5.9073697237E+09  4.3511864278E+11
    22400 -5.9323809700E+09  4.3484001638E+11
    22500 -5.9268420535E+09  4.3519839452E+11
    22600 -5.9181523253E+09  4.3529958845E+11
    22700 -5.9057912437E+09  4.3521494512E+11
    22800 -5.9186516998E+09  4.3546817242E+11
    22900 -5.9061208919E+09  4.3561148616E+11
    23000 -5.9253043862E+09  4.3555306966E+11
    23100 -5.9270048914E+09  4.3564036900E+11
    23200 -5.9425335212E+09  4.3540754888E+11
    23300 -5.8925053240E+09  4.3534132713E+11
    23400 -5.9171154283E+09  4.3494048668E+11
    23500 -5.9296063338E+09  4.3499620292E+11
    23600 -5.9214774950E+09  4.3444288046E+11
    23700 -5.9029920162E+09  4.3491692536E+11
    23800 -5.9057268694E+09  4.3488884307E+11
    23900 -5.9884752441E+09  4.6141342855E+11
    24000 -6.0971724499E+09  4.6181755190E+11
    24100 -6.1529690984E+09  4.6217172774E+11
    24200 -6.1973139925E+09  4.6239324615E+11
    24300 -6.2113982229E+09  4.6218871822E+11
    24400 -6.2340756163E+09  4.6174695260E+11
    24500 -6.2562092589E+09  4.6213289934E+11
    24600 -6.2498871880E+09  4.6184140780E+11
    24700 -6.2608698063E+09  4.6084548694E+11
    24800 -6.2714030735E+09  4.6119380496E+11
    24900 -6.2534137517E+09  4.6124238828E+11
    25000 -6.2531178863E+09  4.6083315273E+11
    25100 -6.2772581763E+09  4.6107251351E+11
    25200 -6.2612212500E+09  4.6085097778E+11
    25300 -6.2638262648E+09  4.6070648966E+11
    25400 -6.2860465292E+09  4.5990091780E+11
    25500 -6.2839357129E+09  4.6029978960E+11
    25600 -6.2759955493E+09  4.6023984171E+11
    25700 -6.2862189361E+09  4.5993730074E+11
    25800 -6.2769018934E+09  4.5970486540E+11
    25900 -6.2685334728E+09  4.5965784399E+11
    26000 -6.3082856654E+09  4.5989765238E+11
    26100 -6.2723928034E+09  4.5974177367E+11
    26200 -6.2638040172E+09  4.5992153140E+11
    26300 -6.2438558496E+09  4.6008784679E+11
    26400 -6.2739826825E+09  4.5985770396E+11
    26500 -6.2710439881E+09  4.5972584395E+11
    26600 -6.2696417857E+09  4.6001999146E+11
    26700 -6.2767989225E+09  4.6070672836E+11
    26800 -6.2808016230E+09  4.6073280053E+11
    26900 -6.2989787970E+09  4.7378275403E+11
    27000 -6.3592086547E+09  4.7354443689E+11
    27100 -6.3618768646E+09  4.7315657252E+11
    27200 -6.3709031296E+09  4.7303498135E+11
    27300 -6.3862987454E+09  4.7271818675E+11
    27400 -6.3850113718E+09  4.7284676011E+11
    27500 -6.3743544146E+09  4.7332593100E+11
    27600 -6.3977096844E+09  4.7357392325E+11
    27700 -6.4386651086E+09  4.7392324748E+11
    27800 -6.4398218214E+09  4.7362622109E+11
    27900 -6.4549026789E+09  4.7377254711E+11
    28000 -6.4474462065E+09  4.7381360236E+11
    28100 -6.4631034635E+09  4.7408722006E+11
    28200 -6.4429473021E+09  4.7436286871E+11
    28300 -6.4636666035E+09  4.7464898477E+11
    28400 -6.4205406529E+09  4.7461375695E+11
    28500 -6.4476003607E+09  4.7409343923E+11
    28600 -6.4530156387E+09  4.7388311545E+11
    28700 -6.4538193724E+09  4.7396618085E+11
    28800 -6.4310965954E+09  4.7421565657E+11
    28900 -6.4275420934E+09  4.7443169915E+11
    29000 -6.4381512728E+09  4.7420747597E+11
    29100 -6.4289089540E+09  4.7445139441E+11
    29200 -6.4386977327E+09  4.7476728801E+11
    29300 -6.4591710691E+09  4.7430730355E+11
    29400 -6.4535063083E+09  4.7384320054E+11
    29500 -6.4379970822E+09  4.7409398362E+11
    29600 -6.4585564294E+09  4.7486835439E+11
    29700 -6.4605182500E+09  4.7517145477E+11
    29800 -6.4911932489E+09  4.7511470431E+11
    29900 -5.4701685897E+09  4.7506952190E+11
    30000 -6.4555529244E+09  4.7491637613E+11
    30100 -6.4534474113E+09  4.7517152991E+11
    30200 -6.4452534714E+09  4.7536069303E+11
    30300 -6.4555157405E+09  4.7507584479E+11
    30400 -6.4442118782E+09  4.7476534579E+11
    30500 -6.4463624680E+09  4.7401858215E+11
    30600 -6.4363258242E+09  4.7370224082E+11
    30700 -6.4395617369E+09  4.7433773504E+11
    30800 -6.4338556813E+09  4.7478857526E+11
    30900 -6.4396366590E+09  4.7486630542E+11
    31000 -6.4540054735E+09  4.7510599039E+11
    31100 -6.4589186441E+09  4.7528497572E+11
    31200 -6.4534770589E+09  4.7436570293E+11
    31300 -6.4611508736E+09  4.7467759409E+11
    31400 -6.4500850510E+09  4.7536058435E+11
    31500 -6.4739650370E+09  4.7557273778E+11
    31600 -6.4564666927E+09  4.7519083107E+11
    31700 -6.4649814229E+09  4.7495351860E+11
    31800 -6.4667858726E+09  4.7476202062E+11
    31900 -6.4513246884E+09  4.7450279263E+11
    32000 -6.4442790695E+09  4.7457421911E+11
    32100 -6.4501673385E+09  4.7456887546E+11
    32200 -6.4563733410E+09  4.7442868714E+11
    32300 -6.4445435717E+09  4.7405021134E+11
    32400 -6.4286948337E+09  4.7397524503E+11
    32500 -6.4338890129E+09  4.7438774532E+11
    32600 -6.4399712421E+09  4.7473647151E+11
    32700 -6.4539699750E+09  4.7501997516E+11
    32800 -6.4461660589E+09  4.7467715165E+11
    32900 -6.4478924855E+09  4.7457938273E+11
    33000 -6.4472382927E+09  4.7498354282E+11
    33100 -6.4469367335E+09  4.7522725164E+11
    33200 -6.4650240270E+09  4.7527525713E+11
    33300 -6.4451620984E+09  4.7538041252E+11
    33400 -6.4682298356E+09  4.7555389649E+11
    33500 -6.4768197759E+09  4.7523206346E+11
    33600 -6.4627193926E+09  4.7501731969E+11
    33700 -6.4715109655E+09  4.7510311894E+11
    33800 -6.4514151615E+09  4.7486584477E+11
    33900 -6.4667241417E+09  4.7472827769E+11
    34000 -6.4694493819E+09  4.7569815225E+11
    34100 -6.4638543870E+09  4.7517450701E+11
    34200 -6.4553289254E+09  4.7452354159E+11
    34300 -6.4431117692E+09  4.7432188590E+11
    34400 -6.4304874533E+09  4.7433957323E+11
    34500 -6.4545855088E+09  4.7462423044E+11
    34600 -6.4356696548E+09  4.7434726219E+11
    34700 -6.4597510172E+09  4.7440785362E+11
    34800 -6.4468953010E+09  4.7445475918E+11
    34900 -6.4424403367E+09  4.7410282821E+11
    35000 -6.4353784667E+09  4.7458068627E+11
    35100 -6.4525154774E+09  4.7513648888E+11
    35200 -6.4655042816E+09  4.7527094054E+11
    35300 -6.4566809870E+09  4.7491967768E+11
    35400 -6.4539208350E+09  4.7429021896E+11
    35500 -6.4446121018E+09  4.7426122416E+11
    35600 -6.4523748532E+09  4.7471992397E+11
    35700 -6.4581957714E+09  4.7441334308E+11
    35800 -6.4568119234E+09  4.7517499644E+11
    35900 -6.4679239957E+09  4.7504320406E+11
    36000 -6.4527162035E+09  4.7436382393E+11
    36100 -6.4442596639E+09  4.7374703335E+11
    36200 -6.4475530638E+09  4.7408803180E+11
    36300 -6.4416324078E+09  4.7407548445E+11
    36400 -6.4467740303E+09  4.7439185654E+11
    36500 -6.4513668257E+09  4.7436414127E+11
    36600 -6.4486532246E+09  4.7428767689E+11
    36700 -6.4581187725E+09  4.7465355982E+11
    36800 -6.4385356955E+09  4.7425709551E+11
    36900 -6.4364140008E+09  4.7363591644E+11
    37000 -6.4262789375E+09  4.7370216816E+11
    37100 -6.4426786827E+09  4.7467391966E+11
    37200 -6.4514279559E+09  4.7569672611E+11
    37300 -6.4490101372E+09  4.7601844572E+11
    37400 -6.4647755143E+09  4.7551562814E+11
    37500 -6.4518820547E+09  4.7554887505E+11
    37600 -6.4561558382E+09  4.7490661532E+11
    37700 -6.4521888210E+09  4.7444649664E+11
    37800 -6.4409105380E+09  4.7464800801E+11
    37900 -6.4495809086E+09  4.7449909346E+11
    38000 -6.4594775977E+09  4.7469070454E+11
    38100 -6.4308205225E+09  4.7432536405E+11
    38200 -6.4360876571E+09  4.7433896633E+11
    38300 -6.4519080693E+09  4.7514967018E+11
    38400 -6.4534269535E+09  4.7517191436E+11
    38500 -6.4607687926E+09  4.7545595083E+11
    38600 -6.4537337231E+09  4.7600187270E+11
    38700 -6.4688962198E+09  4.7614439845E+11
    38800 -6.4811470978E+09  4.7611522019E+11
    38900 -6.4745783956E+09  4.7539501988E+11
    39000 -6.4739014162E+09  4.7537029145E+11
    39100 -6.4595580438E+09  4.7513665361E+11
    39200 -6.4563714280E+09  4.7486786923E+11
    39300 -6.4435128371E+09  4.7494969121E+11
    39400 -6.4429054230E+09  4.7506063777E+11
    39500 -6.4702642098E+09  4.7485723166E+11
    39600 -6.4679285909E+09  4.7462042658E+11
    39700 -6.4437989894E+09  4.7468102731E+11
    39800 -6.4620729332E+09  4.7504036864E+11
    39900 -6.4427504532E+09  4.7488340451E+11
    40000 -6.4448099154E+09  4.7484787827E+11
    40100 -6.4543486343E+09  4.7506983645E+11
    40200 -6.4521255474E+09  4.7526159780E+11
    40300 -6.4560284867E+09  4.7544447116E+11
    40400 -6.4556011639E+09  4.7565667181E+11
    40500 -6.4426557138E+09  4.7552022551E+11
    40600 -6.4559814079E+09  4.7498990144E+11
    40700 -6.4697184632E+09  4.7452020247E+11
    40800 -6.4490303072E+09  4.7456383958E+11
    40900 -6.4479217175E+09  4.7434379631E+11
    41000 -6.4493608058E+09  4.7440270925E+11
    41100 -6.4490846492E+09  4.7454005215E+11
    41200 -6.4529920506E+09  4.7510663118E+11
    41300 -6.4509825609E+09  4.7525307807E+11
    41400 -6.4422681266E+09  4.7475945460E+11
    41500 -6.4506404911E+09  4.7484851985E+11
    41600 -6.4621494465E+09  4.7517644009E+11
    41700 -6.4661972555E+09  4.7485267842E+11
    41800 -6.4557360244E+09  4.7489291863E+11
    41900 -6.4757346944E+09  4.7448296689E+11
    42000 -6.4526475317E+09  4.7451121935E+11
    42100 -6.4528706681E+09  4.7452581028E+11
    42200 -6.4567742083E+09  4.7436473325E+11
    42300 -6.4461209382E+09  4.7357106848E+11
    42400 -6.4476510357E+09  4.7335485090E+11
    42500 -6.4529131338E+09  4.7388734112E+11
    42600 -6.4509948224E+09  4.7438230946E+11
    42700 -6.4325242688E+09  4.7392263897E+11
    42800 -6.4406563839E+09  4.7395135947E+11
    42900 -6.4500087111E+09  4.7395542731E+11
    43000 -6.4456098201E+09  4.7408017556E+11
    43100 -6.4526602701E+09  4.7494727851E+11
    43200 -6.4614892938E+09  4.7476229566E+11
    43300 -6.4558941722E+09  4.7471413576E+11
    43400 -6.4758598875E+09  4.7485624240E+11
    43500 -6.4530057292E+09  4.7495042848E+11
    43600 -6.4460200053E+09  4.7448271077E+11
    43700 -6.4331120651E+09  4.7466313744E+11
    43800 -6.4287394195E+09  4.7486336574E+11
    43900 -6.4379601607E+09  4.7524990403E+11
    44000 -6.4534305108E+09  4.7539992380E+11
    44100 -6.4644001555E+09  4.7531062630E+11
    44200 -6.4551462826E+09  4.7554235010E+11
    44300 -6.4487950827E+09  4.7501396887E+11
    44400 -6.4647998989E+09  4.7495513272E+11
    44500 -6.4647403446E+09  4.7485070176E+11
    44600 -6.4607697800E+09  4.7476741402E+11
    44700 -6.4805007779E+09  4.7512258122E+11
    44800 -6.4520904094E+09  4.7501017042E+11
    44900 -6.4561175400E+09  4.7479834293E+11
    45000 -6.4697859699E+09  4.7502364856E+11
    45100 -6.4628465498E+09  4.7531367720E+11
    45200 -6.4649292420E+09  4.7564708289E+11
    45300 -6.4558315725E+09  4.7554898117E+11
    45400 -6.4554482581E+09  4.7486060307E+11
    45500 -6.4566563175E+09  4.7461775848E+11
    45600 -6.4629473800E+09  4.7420148788E+11
    45700 -6.4679852132E+09  4.7430368608E+11
    45800 -6.4540069781E+09  4.7419398847E+11
    45900 -6.4772025351E+09  4.7452827886E+11
    46000 -6.4736791999E+09  4.7422104393E+11
    46100 -6.4679999455E+09  4.7454890293E+11
    46200 -6.4763234601E+09  4.7520067698E+11
    46300 -6.4750224883E+09  4.7503496777E+11
    46400 -6.4736552287E+09  4.7499083064E+11
    46500 -6.4494359065E+09  4.7531143929E+11
    46600 -6.4630991523E+09  4.7519535115E+11
    46700 -6.4578478617E+09  4.7527169881E+11
    46800 -6.4586411930E+09  4.7508935422E+11
    46900 -6.4813654781E+09  4.7404154156E+11
    47000 -6.4632166947E+09  4.7373854312E+11
    47100 -6.4484648113E+09  4.7361258004E+11
    47200 -6.4603013737E+09  4.7447539785E+11
    47300 -6.4391609719E+09  4.7425135687E+11
    47400 -6.4324418294E+09  4.7441605656E+11
    47500 -6.4596539787E+09  4.7470797402E+11
    47600 -6.4455547222E+09  4.7464655037E+11
    47700 -6.4513181109E+09  4.7458825343E+11
    47800 -6.4572415995E+09  4.7471159023E+11
    47900 -6.4513398183E+09  4.7465691170E+11
    48000 -6.4405732099E+09  4.7436506076E+11
    48100 -6.4440498707E+09  4.7399580040E+11
    48200 -6.4378015986E+09  4.7406799858E+11
    48300 -6.4396819723E+09  4.7437532735E+11
    48400 -6.4426213013E+09  4.7422476477E+11
    48500 -6.4400120137E+09  4.7347339523E+11
    48600 -6.4394724528E+09  4.7356957665E+11
    48700 -6.4490940614E+09  4.7339324902E+11
    48800 -6.4433462748E+09  4.7420501327E+11
    48900 -6.4622921573E+09  4.7449242645E+11
    49000 -6.4571581454E+09  4.7463074402E+11
    49100 -6.4454735799E+09  4.7424643833E+11
    49200 -6.4514597502E+09  4.7402978136E+11
    49300 -6.4378363273E+09  4.7408795584E+11
    49400 -6.4679710839E+09  4.7458284842E+11
    49500 -6.4432930397E+09  4.7490640405E+11
    49600 -6.4525720861E+09  4.7493689503E+11
    49700 -6.4513469219E+09  4.7448112086E+11
    49800 -6.4408824805E+09  4.7437531927E+11
    49900 -6.4553320332E+09  4.7445956096E+11
    50000 -6.4483581555E+09  4.7441782349E+11
    50100 -6.4558568518E+09  4.7401075527E+11
    50200 -6.4575454608E+09  4.7403852462E+11
    50300 -6.4533041474E+09  4.7375851118E+11
    50400 -6.4484413308E+09  4.7422422058E+11
    50500 -6.4645012090E+09  4.7439306264E+11
    50600 -6.4591166592E+09  4.7424076137E+11
    50700 -6.4662129780E+09  4.7500706427E+11
    50800 -6.4351517864E+09  4.7457708321E+11
    50900 -6.4373667927E+09  4.7440982693E+11
    51000 -6.4578223294E+09  4.7513372028E+11
    51100 -6.4583875475E+09  4.7547135178E+11
    51200 -6.4502707320E+09  4.7520533072E+11
    51300 -6.4444598812E+09  4.7534115012E+11
    51400 -6.4505084218E+09  4.7475065174E+11
    51500 -6.4497284492E+09  4.7460675455E+11
    51600 -6.4545801182E+09  4.7379257797E+11
    51700 -6.4369882602E+09  4.7382285272E+11
    51800 -6.4399836390E+09  4.7387253562E+11
    51900 -6.4344440695E+09  4.7389942363E+11
    52000 -6.4296995568E+09  4.7385564428E+11
    52100 -6.4377070489E+09  4.7407826036E+11
    52200 -6.4370872555E+09  4.7359582249E+11
    52300 -6.4316539857E+09  4.7355706305E+11
    52400 -6.4475486664E+09  4.7375235340E+11
    52500 -6.4285655119E+09  4.7360302879E+11
    52600 -6.4534560223E+09  4.7422102696E+11
    52700 -6.4725528948E+09  4.7467435760E+11
    52800 -6.4511825999E+09  4.7519192479E+11
    52900 -6.4579871144E+09  4.7514450841E+11
    53000 -6.4609758940E+09  4.7452422365E+11
    53100 -6.4372424813E+09  4.7464045190E+11
    53200 -6.4661771385E+09  4.7446026821E+11
    53300 -6.4536422173E+09  4.7469062429E+11
    53400 -6.4641311974E+09  4.7520440073E+11
    53500 -6.4762983919E+09  4.7556794081E+11
    53600 -6.4753361284E+09  4.7559008837E+11
    53700 -6.4742834926E+09  4.7578793341E+11
    53800 -6.4721679255E+09  4.7636489050E+11
    53900 -6.4678654198E+09  4.7680169223E+11
    54000 -6.4722590701E+09  4.7690381467E+11
    54100 -6.4776114590E+09  4.7668484463E+11
    54200 -6.4751934107E+09  4.7629317676E+11
    54300 -6.4854345966E+09  4.7605047474E+11
    54400 -6.4572687655E+09  4.7528685002E+11
    54500 -6.4832149792E+09  4.7501151050E+11
    54600 -6.4497484946E+09  4.7471442794E+11
    54700 -6.4642725956E+09  4.7508040070E+11
    54800 -6.4712957924E+09  4.7551482143E+11
    54900 -6.4837779329E+09  4.7529093795E+11
    55000 -6.4748852795E+09  4.7536105531E+11
    55100 -6.4711593045E+09  4.7572241068E+11
    55200 -6.4563282903E+09  4.7530597824E+11
    55300 -6.4688511064E+09  4.7549155082E+11
    55400 -6.4664799150E+09  4.7598486485E+11
    55500 -6.4760928113E+09  4.7570525809E+11
    55600 -6.4787687036E+09  4.7550321016E+11
    55700 -6.4740959435E+09  4.7514621128E+11
    55800 -6.4814861795E+09  4.7506877735E+11
    55900 -6.4566722289E+09  4.7502632903E+11
    56000 -6.4564786106E+09  4.7465071092E+11
    56100 -6.4650951581E+09  4.7523679890E+11
    56200 -6.4616300649E+09  4.7531104550E+11
    56300 -6.4741568213E+09  4.7541225867E+11
    56400 -6.4835265734E+09  4.7523001067E+11
    56500 -6.4687803150E+09  4.7477745555E+11
    56600 -6.4570213922E+09  4.7472065803E+11
    56700 -6.4740344444E+09  4.7407950100E+11
    56800 -6.4532855556E+09  4.7348870571E+11
    56900 -6.4375097225E+09  4.7396731493E+11
    57000 -6.4548438066E+09  4.7474097232E+11
    57100 -6.4443230396E+09  4.7408909636E+11
    57200 -6.4443134664E+09  4.7384871319E+11
    57300 -6.4420031599E+09  4.7392141532E+11
    57400 -6.4332473825E+09  4.7344214521E+11
    57500 -6.4375091168E+09  4.7351234839E+11
    57600 -6.4433561903E+09  4.7390549086E+11
    57700 -6.4332410211E+09  4.7439090259E+11
    57800 -6.4389126347E+09  4.7407879157E+11
    57900 -6.4524960731E+09  4.7388329949E+11
    58000 -6.4492466129E+09  4.7423173219E+11
    58100 -6.4409707765E+09  4.7479926338E+11
    58200 -6.4493843152E+09  4.7481885097E+11
    58300 -6.4371907857E+09  4.7489419769E+11
    58400 -6.4492089903E+09  4.7504267014E+11
    58500 -6.4466321240E+09  4.7543212755E+11
    58600 -6.4572135255E+09  4.7587822288E+11
    58700 -6.4711347248E+09  4.7582115096E+11
    58800 -6.4727752084E+09  4.7626605026E+11
    58900 -6.4550257716E+09  4.7619728132E+11
    59000 -6.4634412450E+09  4.7529482028E+11
    59100 -6.4603145747E+09  4.7495794691E+11
    59200 -6.4614874736E+09  4.7511265216E+11
    59300 -6.4549108680E+09  4.7503179951E+11
    59400 -6.4582977346E+09  4.7553706124E+11
    59500 -6.4538467674E+09  4.7542855324E+11
    59600 -6.4611413592E+09  4.7461684593E+11
    59700 -6.4563288302E+09  4.7470513188E+11
    59800 -6.4657461381E+09  4.7480841263E+11
    59900 -6.4710876327E+09  4.7435395269E+11
    60000 -6.4697513152E+09  4.7455590821E+11
    60100 -6.4457388535E+09  4.7447763220E+11
    60200 -6.4628947532E+09  4.7525917389E+11
    60300 -6.4594784792E+09  4.7560945232E+11
    60400 -6.4656949403E+09  4.7552957014E+11
    60500 -6.4496491487E+09  4.7545108305E+11
    60600 -6.4748841127E+09  4.7540869680E+11
    60700 -6.4641353853E+09  4.7491699815E+11
    60800 -6.4780422532E+09  4.7495938562E+11
    60900 -6.4561136629E+09  4.7472737039E+11
    61000 -6.4506900578E+09  4.7440932041E+11
    61100 -6.4633745079E+09  4.7461906919E+11
    61200 -6.4515327833E+09  4.7430810910E+11
    61300 -6.4531002900E+09  4.7474024588E+11
    61400 -6.4689579176E+09  4.7451515173E+11
    61500 -6.4463585631E+09  4.7464791104E+11
    61600 -6.4571587210E+09  4.7432421908E+11
    61700 -6.4539245299E+09  4.7474634900E+11
    61800 -6.4511675888E+09  4.7481597239E+11
    61900 -6.4434411822E+09  4.7527766644E+11
    62000 -6.4376481342E+09  4.7468751561E+11
    62100 -6.4466531254E+09  4.7499878705E+11
    62200 -6.4647243710E+09  4.7486423348E+11
    62300 -6.4724668099E+09  4.7478965444E+11
    62400 -6.4544589596E+09  4.7433424516E+11
    62500 -6.4585775096E+09  4.7433273290E+11
    62600 -6.4629481535E+09  4.7411608534E+11
    62700 -6.4552018308E+09  4.7422272095E+11
    62800 -6.4480494609E+09  4.7478354830E+11
    62900 -6.4560591251E+09  4.7528275470E+11
    63000 -6.4640008058E+09  4.7569163526E+11
    63100 -6.4766523529E+09  4.7605481293E+11
    63200 -6.4609438159E+09  4.7603272233E+11
    63300 -6.4673318837E+09  4.7542706065E+11
    63400 -6.4693178657E+09  4.7579812593E+11
    63500 -6.4820826687E+09  4.7567868291E+11
    63600 -6.4838026676E+09  4.7561728093E+11
    63700 -6.4525390839E+09  4.7529175406E+11
    63800 -6.4729075961E+09  4.7509856055E+11
    63900 -6.4760407784E+09  4.7545605203E+11
    64000 -6.4693509614E+09  4.7525730710E+11
    64100 -6.4709530046E+09  4.7483434078E+11
    64200 -6.4579517395E+09  4.7554188530E+11
    64300 -6.4573291239E+09  4.7590099353E+11
    64400 -6.4701064163E+09  4.7547859178E+11
    64500 -6.4543620372E+09  4.7495827992E+11
    64600 -6.4582131618E+09  4.7578427605E+11
    64700 -6.4574161560E+09  4.7620850337E+11
    64800 -6.4686282932E+09  4.7590749174E+11
    64900 -6.4823719204E+09  4.7607637739E+11
    65000 -6.4871375431E+09  4.7576523553E+11
    65100 -6.4687270415E+09  4.7583931187E+11
    65200 -6.4725392085E+09  4.7595992162E+11
    65300 -6.4514212791E+09  4.7554774461E+11
    65400 -6.4578350610E+09  4.7558628220E+11
    65500 -6.4642685997E+09  4.7534383121E+11
    65600 -6.4626716573E+09  4.7518506326E+11
    65700 -6.4469629349E+09  4.7454943978E+11
    65800 -6.4497889711E+09  4.7483764731E+11
    65900 -6.4662723727E+09  4.7565604882E+11
    66000 -6.4750916784E+09  4.7599413511E+11
    66100 -6.4846969932E+09  4.7589454620E+11
    66200 -6.4664240915E+09  4.7603656685E+11
    66300 -6.4724323313E+09  4.7643308647E+11
    66400 -6.4769702562E+09  4.7651584852E+11
    66500 -6.4611417101E+09  4.7554104942E+11
    66600 -6.4565193794E+09  4.7536563852E+11
    66700 -6.4711788585E+09  4.7527838064E+11
    66800 -6.4644083394E+09  4.7515655204E+11
    66900 -6.4697180972E+09  4.7589925912E+11
    67000 -6.4748423033E+09  4.7620572738E+11
    67100 -6.4808027502E+09  4.7646670016E+11
    67200 -6.4770941355E+09  4.7638282011E+11
    67300 -6.4612266458E+09  4.7578698885E+11
    67400 -6.4752235368E+09  4.7546645486E+11
    67500 -6.4586515302E+09  4.7555268287E+11
    67600 -6.4635472375E+09  4.7566989753E+11
    67700 -6.4795427536E+09  4.7495225800E+11
    67800 -6.4576420442E+09  4.7465189735E+11
    67900 -6.4588825060E+09  4.7451804184E+11
    68000 -6.4696117292E+09  4.7414359834E+11
    68100 -6.4517177983E+09  4.7386709349E+11
    68200 -6.4390110916E+09  4.7396939320E+11
    68300 -6.4686687010E+09  4.7414477239E+11
    68400 -6.4591195060E+09  4.7439206060E+11
    68500 -6.4498266386E+09  4.7476056965E+11
    68600 -6.4480754850E+09  4.7507018900E+11
    68700 -6.4413736307E+09  4.7429305450E+11
    68800 -6.4493713501E+09  4.7440387425E+11
    68900 -6.4484247253E+09  4.7495508792E+11
    69000 -6.4577045655E+09  4.7451076178E+11
    69100 -6.4541674653E+09  4.7445993823E+11
    69200 -6.4447076505E+09  4.7431995985E+11
    69300 -6.4517353370E+09  4.7466606064E+11
    69400 -6.4501438120E+09  4.7534825692E+11
    69500 -6.4515006674E+09  4.7522952051E+11
    69600 -6.4675620588E+09  4.7477868130E+11
    69700 -6.4610241750E+09  4.7502983933E+11
    69800 -6.4643172895E+09  4.7561467544E+11
    69900 -6.4692394577E+09  4.7538587557E+11
    70000 -6.4636433802E+09  4.7545432167E+11
    70100 -6.4555026996E+09  4.7533050743E+11
    70200 -6.4713979225E+09  4.7599506408E+11
    70300 -6.4649122804E+09  4.7550034563E+11
    70400 -6.4692226777E+09  4.7513342320E+11
    70500 -6.4591195181E+09  4.7451204443E+11
    70600 -6.4558873411E+09  4.7427495461E+11
    70700 -6.4355065077E+09  4.7489081101E+11
    70800 -6.4524498801E+09  4.7501003321E+11
    70900 -6.4698552750E+09  4.7517258266E+11
    71000 -6.4474509370E+09  4.7469133189E+11
    71100 -6.4566946163E+09  4.7440558441E+11
    71200 -6.4594202164E+09  4.7427049631E+11
    71300 -6.4578348738E+09  4.7455144228E+11
    71400 -6.4481461731E+09  4.7510530920E+11
    71500 -6.4598790292E+09  4.7477674239E+11
    71600 -6.4393191058E+09  4.7356577635E+11
    71700 -6.4259329746E+09  4.7390550922E+11
    71800 -6.4447552540E+09  4.7375890135E+11
    71900 -6.4518669866E+09  4.7398066179E+11
    72000 -6.4440994859E+09  4.7401107606E+11
    72100 -6.4369663080E+09  4.7387968356E+11
    72200 -6.4362158536E+09  4.7391831546E+11
    72300 -6.4421470363E+09  4.7378888188E+11
    72400 -6.4377539458E+09  4.7412410703E+11
    72500 -6.4482674007E+09  4.7409661640E+11
    72600 -6.4400358676E+09  4.7348272693E+11
    72700 -6.4507755573E+09  4.7384036957E+11
    72800 -6.4241004250E+09  4.7376333394E+11
    72900 -6.4371344096E+09  4.7379895821E+11
    73000 -6.4547424844E+09  4.7425176721E+11
    73100 -6.4514464217E+09  4.7424549722E+11
    73200 -6.4579859360E+09  4.7471631441E+11
    73300 -6.4513826791E+09  4.7477566641E+11
    73400 -6.4546337143E+09  4.7503717124E+11
    73500 -6.4613427581E+09  4.7466185432E+11
    73600 -6.4484154783E+09  4.7412763526E+11
    73700 -6.4431462475E+09  4.7461111368E+11
    73800 -6.4306379530E+09  4.7478603741E+11
    73900 -6.4401119421E+09  4.7437671155E+11
    74000 -6.4467507631E+09  4.7464106406E+11
    74100 -6.4364727860E+09  4.7483975982E+11
    74200 -6.4512655836E+09  4.7471029379E+11
    74300 -6.4542366523E+09  4.7443418121E+11
    74400 -6.4644469371E+09  4.7496356610E+11
    74500 -6.4582835022E+09  4.7511191227E+11
    74600 -6.4558504857E+09  4.7540302294E+11
    74700 -6.4490876838E+09  4.7537948679E+11
    74800 -6.4458037836E+09  4.7537497526E+11
    74900 -6.4592984763E+09  4.7537068277E+11
    75000 -6.4751068594E+09  4.7580997893E+11
    75100 -6.4701720923E+09  4.7580854474E+11
    75200 -6.4768075128E+09  4.7517988676E+11
    75300 -6.4753904390E+09  4.7484894786E+11
    75400 -6.4657745101E+09  4.7423403657E+11
    75500 -6.4471860041E+09  4.7452205600E+11
    75600 -6.4593089900E+09  4.7435130751E+11
    75700 -6.4455381786E+09  4.7442332094E+11
    75800 -6.4493219428E+09  4.7436209631E+11
    75900 -6.4587252616E+09  4.7441585595E+11
    76000 -6.4442252697E+09  4.7453089971E+11
    76100 -6.4352989958E+09  4.7510431004E+11
    76200 -6.4465195765E+09  4.7528654770E+11
    76300 -6.4571267206E+09  4.7458007318E+11
    76400 -6.4429817755E+09  4.7401634797E+11
    76500 -6.4523276273E+09  4.7435297594E+11
    76600 -6.4447785051E+09  4.7459103312E+11
    76700 -6.4615601785E+09  4.7459881587E+11
    76800 -6.4638772661E+09  4.7368714133E+11
    76900 -6.4569739653E+09  4.7458328872E+11
    77000 -6.4488761892E+09  4.7458150139E+11
    77100 -6.4371049089E+09  4.7454214457E+11
    77200 -6.4535856086E+09  4.7461238534E+11
    77300 -6.4550290110E+09  4.7492143986E+11
    77400 -6.4552952532E+09  4.7541389988E+11
    77500 -6.4725088397E+09  4.7548944489E+11
    77600 -6.4649840795E+09  4.7507878355E+11
    77700 -6.4650986249E+09  4.7492150210E+11
    77800 -6.4354570110E+09  4.7484304099E+11
    77900 -6.4653000315E+09  4.7486348754E+11
    78000 -6.4545447555E+09  4.7509602653E+11
    78100 -6.4417791544E+09  4.7556958526E+11
    78200 -6.4521029400E+09  4.7520903121E+11
    78300 -6.4451177572E+09  4.7437941752E+11
    78400 -6.4325536007E+09  4.7395237142E+11
    78500 -6.4552485011E+09  4.7442325509E+11
    78600 -6.4423377553E+09  4.7437261117E+11
    78700 -6.4539504959E+09  4.7502028697E+11
    78800 -6.4480242495E+09  4.7508175980E+11
    78900 -6.4637031763E+09  4.7506347236E+11
    79000 -6.4592285561E+09  4.7449242452E+11
    79100 -6.4589847117E+09  4.7424527145E+11
    79200 -6.4409418041E+09  4.7441670884E+11
    79300 -6.4360586305E+09  4.7372189829E+11
    79400 -6.4399069281E+09  4.7374230058E+11
    79500 -6.4400254859E+09  4.7430120393E+11
    79600 -6.4610739665E+09  4.7503471561E+11
    79700 -6.4649472653E+09  4.7556799718E+11
    79800 -6.4584033335E+09  4.7485401593E+11
    79900 -6.4265533687E+09  4.7445992069E+11
    80000 -6.4258898327E+09  4.7364056440E+11
    80100 -6.4364573754E+09  4.7372796641E+11
    80200 -6.4330127544E+09  4.7358584507E+11
    80300 -6.4287012703E+09  4.7315129079E+11
    80400 -6.4347943277E+09  4.7366938155E+11
    80500 -6.4383029299E+09  4.7383016225E+11
    80600 -6.4446255613E+09  4.7425148483E+11
    80700 -6.4414873861E+09  4.7433317251E+11
    80800 -6.4496298433E+09  4.7407040501E+11
    80900 -6.4488334591E+09  4.7436612275E+11
    81000 -6.4528226389E+09  4.7486051541E+11
    81100 -6.4529923814E+09  4.7482926816E+11
    81200 -6.4536517039E+09  4.7477222167E+11
    81300 -6.4523119142E+09  4.7438855093E+11
    81400 -6.4479349364E+09  4.7407444278E+11
    81500 -6.4447193958E+09  4.7465576360E+11
    81600 -6.4379785819E+09  4.7506248583E+11
    81700 -6.4463300562E+09  4.7484435443E+11
    81800 -6.4412944282E+09  4.7403414505E+11
    81900 -6.4620022256E+09  4.7403100207E+11
    82000 -6.4345992383E+09  4.7357298214E+11
    82100 -6.4422088892E+09  4.7363953769E+11
    82200 -6.4401810969E+09  4.7432034128E+11
    82300 -6.4441785294E+09  4.7428008826E+11
    82400 -6.4349563328E+09  4.7386760703E+11
    82500 -6.4349995726E+09  4.7438800005E+11
    82600 -6.4306753241E+09  4.7472355382E+11
    82700 -6.4496165237E+09  4.7441460987E+11
    82800 -6.4519501715E+09  4.7390882448E+11
    82900 -6.4506418857E+09  4.7387075696E+11
    83000 -6.4540063858E+09  4.7428052562E+11
    83100 -6.4426975787E+09  4.7384918421E+11
    83200 -6.4259839360E+09  4.7360685256E+11
    83300 -6.4281322946E+09  4.7337327403E+11
    83400 -6.4359300692E+09  4.7378139483E+11
    83500 -6.4298738118E+09  4.7352698222E+11
    83600 -6.4588725248E+09  4.7352655776E+11
    83700 -6.4277530241E+09  4.7301621474E+11
    83800 -6.4257833934E+09  4.7306121109E+11
    83900 -6.4261029039E+09  4.7351534922E+11
    84000 -6.4270084879E+09  4.7342800322E+11
    84100 -6.4396871021E+09  4.7311398863E+11
    84200 -6.4172866838E+09  4.7280177887E+11
    84300 -6.4316910540E+09  4.7319515334E+11
    84400 -6.4214375629E+09  4.7432497102E+11
    84500 -6.4461641074E+09  4.7443568292E+11
    84600 -6.4494560511E+09  4.7435800983E+11
    84700 -6.4608824246E+09  4.7441417153E+11
    84800 -6.4506038051E+09  4.7483137365E+11
    84900 -6.4452814576E+09  4.7521690380E+11
    85000 -6.4372861834E+09  4.7415094901E+11
    85100 -6.4553717733E+09  4.7412165547E+11
    85200 -6.4493214379E+09  4.7397497243E+11
    85300 -6.4313662347E+09  4.7321030489E+11
    85400 -6.4307128914E+09  4.7343231823E+11
    85500 -6.4538439925E+09  4.7435674469E+11
    85600 -6.4417107730E+09  4.7469558869E+11
    85700 -6.4574083590E+09  4.7448196331E+11
    85800 -6.4484951295E+09  4.7462327608E+11
    85900 -6.4516231508E+09  4.7482179500E+11
    86000 -6.4676814963E+09  4.7447438848E+11
    86100 -6.4416234971E+09  4.7415796535E+11
    86200 -6.4638035201E+09  4.7416069284E+11
    86300 -6.4433364663E+09  4.7407957386E+11
    86400 -6.4448878366E+09  4.7401720783E+11
    86500 -6.4302796655E+09  4.7427137710E+11
    86600 -6.4411145327E+09  4.7405222705E+11
    86700 -6.4536459751E+09  4.7416364024E+11
    86800 -6.4485641197E+09  4.7413612477E+11
    86900 -6.4352652885E+09  4.7425333284E+11
    87000 -6.4435798104E+09  4.7426623210E+11
    87100 -6.4473020100E+09  4.7462908254E+11
    87200 -6.4507588223E+09  4.7378506389E+11
    87300 -6.4345491984E+09  4.7363801956E+11
    87400 -6.4434708901E+09  4.7338876453E+11
    87500 -6.4290556910E+09  4.7305771188E+11
    87600 -6.4436869974E+09  4.7319956412E+11
    87700 -6.4484450256E+09  4.7312559391E+11
    87800 -6.4307903880E+09  4.7330340792E+11
    87900 -6.4357419285E+09  4.7366340321E+11
    88000 -6.4339943262E+09  4.7373811342E+11
    88100 -6.4422829735E+09  4.7373500526E+11
    88200 -6.4313665125E+09  4.7421132919E+11
    88300 -6.4348555780E+09  4.7435538822E+11
    88400 -6.4340324386E+09  4.7484048832E+11
    88500 -6.4276547060E+09  4.7531516076E+11
    88600 -6.4318119844E+09  4.7536438374E+11
    88700 -6.4332787480E+09  4.7501306481E+11
    88800 -6.4507649857E+09  4.7528658968E+11
    88900 -6.4530813741E+09  4.7542777761E+11
    89000 -6.4604157455E+09  4.7492983278E+11
    89100 -6.4594001588E+09  4.7507821417E+11
    89200 -6.4484844727E+09  4.7460095994E+11
    89300 -6.4579440427E+09  4.7382993045E+11
    89400 -6.4494996467E+09  4.7472506757E+11
    89500 -6.4734736183E+09  4.7573124740E+11
    89600 -6.4835258699E+09  4.7616469622E+11
    89700 -6.4768870585E+09  4.7575616925E+11
    89800 -6.4769153337E+09  4.7498431716E+11
    89900 -6.4443767160E+09  4.7491055578E+11
    90000 -6.4608506276E+09  4.7487371511E+11
    90100 -6.4612828786E+09  4.7442063812E+11
    90200 -6.4620199361E+09  4.7432816778E+11
    90300 -6.4558147056E+09  4.7412717101E+11
    90400 -6.4306993047E+09  4.7453699984E+11
    90500 -6.4478207159E+09  4.7488226852E+11
    90600 -6.4635675318E+09  4.7540740988E+11
    90700 -6.4496048838E+09  4.7533663777E+11
    90800 -6.4559885486E+09  4.7501922530E+11
    90900 -6.4833648876E+09  4.7520574259E+11
    91000 -6.4766730223E+09  4.7489224990E+11
    91100 -6.4523517625E+09  4.7485320776E+11
    91200 -6.4696849213E+09  4.7544683216E+11
    91300 -6.4733672718E+09  4.7542406660E+11
    91400 -6.4596981505E+09  4.7509121066E+11
    91500 -6.4612201150E+09  4.7497491933E+11
    91600 -6.4576970352E+09  4.7487072179E+11
    91700 -6.4462106585E+09  4.7448359125E+11
    91800 -6.4409488285E+09  4.7483895733E+11
    91900 -6.4543538236E+09  4.7483691831E+11
    92000 -6.4466536114E+09  4.7377012515E+11
    92100 -6.4449782904E+09  4.7344622803E+11
    92200 -6.4472354581E+09  4.7350388271E+11
    92300 -6.4550298305E+09  4.7423596763E+11
    92400 -6.4537876695E+09  4.7414592818E+11
    92500 -6.4526211162E+09  4.7445150055E+11
    92600 -6.4516282432E+09  4.7443070513E+11
    92700 -6.4456458070E+09  4.7449084013E+11
    92800 -6.4431758241E+09  4.7412286984E+11
    92900 -6.4293983849E+09  4.7428034120E+11
    93000 -6.4491224942E+09  4.7467713546E+11
    93100 -6.4473103891E+09  4.7427959987E+11
    93200 -6.4435006548E+09  4.7420220773E+11
    93300 -6.4404917727E+09  4.7425009107E+11
    93400 -6.4482789515E+09  4.7429179458E+11
    93500 -6.4412565599E+09  4.7485578746E+11
    93600 -6.4474416057E+09  4.7511986756E+11
    93700 -6.4555182608E+09  4.7470878901E+11
    93800 -6.4379745300E+09  4.7401949152E+11
    93900 -6.4357104183E+09  4.7386755208E+11
    94000 -6.4333405049E+09  4.7445361580E+11
    94100 -6.4377064705E+09  4.7485848611E+11
    94200 -6.4387520375E+09  4.7493264896E+11
    94300 -6.4438289489E+09  4.7507434362E+11
    94400 -6.4354193881E+09  4.7516027767E+11
    94500 -6.4481906616E+09  4.7453573254E+11
    94600 -6.4420201214E+09  4.7405771441E+11
    94700 -6.4600145971E+09  4.7413578090E+11
    94800 -6.4603480795E+09  4.7449662223E+11
    94900 -6.4665745061E+09  4.7468565120E+11
    95000 -6.4477321828E+09  4.7441788396E+11
    95100 -6.4684386188E+09  4.7467994008E+11
    95200 -6.4572943743E+09  4.7457070832E+11
    95300 -6.4581601430E+09  4.7477908721E+11
    95400 -6.4691848675E+09  4.7426653048E+11
    95500 -6.4469610799E+09  4.7447204493E+11
    95600 -6.4541626626E+09  4.7452795857E+11
    95700 -6.4494669057E+09  4.7432779341E+11
    95800 -6.4252471222E+09  4.7371249391E+11
    95900 -6.4299397818E+09  4.7342100471E+11
    96000 -6.4620068368E+09  4.7334341680E+11
    96100 -6.4375595551E+09  4.7334517295E+11
    96200 -6.4264932016E+09  4.7374096044E+11
    96300 -6.4310906903E+09  4.7347520545E+11
    96400 -6.4411816004E+09  4.7397631584E+11
    96500 -6.4532499045E+09  4.7433778505E+11
    96600 -6.4633445403E+09  4.7497337856E+11
    96700 -6.4689150927E+09  4.7533469970E+11
    96800 -6.4493538051E+09  4.7511163908E+11
    96900 -6.4587467807E+09  4.7482207035E+11
    97000 -6.4746586630E+09  4.7486339126E+11
    97100 -6.4609329195E+09  4.7504973271E+11
    97200 -6.4646497993E+09  4.7578679037E+11
    97300 -6.4566796235E+09  4.7589138630E+11
    97400 -6.4606543855E+09  4.7569629307E+11
    97500 -6.4662633782E+09  4.7521405298E+11
    97600 -6.4730610275E+09  4.7478227079E+11
    97700 -6.4548979245E+09  4.7465027171E+11
    97800 -6.4546469026E+09  4.7487224001E+11
    97900 -6.4591474066E+09  4.7479412805E+11
    98000 -6.4610965461E+09  4.7484869207E+11
    98100 -6.4597051864E+09  4.7484798707E+11
    98200 -6.4592248278E+09  4.7477074933E+11
    98300 -6.4522783211E+09  4.7489313257E+11
    98400 -6.4666952162E+09  4.7506741729E+11
    98500 -6.4653038929E+09  4.7562413994E+11
    98600 -6.4658975776E+09  4.7618787785E+11
    98700 -6.4511593699E+09  4.7553460056E+11
    98800 -6.4718206434E+09  4.7592615343E+11
    98900 -6.4789014763E+09  4.7657993869E+11
    99000 -6.4680339696E+09  4.7601300074E+11
    99100 -6.4699761486E+09  4.7557262517E+11
    99200 -6.4642248189E+09  4.7544537020E+11
    99300 -6.4693382258E+09  4.7582598108E+11
    99400 -6.4775824979E+09  4.7538229768E+11
    99500 -6.4545540501E+09  4.7449314297E+11
    99600 -6.4534702017E+09  4.7452484903E+11
    99700 -6.4468295270E+09  4.7414804478E+11
    99800 -6.4495765264E+09  4.7398708080E+11
    99900 -6.4576585253E+09  4.7477733783E+11
   100000 -6.4379238257E+09  4.7428445561E+11
   100100 -6.4455494108E+09  4.7399991789E+11
   100200 -6.4363405717E+09  4.7450501910E+11
   100300 -6.4482137252E+09  4.7517754579E+11
   100400 -6.4567211182E+09  4.7532504872E+11
   100500 -6.4745345489E+09  4.7497898065E+11
   100600 -6.4423737581E+09  4.7464840415E+11
   100700 -6.4550829599E+09  4.7499734732E+11
   100800 -6.4604295785E+09  4.7557295651E+11
   100900 -6.4684314332E+09  4.7533307605E+11
   101000 -6.4675943710E+09  4.7514456167E+11
   101100 -6.4465457104E+09  4.7516685788E+11
   101200 -6.4753576994E+09  4.7494017493E+11
   101300 -6.4651076308E+09  4.7535179476E+11
   101400 -6.4809719713E+09  4.7559198240E+11
   101500 -6.4765496716E+09  4.7547673531E+11
   101600 -6.4734212423E+09  4.7553599467E+11
   101700 -6.4735708913E+09  4.7545582048E+11
   101800 -6.4589964359E+09  4.7488898455E+11
   101900 -6.4592617264E+09  4.7507203005E+11
   102000 -6.4521320452E+09  4.7503243117E+11
   102100 -6.4572098400E+09  4.7437493334E+11
   102200 -6.4503275982E+09  4.7480973892E+11
   102300 -6.4542993682E+09  4.7522841307E+11
   102400 -6.4593690714E+09  4.7572122909E+11
   102500 -6.4695921046E+09  4.7570493578E+11
   102600 -6.4688537755E+09  4.7563486550E+11
   102700 -6.4526596578E+09  4.7546663799E+11
   102800 -6.4680886627E+09  4.7516329651E+11
   102900 -6.4608747372E+09  4.7496577332E+11
   103000 -6.4531874455E+09  4.7470782500E+11
   103100 -6.4566932648E+09  4.7518858516E+11
   103200 -6.4780629708E+09  4.7550209261E+11
   103300 -6.4665331863E+09  4.7488141139E+11
   103400 -6.4673472779E+09  4.7468088557E+11
   103500 -6.4670868812E+09  4.7454742682E+11
   103600 -6.4648384952E+09  4.7500794304E+11
   103700 -6.4636074871E+09  4.7512211195E+11
   103800 -6.4410853688E+09  4.7448962246E+11
   103900 -6.4535372365E+09  4.7490158054E+11
   104000 -6.4540484169E+09  4.7459227132E+11
   104100 -6.4492809593E+09  4.7455906825E+11
   104200 -6.4665203440E+09  4.7518244029E+11
   104300 -6.4491450215E+09  4.7542406693E+11
   104400 -6.4604655997E+09  4.7527021583E+11
   104500 -6.4497841660E+09  4.7495124099E+11
   104600 -6.4603146874E+09  4.7511891502E+11
   104700 -6.4687851680E+09  4.7517603276E+11
   104800 -6.4760475768E+09  4.7511483526E+11
   104900 -6.4621559897E+09  4.7526990452E+11
   105000 -6.4703529902E+09  4.7469489794E+11
   105100 -6.4524299495E+09  4.7467240598E+11
   105200 -6.4405571283E+09  4.7459278158E+11
   105300 -6.4424767670E+09  4.7519415519E+11
   105400 -6.4662853550E+09  4.7496795139E+11
   105500 -6.4687986695E+09  4.7471878531E+11
   105600 -6.4550188576E+09  4.7468766933E+11
   105700 -6.4613126430E+09  4.7485710859E+11
   105800 -6.4471173433E+09  4.7435477907E+11
   105900 -6.4450944125E+09  4.7431807090E+11
   106000 -6.4447283721E+09  4.7465708951E+11
   106100 -6.4392103690E+09  4.7535452080E+11
   106200 -6.4430815706E+09  4.7608858608E+11
   106300 -6.4507675250E+09  4.7616258798E+11
   106400 -6.4611570277E+09  4.7606297184E+11
   106500 -6.4575729019E+09  4.7615673230E+11
   106600 -6.4623179444E+09  4.7659752660E+11
   106700 -6.4889799771E+09  4.7665877224E+11
   106800 -6.4855377882E+09  4.7657627348E+11
   106900 -6.4689392386E+09  4.7672522648E+11
   107000 -6.4765228330E+09  4.7641773354E+11
   107100 -6.4639008779E+09  4.7574793767E+11
   107200 -6.4595472836E+09  4.7516675753E+11
   107300 -6.4633709007E+09  4.7493549605E+11
   107400 -6.4627218969E+09  4.7523431992E+11
   107500 -6.4794980330E+09  4.7575617856E+11
   107600 -6.4698428872E+09  4.7562418316E+11
   107700 -6.4587608294E+09  4.7617404819E+11
   107800 -6.4675192295E+09  4.7585215568E+11
   107900 -6.4661759207E+09  4.7532039129E+11
   108000 -6.4564176242E+09  4.7502052625E+11
   108100 -6.4606500349E+09  4.7499975772E+11
   108200 -6.4601633048E+09  4.7508893606E+11
   108300 -6.4423597621E+09  4.7541480218E+11
   108400 -6.4506011166E+09  4.7546491325E+11
   108500 -6.4466040837E+09  4.7553873759E+11
   108600 -6.4641676774E+09  4.7545054890E+11
   108700 -6.4703373674E+09  4.7449455070E+11
   108800 -6.4583544629E+09  4.7411469603E+11
   108900 -6.4503666032E+09  4.7434031567E+11
   109000 -6.4505376027E+09  4.7466006846E+11
   109100 -6.4556998498E+09  4.7472781944E+11
   109200 -6.4532031191E+09  4.7448813326E+11
   109300 -6.4518177317E+09  4.7438856578E+11
   109400 -6.4627851897E+09  4.7427398649E+11
   109500 -6.4569423294E+09  4.7378943569E+11
   109600 -6.4548733551E+09  4.7451505309E+11
   109700 -6.4568826633E+09  4.7467776012E+11
   109800 -6.4615966315E+09  4.7474176548E+11
   109900 -6.4688639365E+09  4.7493747858E+11
   110000 -6.4660788975E+09  4.7487027940E+11
   110100 -6.4572601191E+09  4.7439235445E+11
   110200 -6.4421115786E+09  4.7434173253E+11
   110300 -6.4422379925E+09  4.7445361057E+11
   110400 -6.4556427468E+09  4.7475496298E+11
   110500 -6.4464307745E+09  4.7496787964E+11
   110600 -6.4398411913E+09  4.7569729145E+11
   110700 -6.4499657317E+09  4.7564018651E+11
   110800 -6.4687023705E+09  4.7533539113E+11
   110900 -6.4613406958E+09  4.7520688088E+11
   111000 -6.4674764839E+09  4.7513346912E+11
   111100 -6.4513446022E+09  4.7559605901E+11
   111200 -6.4561222101E+09  4.7574165071E+11
   111300 -6.4721113790E+09  4.7587329466E+11
   111400 -6.4678894483E+09  4.7532932082E+11
   111500 -6.4626389360E+09  4.7465240565E+11
   111600 -6.4592998823E+09  4.7415921310E+11
   111700 -6.4408737676E+09  4.7405422549E+11
   111800 -6.4515907124E+09  4.7438950692E+11
   111900 -6.4583340736E+09  4.7442327680E+11
   112000 -6.4456098515E+09  4.7372912218E+11
   112100 -6.4483590814E+09  4.7450119000E+11
   112200 -6.4498532574E+09  4.7426030531E+11
   112300 -6.4447807993E+09  4.7368538178E+11
   112400 -6.4524325347E+09  4.7381112804E+11
   112500 -6.4560403937E+09  4.7399320035E+11
   112600 -6.4264183168E+09  4.7323110707E+11
   112700 -6.4411657465E+09  4.7348536521E+11
   112800 -6.4419038251E+09  4.7408430263E+11
   112900 -6.4372752202E+09  4.7426710714E+11
   113000 -6.4390048344E+09  4.7320234845E+11
   113100 -6.4402548767E+09  4.7327155002E+11
   113200 -6.4410098938E+09  4.7402786890E+11
   113300 -6.4467138392E+09  4.7393131615E+11
   113400 -6.4531364200E+09  4.7365121349E+11
   113500 -6.4477225155E+09  4.7479361137E+11
   113600 -6.4477127816E+09  4.7513157903E+11
   113700 -6.4545733482E+09  4.7452952274E+11
   113800 -6.4538451773E+09  4.7403054361E+11
   113900 -6.4535936296E+09  4.7420095707E+11
   114000 -6.4505441846E+09  4.7531966963E+11
   114100 -6.4724975029E+09  4.7588275127E+11
   114200 -6.4724769730E+09  4.7584329683E+11
   114300 -6.4589169201E+09  4.7574331757E+11
   114400 -6.4564746242E+09  4.7570535233E+11
   114500 -6.4716742187E+09  4.7502097813E+11
   114600 -6.4626187129E+09  4.7509310237E+11
   114700 -6.4803121733E+09  4.7543374259E+11
   114800 -6.4649819085E+09  4.7551358588E+11
   114900 -6.4629455683E+09  4.7556861643E+11
   115000 -6.4722078469E+09  4.7521629282E+11
   115100 -6.4745661251E+09  4.7505348920E+11
   115200 -6.4578075312E+09  4.7501917580E+11
   115300 -6.4677705745E+09  4.7515015753E+11
   115400 -6.4632797443E+09  4.7526427644E+11
   115500 -6.4713989774E+09  4.7575528710E+11
   115600 -6.4793513261E+09  4.7546958534E+11
   115700 -6.4676203388E+09  4.7613765780E+11
   115800 -6.4779250831E+09  4.7627616481E+11
   115900 -6.4810255707E+09  4.7661487099E+11
   116000 -6.4928527147E+09  4.7585381425E+11
   116100 -6.4703754012E+09  4.7590747280E+11
   116200 -6.4638507364E+09  4.7570258138E+11
   116300 -6.4751279026E+09  4.7503271635E+11
   116400 -6.4807387228E+09  4.7525429178E+11
   116500 -6.4788670112E+09  4.7492539409E+11
   116600 -6.4750743487E+09  4.7507346978E+11
   116700 -6.4791017022E+09  4.7446745378E+11
   116800 -6.4480750884E+09  4.7393262921E+11
   116900 -6.4639865015E+09  4.7423956808E+11
   117000 -6.4498469939E+09  4.7492880182E+11
   117100 -6.4623068440E+09  4.7509799110E+11
   117200 -6.4534619524E+09  4.7472923639E+11
   117300 -6.4731787109E+09  4.7543014288E+11
   117400 -6.4684995153E+09  4.7598406124E+11
   117500 -6.4630830668E+09  4.7574416006E+11
   117600 -6.4655204811E+09  4.7521700346E+11
   117700 -6.4611725416E+09  4.7464865958E+11
   117800 -6.4633400127E+09  4.7469495166E+11
   117900 -6.4619271573E+09  4.7540299694E+11
   118000 -6.4661066828E+09  4.7530996299E+11
   118100 -6.4466168643E+09  4.7514562469E+11
   118200 -6.4480724596E+09  4.7487291579E+11
   118300 -6.4600081006E+09  4.7500379079E+11
   118400 -6.4649046206E+09  4.7454765436E+11
   118500 -6.4536051621E+09  4.7463590230E+11
   118600 -6.4586145594E+09  4.7484798314E+11
   118700 -6.4528603548E+09  4.7489030609E+11
   118800 -6.4620436382E+09  4.7550039980E+11
   118900 -6.4597145291E+09  4.7586783534E+11
   119000 -6.4769909276E+09  4.7599522177E+11
   119100 -6.4691785013E+09  4.7498004322E+11
   119200 -6.4465136048E+09  4.7454313866E+11
   119300 -6.4547103367E+09  4.7420304885E+11
   119400 -6.4318666837E+09  4.7377190773E+11
   119500 -6.4575853358E+09  4.7398888508E+11
   119600 -6.4296809779E+09  4.7371750010E+11
   119700 -6.4365927349E+09  4.7392203626E+11
   119800 -6.4467408045E+09  4.7462065913E+11
   119900 -6.4510391809E+09  4.7489009211E+11
   120000 -6.4579216684E+09  4.7547350311E+11
   120100 -6.4586934514E+09  4.7537554304E+11
   120200 -6.4406643835E+09  4.7539602210E+11
   120300 -6.4469351065E+09  4.7477316154E+11
   120400 -6.4446729740E+09  4.7456752449E+11
   120500 -6.4615665583E+09  4.7505303075E+11
   120600 -6.4700501344E+09  4.7515857479E+11
   120700 -6.4576255700E+09  4.7533422814E+11
   120800 -6.4654218163E+09  4.7530653208E+11
   120900 -6.4619974233E+09  4.7498216022E+11
   121000 -6.4562664521E+09  4.7481249535E+11
   121100 -6.4709000549E+09  4.7498596522E+11
   121200 -6.4601544477E+09  4.7495392944E+11
   121300 -6.4593166179E+09  4.7445602850E+11
   121400 -6.4627663513E+09  4.7406038285E+11
   121500 -6.4540115945E+09  4.7424070106E+11
   121600 -6.4564465437E+09  4.7414140483E+11
   121700 -6.4462180864E+09  4.7394055076E+11
   121800 -6.4469722037E+09  4.7396692749E+11
   121900 -6.4357544018E+09  4.7390231947E+11
   122000 -6.4475377457E+09  4.7411834926E+11
   122100 -6.4433150872E+09  4.7450575807E+11
   122200 -6.4405206464E+09  4.7446765518E+11
   122300 -6.4492185140E+09  4.7423608277E+11
   122400 -6.4571595830E+09  4.7420595181E+11
   122500 -6.4467242041E+09  4.7401521190E+11
   122600 -6.4273154675E+09  4.7337135273E+11
   122700 -6.4437850473E+09  4.7397782167E+11
   122800 -6.4546345782E+09  4.7428905602E+11
   122900 -6.4425275669E+09  4.7415339301E+11
   123000 -6.4543307038E+09  4.7395718200E+11
   123100 -6.4481144282E+09  4.7369847850E+11
   123200 -6.4421907877E+09  4.7421562398E+11
   123300 -6.4340594658E+09  4.7476827683E+11
   123400 -6.4418876960E+09  4.7405301248E+11
   123500 -6.4305550023E+09  4.7389398157E+11
   123600 -6.4313407353E+09  4.7421012385E+11
   123700 -6.4231686357E+09  4.7438618135E+11
   123800 -6.4269242197E+09  4.7504528527E+11
   123900 -6.4361025533E+09  4.7512242453E+11
   124000 -6.4455377445E+09  4.7452721167E+11
   124100 -6.4435139331E+09  4.7471789818E+11
   124200 -6.4464238449E+09  4.7454772224E+11
   124300 -6.4301396656E+09  4.7462353176E+11
   124400 -6.4610002879E+09  4.7441506197E+11
   124500 -6.4472498133E+09  4.7411941753E+11
   124600 -6.4335825160E+09  4.7457685611E+11
   124700 -6.4522912894E+09  4.7468993466E+11
   124800 -6.4558264262E+09  4.7512341062E+11
   124900 -6.4597897745E+09  4.7494390866E+11
   125000 -6.4568439392E+09  4.7523892848E+11
   125100 -6.4592869744E+09  4.7560157190E+11
   125200 -6.4666791048E+09  4.7558991237E+11
   125300 -6.4535360905E+09  4.7548359464E+11
   125400 -6.4764401571E+09  4.7589928366E+11
   125500 -6.4820817068E+09  4.7647453204E+11
   125600 -6.4908345207E+09  4.7639338073E+11
   125700 -6.4834879157E+09  4.7634614579E+11
   125800 -6.4736754267E+09  4.7639330156E+11
   125900 -6.4768959026E+09  4.7539434075E+11
   126000 -6.4637304149E+09  4.7479873771E+11
   126100 -6.4617615613E+09  4.7480907558E+11
   126200 -6.4698358745E+09  4.7481727891E+11
   126300 -6.4561755963E+09  4.7432223473E+11
   126400 -6.4516696790E+09  4.7445764942E+11
   126500 -6.4430928513E+09  4.7399879990E+11
   126600 -6.4503558041E+09  4.7447761475E+11
   126700 -6.4423999888E+09  4.7433229619E+11
