 ######
     5100 -8.8729405751E+07  1.3423997454E+11
     5200 -8.7745965886E+07  2.6352232107E+09
     5300 -8.8470819451E+07  2.6331766010E+09
     5400 -8.8806599422E+07  2.6315126811E+09
     5500 -8.8550963555E+07  2.6327835459E+09
     5600 -8.8783044767E+07  2.6305050868E+09
     5700 -8.8865832520E+07  3.9480858250E+09
     5800 -9.9970660463E+07  3.9467072686E+09
     5900 -1.1230199980E+08  3.9454335127E+09
     6000 -1.1837567945E+08  3.9500922912E+09
     6100 -1.2325007486E+08  3.9449350803E+09
     6200 -1.2548978170E+08  3.9398313620E+09
     6300 -1.2796885350E+08  3.9397673494E+09
     6400 -1.2835245150E+08  3.9471307013E+09
     6500 -1.2930744747E+08  3.9461835486E+09
     6600 -1.2952171842E+08  3.9443940711E+09
     6700 -1.3071536722E+08  3.9426881015E+09
     6800 -1.3274519555E+08  3.9352284636E+09
     6900 -1.3328890566E+08  3.9395126742E+09
     7000 -1.3254162067E+08  3.9419301704E+09
     7100 -1.3215747525E+08  3.9380892623E+09
     7200 -1.3104031759E+08  3.9382166308E+09
     7300 -1.3053029489E+08  3.9339546807E+09
     7400 -1.3186995427E+08  3.9323374298E+09
     7500 -1.3199179762E+08  3.9358599374E+09
     7600 -1.3130381645E+08  3.9351183228E+09
     7700 -1.3033378875E+08  3.9306084558E+09
     7800 -1.3106639684E+08  3.9324669464E+09
     7900 -1.3121516728E+08  3.9350797894E+09
     8000 -1.3060137873E+08  3.9388412912E+09
     8100 -1.3173599821E+08  3.9364508460E+09
     8200 -1.3150340656E+08  3.9375308388E+09
     8300 -1.3318356286E+08  3.9397811144E+09
     8400 -1.3255764730E+08  3.9411734129E+09
     8500 -1.3233582386E+08  3.9424797519E+09
     8600 -1.3138828888E+08  3.9462561902E+09
     8700 -1.3132982438E+08  5.9262984326E+09
     8800 -1.4900031992E+08  5.9208194568E+09
     8900 -1.6842995221E+08  5.9170569877E+09
     9000 -1.7972168938E+08  5.9056388115E+09
     9100 -1.8433826426E+08  5.9042529934E+09
     9200 -1.8694515992E+08  5.9050067358E+09
     9300 -1.9187878669E+08  5.9072042794E+09
     9400 -1.9292573461E+08  5.9131520749E+09
     9500 -1.9400709654E+08  5.9139919483E+09
     9600 -1.9535794848E+08  5.9178249694E+09
     9700 -1.9802767564E+08  5.9240913201E+09
     9800 -1.9709226549E+08  5.9294265942E+09
     9900 -1.9717283579E+08  5.9230854727E+09
    10000 -1.9710014074E+08  5.9246001203E+09
    10100 -1.9615807730E+08  5.9200493275E+09
    10200 -1.9756874644E+08  5.9135858052E+09
    10300 -1.9633462680E+08  5.9021861208E+09
    10400 -1.9866645975E+08  5.8987065120E+09
    10500 -2.0084432805E+08  5.9063910285E+09
    10600 -2.0042143153E+08  5.9123306281E+09
    10700 -1.9994090281E+08  5.9182454911E+09
    10800 -2.0194290495E+08  5.9240830082E+09
    10900 -2.0163258214E+08  5.9228007102E+09
    11000 -2.0234366144E+08  5.9303162465E+09
    11100 -2.0271705091E+08  5.9246518374E+09
    11200 -2.0048269535E+08  5.9140571737E+09
    11300 -2.0045245038E+08  5.9171235645E+09
    11400 -2.0091224367E+08  5.9245643540E+09
    11500 -2.0164166284E+08  5.9297411159E+09
    11600 -2.0027744564E+08  5.9341372206E+09
    11700 -1.9921147756E+08  8.8983386776E+09
    11800 -2.2696442409E+08  8.8915009028E+09
    11900 -2.5158444386E+08  8.8830336668E+09
    12000 -2.6988811609E+08  8.8771278238E+09
    12100 -2.7697277344E+08  8.8684216996E+09
    12200 -2.8142293887E+08  8.8699191199E+09
    12300 -2.8595125605E+08  8.8591181270E+09
    12400 -2.8918898584E+08  8.8716199991E+09
    12500 -2.9181506668E+08  8.8850420735E+09
    12600 -2.9432153404E+08  8.8871424249E+09
    12700 -2.9567040265E+08  8.8831253768E+09
    12800 -2.9746216483E+08  8.8775514103E+09
    12900 -2.9716644563E+08  8.8755113634E+09
    13000 -2.9641156662E+08  8.8648946381E+09
    13100 -2.9693573684E+08  8.8718392601E+09
    13200 -2.9841702571E+08  8.8805964418E+09
    13300 -2.9891166192E+08  8.8849545420E+09
    13400 -2.9766810299E+08  8.8885296886E+09
    13500 -2.9718170574E+08  8.8805453291E+09
    13600 -2.9586333871E+08  8.8855430878E+09
    13700 -2.9815056012E+08  8.8862651872E+09
    13800 -2.9699175262E+08  8.8925835881E+09
    13900 -2.9754916895E+08  8.8888238779E+09
    14000 -2.9704451597E+08  8.8892740994E+09
    14100 -2.9819777776E+08  8.8930018880E+09
    14200 -2.9799897127E+08  8.8896476787E+09
    14300 -2.9827763962E+08  8.8926087467E+09
    14400 -2.9840984164E+08  8.8889795289E+09
    14500 -2.9722377542E+08  8.8931718838E+09
    14600 -2.9675698988E+08  8.8827887824E+09
    14700 -2.9775636985E+08  1.3315836802E+10
    14800 -3.3289231922E+08  1.3296063942E+10
    14900 -3.7584467001E+08  1.3296968649E+10
    15000 -4.0295242841E+08  1.3296118053E+10
    15100 -4.1715846780E+08  1.3317388534E+10
    15200 -4.2547389615E+08  1.3303154630E+10
    15300 -4.3116992401E+08  1.3297264070E+10
    15400 -4.3861154914E+08  1.3297198001E+10
    15500 -4.3887807081E+08  1.3309727640E+10
    15600 -4.4297358265E+08  1.3312247364E+10
    15700 -4.4319635098E+08  1.3316055809E+10
    15800 -4.4284153227E+08  1.3329266804E+10
    15900 -4.4691230461E+08  1.3330295000E+10
    16000 -4.4530121551E+08  1.3336683332E+10
    16100 -4.4771289020E+08  1.3341946167E+10
    16200 -4.4874428626E+08  1.3337478992E+10
    16300 -4.4775286358E+08  1.3341471674E+10
    16400 -4.4623180042E+08  1.3345232950E+10
    16500 -4.4698458676E+08  1.3336124141E+10
    16600 -4.4697962307E+08  1.3305539794E+10
    16700 -4.4498881239E+08  1.3289527629E+10
    16800 -4.4652804298E+08  1.3290328411E+10
    16900 -4.4704771507E+08  1.3290996854E+10
    17000 -4.4902572097E+08  1.3310363689E+10
    17100 -4.4758666361E+08  1.3310326564E+10
    17200 -4.4912073347E+08  1.3323561850E+10
    17300 -4.4950178560E+08  1.3323185669E+10
    17400 -4.4849409711E+08  1.3313518497E+10
    17500 -4.4535344946E+08  1.3309208621E+10
    17600 -4.4403806461E+08  1.3295927192E+10
    17700 -4.4498390757E+08  1.6794710481E+10
    17800 -4.7522651203E+08  1.6816228072E+10
    17900 -5.0670484601E+08  1.6840219758E+10
    18000 -5.2713148686E+08  1.6839747066E+10
    18100 -5.3948020124E+08  1.6837145614E+10
    18200 -5.4915020454E+08  1.6838423919E+10
    18300 -5.5614997854E+08  1.6827716064E+10
    18400 -5.5954105833E+08  1.6825272206E+10
    18500 -5.6148756735E+08  1.6836995005E+10
    18600 -5.6098566278E+08  1.6819186129E+10
    18700 -5.6251170414E+08  1.6826621900E+10
    18800 -5.6279595797E+08  1.6821509030E+10
    18900 -5.6312326917E+08  1.6833180680E+10
    19000 -5.6551891733E+08  1.6837039347E+10
    19100 -5.6535751891E+08  1.6829721227E+10
    19200 -5.6623424944E+08  1.6811363611E+10
    19300 -5.6458661974E+08  1.6817503872E+10
    19400 -5.6514517900E+08  1.6842429521E+10
    19500 -5.6370491757E+08  1.6838400591E+10
    19600 -5.6445691697E+08  1.6828588307E+10
    19700 -5.6309315106E+08  1.6812288922E+10
    19800 -5.6410117545E+08  1.6806091101E+10
    19900 -5.6388991754E+08  1.6806999217E+10
    20000 -5.6390529118E+08  1.6830545633E+10
    20100 -5.6281754515E+08  1.6816107381E+10
    20200 -5.6328928082E+08  1.6824994348E+10
    20300 -5.6540010360E+08  1.6820092450E+10
    20400 -5.6364682185E+08  1.6819161350E+10
    20500 -5.6456934065E+08  1.6817540894E+10
    20600 -5.6452587460E+08  1.6831372017E+10
    20700 -5.6755192705E+08  1.9142332565E+10
    20800 -5.8825054791E+08  1.9176581045E+10
    20900 -6.0994110605E+08  1.9175040342E+10
    21000 -6.2221220752E+08  1.9176149445E+10
    21100 -6.2941944397E+08  1.9180779839E+10
    21200 -6.3629027120E+08  1.9185816960E+10
    21300 -6.3931485669E+08  1.9169534297E+10
    21400 -6.4083483873E+08  1.9187616060E+10
    21500 -6.4131104242E+08  1.9204448799E+10
    21600 -6.4166745986E+08  1.9197276549E+10
    21700 -6.4204485289E+08  1.9193224387E+10
    21800 -6.4311410058E+08  1.9172528585E+10
    21900 -6.4207449317E+08  1.9157326525E+10
    22000 -6.4280224174E+08  1.9155591894E+10
    22100 -6.4447898710E+08  1.9134469291E+10
    22200 -6.4317255429E+08  1.9137576024E+10
    22300 -6.4238896564E+08  1.9134509598E+10
    22400 -6.4480379417E+08  1.9146930838E+10
    22500 -6.4559363798E+08  1.9155593845E+10
    22600 -6.4159363951E+08  1.9139078664E+10
    22700 -6.4305440049E+08  1.9142878674E+10
    22800 -6.4386062187E+08  1.9132640038E+10
    22900 -6.4246508422E+08  1.9153276693E+10
    23000 -6.4278763951E+08  1.9163682631E+10
    23100 -6.4405647535E+08  1.9144676566E+10
    23200 -6.4319582319E+08  1.9138521456E+10
    23300 -6.4353993976E+08  1.9120171769E+10
    23400 -6.4435643705E+08  1.9124913003E+10
    23500 -6.4500540665E+08  1.9149869664E+10
    23600 -6.4390251741E+08  1.9167664080E+10
    23700 -6.4289945977E+08  2.0670655886E+10
    23800 -6.5919514856E+08  2.0674528641E+10
    23900 -6.7222477322E+08  2.0688959398E+10
    24000 -6.8207374229E+08  2.0675691153E+10
    24100 -6.8611506492E+08  2.0681719660E+10
    24200 -6.8705491755E+08  2.0672804311E+10
    24300 -6.8660759249E+08  2.0653479523E+10
    24400 -6.9032550687E+08  2.0684236272E+10
    24500 -6.9226009096E+08  2.0693956234E+10
    24600 -6.8966001244E+08  2.0678179617E+10
    24700 -6.8827173189E+08  2.0651064947E+10
    24800 -6.9174422808E+08  2.0673324309E+10
    24900 -6.9356188126E+08  2.0643318586E+10
    25000 -6.9203586439E+08  2.0638454096E+10
    25100 -6.9623343919E+08  2.0647309076E+10
    25200 -6.9465517122E+08  2.0673668895E+10
    25300 -6.9577535719E+08  2.0665818598E+10
    25400 -6.9305297611E+08  2.0636914866E+10
    25500 -6.9275590290E+08  2.0643147346E+10
    25600 -6.9637218245E+08  2.0666811707E+10
    25700 -6.9581359249E+08  2.0657755190E+10
    25800 -6.9483815112E+08  2.0675325906E+10
    25900 -6.9445937329E+08  2.0692001095E+10
    26000 -6.9319239512E+08  2.0661086408E+10
    26100 -6.9446793885E+08  2.0657677526E+10
    26200 -6.9475631546E+08  2.0640509375E+10
    26300 -6.9271405953E+08  2.0604813267E+10
    26400 -6.9396330979E+08  2.0610193022E+10
    26500 -6.9367620494E+08  2.0636913832E+10
    26600 -6.9201235137E+08  2.0659150844E+10
    26700 -6.9397931542E+08  2.1685877191E+10
    26800 -7.0563795832E+08  2.1651480404E+10
    26900 -7.1232399802E+08  2.1621943341E+10
    27000 -7.1822523004E+08  2.1625632324E+10
    27100 -7.2004076844E+08  2.1615185914E+10
    27200 -7.2468097182E+08  2.1598739505E+10
    27300 -7.2251611135E+08  2.1626112087E+10
    27400 -7.2071387489E+08  2.1624936355E+10
    27500 -7.2215234364E+08  2.1630290949E+10
    27600 -7.2433519193E+08  2.1628542952E+10
    27700 -7.2224447483E+08  2.1627511721E+10
    27800 -7.2499916669E+08  2.1646428269E+10
    27900 -7.2589219111E+08  2.1661635675E+10
    28000 -7.2580188682E+08  2.1669155515E+10
    28100 -7.2396211662E+08  2.1672437624E+10
    28200 -7.2646470677E+08  2.1656977331E+10
    28300 -7.2597843788E+08  2.1654840351E+10
    28400 -7.2719169782E+08  2.1657186524E+10
    28500 -7.2948428505E+08  2.1653619914E+10
    28600 -7.2725592940E+08  2.1629107253E+10
    28700 -7.2900014014E+08  2.1645671707E+10
    28800 -7.2849684350E+08  2.1672849345E+10
    28900 -7.3012890223E+08  2.1697916353E+10
    29000 -7.2890032403E+08  2.1662309311E+10
    29100 -7.2849190410E+08  2.1646119250E+10
    29200 -7.3042031661E+08  2.1614417944E+10
    29300 -7.2914707720E+08  2.1601585793E+10
    29400 -7.2924728324E+08  2.1634177162E+10
    29500 -7.2910675086E+08  2.1610869183E+10
    29600 -7.2783926840E+08  2.1595934395E+10
    29700 -7.2596782494E+08  2.2238683330E+10
    29800 -7.3261715508E+08  2.2232318838E+10
    29900 -7.3681379878E+08  2.2230116721E+10
    30000 -7.3926367061E+08  2.2215935393E+10
    30100 -7.4065582773E+08  2.2188741433E+10
    30200 -7.4063901001E+08  2.2207321811E+10
    30300 -7.4217294914E+08  2.2210635125E+10
    30400 -7.4060286834E+08  2.2239088649E+10
    30500 -7.4342294373E+08  2.2253739134E+10
    30600 -7.4185700763E+08  2.2266646477E+10
    30700 -7.4433994901E+08  2.2266113997E+10
    30800 -7.4742330981E+08  2.2286235461E+10
    30900 -7.4616670374E+08  2.2272074287E+10
    31000 -7.4535805011E+08  2.2257029941E+10
    31100 -7.4369324989E+08  2.2248544684E+10
    31200 -7.4541837364E+08  2.2249095637E+10
    31300 -7.4717666875E+08  2.2260417856E+10
    31400 -7.4837465134E+08  2.2287947140E+10
    31500 -7.5116059437E+08  2.2309433119E+10
    31600 -7.4980367998E+08  2.2319603197E+10
    31700 -7.5083338231E+08  2.2334418401E+10
    31800 -7.4990481456E+08  2.2329249796E+10
    31900 -7.5052193581E+08  2.2313340592E+10
    32000 -7.5056709581E+08  2.2319659320E+10
    32100 -7.4841587104E+08  2.2313179023E+10
    32200 -7.4915853577E+08  2.2325246910E+10
    32300 -7.4742235798E+08  2.2296851534E+10
    32400 -7.4480216328E+08  2.2274714689E+10
    32500 -7.4547620969E+08  2.2267360939E+10
    32600 -7.4784238500E+08  2.2283259434E+10
    32700 -7.1060048064E+08  2.2280738898E+10
    32800 -7.5016184314E+08  2.2295904503E+10
    32900 -7.4811396375E+08  2.2264925033E+10
    33000 -7.4733873342E+08  2.2271913162E+10
    33100 -7.4829637020E+08  2.2271166787E+10
    33200 -7.4968261716E+08  2.2283725057E+10
    33300 -7.4812083075E+08  2.2281975274E+10
    33400 -7.4720072623E+08  2.2279743606E+10
    33500 -7.4753742291E+08  2.2279580191E+10
    33600 -7.4582815579E+08  2.2279849829E+10
    33700 -7.4889055343E+08  2.2266511973E+10
    33800 -7.4887869285E+08  2.2264160802E+10
    33900 -7.4740315721E+08  2.2258705441E+10
    34000 -7.4902339968E+08  2.2248663650E+10
    34100 -7.4947776274E+08  2.2233837640E+10
    34200 -7.4956153063E+08  2.2239433394E+10
    34300 -7.5012130667E+08  2.2257748600E+10
    34400 -7.5064931269E+08  2.2274933198E+10
    34500 -7.5028426147E+08  2.2272904799E+10
    34600 -7.5029701188E+08  2.2295677348E+10
    34700 -7.5097003567E+08  2.2311222153E+10
    34800 -7.5019698480E+08  2.2301500231E+10
    34900 -7.4918795979E+08  2.2280207707E+10
    35000 -7.4877730387E+08  2.2253541311E+10
    35100 -7.4683673203E+08  2.2259490319E+10
    35200 -7.4819887388E+08  2.2241334004E+10
    35300 -7.4729795058E+08  2.2221234721E+10
    35400 -7.4600382873E+08  2.2246923285E+10
    35500 -7.4800478554E+08  2.2252570028E+10
    35600 -7.4790077145E+08  2.2249251824E+10
    35700 -7.4951141666E+08  2.2261939718E+10
    35800 -7.5089497452E+08  2.2274070161E+10
    35900 -7.4787591051E+08  2.2250700395E+10
    36000 -7.5134507995E+08  2.2229709514E+10
    36100 -7.4658393454E+08  2.2234116462E+10
    36200 -7.4460972132E+08  2.2255538131E+10
    36300 -7.4815046552E+08  2.2278252347E+10
    36400 -7.4757225720E+08  2.2280297774E+10
    36500 -7.4846937270E+08  2.2273872452E+10
    36600 -7.4850634347E+08  2.2301061381E+10
    36700 -7.5084458200E+08  2.2299446087E+10
    36800 -7.5077064380E+08  2.2272495012E+10
    36900 -7.5142452261E+08  2.2266943310E+10
    37000 -7.4989223091E+08  2.2271761639E+10
    37100 -7.4957685031E+08  2.2259548251E+10
    37200 -7.4928043603E+08  2.2272680628E+10
    37300 -7.4654197387E+08  2.2288610278E+10
    37400 -7.4815235746E+08  2.2287681197E+10
    37500 -7.4605724011E+08  2.2272196886E+10
    37600 -7.4655768091E+08  2.2241051799E+10
    37700 -7.4944600422E+08  2.2259166705E+10
    37800 -7.4888531767E+08  2.2290226243E+10
    37900 -7.4831453952E+08  2.2266315102E+10
    38000 -7.4850503816E+08  2.2274507189E+10
    38100 -7.4581407253E+08  2.2271008813E+10
    38200 -7.4446571790E+08  2.2284381642E+10
    38300 -7.4935360374E+08  2.2271659784E+10
    38400 -7.4921398345E+08  2.2278474250E+10
    38500 -7.4877699767E+08  2.2262749201E+10
    38600 -7.4703806423E+08  2.2251344219E+10
    38700 -7.4820931642E+08  2.2263049289E+10
    38800 -7.4893152735E+08  2.2283474436E+10
    38900 -7.4772924791E+08  2.2283093929E+10
    39000 -7.4823319002E+08  2.2280092256E+10
    39100 -7.4777487304E+08  2.2269360368E+10
    39200 -7.4689351670E+08  2.2274133469E+10
    39300 -7.4659766608E+08  2.2277739232E+10
    39400 -7.4521049387E+08  2.2279956772E+10
    39500 -7.4635619383E+08  2.2244366328E+10
    39600 -7.4638016674E+08  2.2243022792E+10
    39700 -7.4689798016E+08  2.2248243331E+10
    39800 -7.4691122338E+08  2.2241212677E+10
    39900 -7.4482368754E+08  2.2244070203E+10
    40000 -7.4718007711E+08  2.2264088303E+10
    40100 -7.4892282858E+08  2.2263680684E+10
    40200 -7.4873264787E+08  2.2266272005E+10
    40300 -7.4733322338E+08  2.2292949098E+10
    40400 -7.4745297587E+08  2.2289048069E+10
    40500 -7.4870349792E+08  2.2293239578E+10
    40600 -7.4845480533E+08  2.2297565580E+10
    40700 -7.4873163333E+08  2.2268278730E+10
    40800 -7.4755939854E+08  2.2244039870E+10
    40900 -7.4847045805E+08  2.2280572734E+10
    41000 -7.4917511852E+08  2.2301904435E+10
    41100 -7.4862177763E+08  2.2284386313E+10
    41200 -7.4929000336E+08  2.2270169408E+10
    41300 -7.4588752543E+08  2.2248996844E+10
    41400 -7.4832944199E+08  2.2219687031E+10
    41500 -7.4807151577E+08  2.2223927791E+10
    41600 -7.4791309190E+08  2.2231192680E+10
    41700 -7.4811876845E+08  2.2208688708E+10
    41800 -7.4761317810E+08  2.2222573985E+10
    41900 -7.4782736984E+08  2.2245575092E+10
    42000 -7.4924827305E+08  2.2275320592E+10
    42100 -7.4873255955E+08  2.2248460043E+10
    42200 -7.4996224313E+08  2.2253164872E+10
    42300 -7.4646861973E+08  2.2211561996E+10
    42400 -7.4551678158E+08  2.2221926537E+10
    42500 -7.4620857440E+08  2.2236287737E+10
    42600 -7.4818893436E+08  2.2251530222E+10
    42700 -7.4762444948E+08  2.2246257623E+10
    42800 -7.4884892653E+08  2.2243168919E+10
    42900 -7.4892915839E+08  2.2233490707E+10
    43000 -7.4885737566E+08  2.2233523603E+10
    43100 -7.4749707354E+08  2.2247095959E+10
    43200 -7.4576413004E+08  2.2252945868E+10
    43300 -7.4774941154E+08  2.2232430820E+10
    43400 -7.4782746176E+08  2.2205721252E+10
    43500 -7.4719271727E+08  2.2241364359E+10
    43600 -7.4740872131E+08  2.2256556743E+10
    43700 -7.4717856346E+08  2.2249919184E+10
    43800 -7.4673034512E+08  2.2236071103E+10
    43900 -7.4713143876E+08  2.2224359375E+10
    44000 -7.4634163491E+08  2.2226900712E+10
    44100 -7.4620173395E+08  2.2236939871E+10
    44200 -7.4474531481E+08  2.2230767344E+10
    44300 -7.4672051039E+08  2.2237500803E+10
    44400 -7.5067065768E+08  2.2248633028E+10
    44500 -7.4791678263E+08  2.2256239631E+10
    44600 -7.4873460840E+08  2.2266302744E+10
    44700 -7.4763331894E+08  2.2265813445E+10
    44800 -7.4756128166E+08  2.2262136493E+10
    44900 -7.4643611057E+08  2.2266770831E+10
    45000 -7.4738581193E+08  2.2246432890E+10
    45100 -7.4740285968E+08  2.2269768958E+10
    45200 -7.4691824164E+08  2.2269506216E+10
    45300 -7.4751524862E+08  2.2275688846E+10
    45400 -7.4835219668E+08  2.2250789126E+10
    45500 -7.4706529860E+08  2.2271470196E+10
    45600 -7.4673607145E+08  2.2291403006E+10
    45700 -7.4643973146E+08  2.2254588855E+10
    45800 -7.4775987311E+08  2.2239815944E+10
    45900 -7.4544719556E+08  2.2250445678E+10
    46000 -7.4858252211E+08  2.2274906984E+10
    46100 -7.5004825863E+08  2.2305270690E+10
    46200 -7.5085930207E+08  2.2318436337E+10
    46300 -7.4876763847E+08  2.2299234555E+10
    46400 -7.5072385284E+08  2.2289117237E+10
    46500 -7.4662346535E+08  2.2285889306E+10
    46600 -7.4801758704E+08  2.2281573136E+10
    46700 -7.4790650455E+08  2.2274000010E+10
    46800 -7.4523933216E+08  2.2278745820E+10
    46900 -7.4751803375E+08  2.2293130587E+10
    47000 -7.4828400841E+08  2.2291512244E+10
    47100 -7.4977568265E+08  2.2297184562E+10
    47200 -7.4889871246E+08  2.2306226754E+10
    47300 -7.4850076236E+08  2.2293565709E+10
    47400 -7.4788911173E+08  2.2272902875E+10
    47500 -7.4910140900E+08  2.2291310601E+10
    47600 -7.4964857394E+08  2.2284946925E+10
    47700 -7.4910008160E+08  2.2270813417E+10
    47800 -7.4991471416E+08  2.2274513651E+10
    47900 -7.4881515683E+08  2.2296294220E+10
    48000 -7.4874652856E+08  2.2275323047E+10
    48100 -7.4773057186E+08  2.2282578432E+10
    48200 -7.4764618161E+08  2.2279438838E+10
    48300 -7.4360820346E+08  2.2254031518E+10
    48400 -7.4346628817E+08  2.2239066047E+10
    48500 -7.4369272836E+08  2.2225837504E+10
    48600 -7.4448739679E+08  2.2238792038E+10
    48700 -7.4543898251E+08  2.2208009639E+10
    48800 -7.4525275346E+08  2.2179666168E+10
    48900 -7.4530227048E+08  2.2183196452E+10
    49000 -7.4816130550E+08  2.2228515875E+10
    49100 -7.4681040790E+08  2.2233279065E+10
    49200 -7.4707082714E+08  2.2242676733E+10
    49300 -7.4690495156E+08  2.2240481991E+10
    49400 -7.4751366047E+08  2.2246677809E+10
    49500 -7.4952964373E+08  2.2249092666E+10
    49600 -7.4818412290E+08  2.2244475119E+10
    49700 -7.5113341410E+08  2.2239656966E+10
    49800 -7.5256001081E+08  2.2252250535E+10
    49900 -7.5014502659E+08  2.2248704216E+10
    50000 -7.4751708694E+08  2.2268065633E+10
    50100 -7.4931716971E+08  2.2262932589E+10
    50200 -7.4903887748E+08  2.2272088401E+10
    50300 -7.4791012036E+08  2.2286539537E+10
    50400 -7.4657425840E+08  2.2278474632E+10
    50500 -7.4632880179E+08  2.2290543238E+10
    50600 -7.4872193127E+08  2.2295688163E+10
    50700 -7.4817204182E+08  2.2282567974E+10
    50800 -7.4731625320E+08  2.2285964790E+10
    50900 -7.4732861628E+08  2.2256221990E+10
    51000 -7.4683805889E+08  2.2224560745E+10
    51100 -7.4702622384E+08  2.2207708029E+10
    51200 -7.4536494236E+08  2.2223415626E+10
    51300 -7.4528119042E+08  2.2220090896E+10
    51400 -7.4522845725E+08  2.2227399819E+10
    51500 -7.4604295041E+08  2.2227863406E+10
    51600 -7.4823760265E+08  2.2253850508E+10
    51700 -7.4890265981E+08  2.2269215144E+10
    51800 -7.4969305710E+08  2.2268751027E+10
    51900 -7.5115502821E+08  2.2267051767E+10
    52000 -7.4797584314E+08  2.2245730639E+10
    52100 -7.4730012928E+08  2.2246033980E+10
    52200 -7.4767441114E+08  2.2237298931E+10
    52300 -7.4763975128E+08  2.2225839404E+10
    52400 -7.4704655422E+08  2.2227765673E+10
    52500 -7.4703307742E+08  2.2217665815E+10
    52600 -7.4536222467E+08  2.2233228418E+10
    52700 -7.4602828717E+08  2.2217900961E+10
    52800 -7.4522754119E+08  2.2227134008E+10
    52900 -7.4619333328E+08  2.2245895210E+10
    53000 -7.4843181258E+08  2.2264510020E+10
    53100 -7.4821880447E+08  2.2269631044E+10
    53200 -7.4911138791E+08  2.2268370244E+10
    53300 -7.5039226528E+08  2.2286726211E+10
    53400 -7.5011292522E+08  2.2278384152E+10
    53500 -7.4618555148E+08  2.2259232767E+10
    53600 -7.4531281652E+08  2.2245927333E+10
    53700 -7.4548732659E+08  2.2253779947E+10
    53800 -7.4890519306E+08  2.2253360922E+10
    53900 -7.4727932237E+08  2.2241844556E+10
    54000 -7.4827070870E+08  2.2241276708E+10
    54100 -7.4791468334E+08  2.2274738875E+10
    54200 -7.4983548093E+08  2.2285249199E+10
    54300 -7.4983479825E+08  2.2278976982E+10
    54400 -7.5167418794E+08  2.2266081336E+10
    54500 -7.5197281453E+08  2.2284863824E+10
    54600 -7.4970647417E+08  2.2283654766E+10
    54700 -7.4920131675E+08  2.2281776806E+10
    54800 -7.4800406168E+08  2.2264807114E+10
    54900 -7.4760026460E+08  2.2261623104E+10
    55000 -7.4790347539E+08  2.2245398406E+10
    55100 -7.4889184444E+08  2.2255545089E+10
    55200 -7.5150902798E+08  2.2272923760E+10
    55300 -7.4973059562E+08  2.2288856583E+10
    55400 -7.5016004964E+08  2.2258848272E+10
    55500 -7.4857153215E+08  2.2273163995E+10
    55600 -7.4937187483E+08  2.2268577744E+10
    55700 -7.4769644547E+08  2.2245842702E+10
    55800 -7.4890828451E+08  2.2273960360E+10
    55900 -7.5094084840E+08  2.2293553577E+10
    56000 -7.5253016209E+08  2.2309832162E+10
    56100 -7.5185554592E+08  2.2309279609E+10
    56200 -7.5071520436E+08  2.2281368170E+10
    56300 -7.4743915901E+08  2.2228346986E+10
    56400 -7.4700356776E+08  2.2231924674E+10
    56500 -7.4669409574E+08  2.2244813848E+10
    56600 -7.4827541721E+08  2.2265328930E+10
    56700 -7.5058114753E+08  2.2278239266E+10
    56800 -7.4902495000E+08  2.2260471963E+10
    56900 -7.4904563536E+08  2.2247330342E+10
    57000 -7.4686088013E+08  2.2252518883E+10
    57100 -7.4832888935E+08  2.2270074319E+10
    57200 -7.4843218625E+08  2.2241632670E+10
    57300 -7.4613398852E+08  2.2229089641E+10
    57400 -7.4738890961E+08  2.2245616496E+10
    57500 -7.4785724416E+08  2.2257760862E+10
    57600 -7.4835389131E+08  2.2266410829E+10
    57700 -7.4950250699E+08  2.2263687868E+10
    57800 -7.4786338547E+08  2.2257444661E+10
    57900 -7.4728254321E+08  2.2242112917E+10
    58000 -7.4593285754E+08  2.2236407013E+10
    58100 -7.4314714876E+08  2.2230342889E+10
    58200 -7.4384121285E+08  2.2246050522E+10
    58300 -7.4402176370E+08  2.2260170107E+10
    58400 -7.4643296621E+08  2.2276950467E+10
    58500 -7.4634219148E+08  2.2287185716E+10
    58600 -7.4707276414E+08  2.2282890697E+10
    58700 -7.4864451886E+08  2.2266546273E+10
    58800 -7.4731822913E+08  2.2287640443E+10
    58900 -7.4749619861E+08  2.2251800472E+10
    59000 -7.4793354931E+08  2.2234685475E+10
    59100 -7.4693101507E+08  2.2255656631E+10
    59200 -7.4767058972E+08  2.2235773619E+10
    59300 -7.4684845716E+08  2.2234798759E+10
    59400 -7.4485658350E+08  2.2245802101E+10
    59500 -7.4668449974E+08  2.2241474615E+10
    59600 -7.5036576971E+08  2.2228875393E+10
    59700 -7.4873640862E+08  2.2218176218E+10
    59800 -7.4870718421E+08  2.2223611972E+10
    59900 -7.4731167857E+08  2.2226848234E+10
    60000 -7.4714691496E+08  2.2234403976E+10
    60100 -7.5051349161E+08  2.2230760001E+10
    60200 -7.4940342511E+08  2.2252958837E+10
    60300 -7.4980655054E+08  2.2304127760E+10
    60400 -7.5074460060E+08  2.2319246708E+10
    60500 -7.5263602083E+08  2.2316627245E+10
    60600 -7.5491542772E+08  2.2290157704E+10
    60700 -7.5080520485E+08  2.2259427735E+10
    60800 -7.5047524518E+08  2.2266204221E+10
    60900 -7.4758153112E+08  2.2271831611E+10
    61000 -7.4828820354E+08  2.2287483631E+10
    61100 -7.4897332185E+08  2.2292579692E+10
    61200 -7.4981455034E+08  2.2277833726E+10
    61300 -7.5087064832E+08  2.2288598125E+10
    61400 -7.5013547684E+08  2.2277540109E+10
    61500 -7.5157168589E+08  2.2262697315E+10
    61600 -7.5031059796E+08  2.2270373311E+10
    61700 -7.4859855903E+08  2.2256700674E+10
    61800 -7.5107775506E+08  2.2259990641E+10
    61900 -7.5119061084E+08  2.2260282986E+10
    62000 -7.4939332554E+08  2.2258440317E+10
    62100 -7.5021086127E+08  2.2279975828E+10
    62200 -7.4903294227E+08  2.2304585156E+10
    62300 -7.4815308320E+08  2.2290642257E+10
    62400 -7.4748574286E+08  2.2284252487E+10
    62500 -7.5006020972E+08  2.2302474005E+10
    62600 -7.4901028093E+08  2.2295632925E+10
    62700 -7.4938580914E+08  2.2279522605E+10
    62800 -7.4916912950E+08  2.2281260086E+10
    62900 -7.5221258007E+08  2.2288365708E+10
    63000 -7.4936297621E+08  2.2270925589E+10
    63100 -7.5253818221E+08  2.2262934123E+10
    63200 -7.5195748337E+08  2.2278703039E+10
    63300 -7.5118109457E+08  2.2280867358E+10
    63400 -7.4858930428E+08  2.2258112115E+10
    63500 -7.4710821764E+08  2.2291366771E+10
    63600 -7.4678571767E+08  2.2287816113E+10
    63700 -7.4867785766E+08  2.2288401801E+10
    63800 -7.5032750091E+08  2.2271715209E+10
    63900 -7.4772393401E+08  2.2275319472E+10
    64000 -7.4807410468E+08  2.2267625156E+10
    64100 -7.4986448331E+08  2.2266854960E+10
    64200 -7.5046185742E+08  2.2250865525E+10
    64300 -7.4877822843E+08  2.2236575098E+10
    64400 -7.5054005771E+08  2.2244386306E+10
    64500 -7.4796995848E+08  2.2242056210E+10
    64600 -7.4901514588E+08  2.2260656250E+10
    64700 -7.5072021207E+08  2.2265617289E+10
    64800 -7.5013917530E+08  2.2266726702E+10
    64900 -7.4994501566E+08  2.2237974544E+10
    65000 -7.4825258903E+08  2.2245309655E+10
    65100 -7.4619888390E+08  2.2262560002E+10
    65200 -7.4804931435E+08  2.2282008646E+10
    65300 -7.4808430646E+08  2.2262619368E+10
    65400 -7.4939231617E+08  2.2288885288E+10
    65500 -7.4860499725E+08  2.2291057980E+10
    65600 -7.4989809140E+08  2.2273905046E+10
    65700 -7.4951935964E+08  2.2265130622E+10
    65800 -7.5163598592E+08  2.2259081812E+10
    65900 -7.4934857654E+08  2.2245598703E+10
    66000 -7.5044399339E+08  2.2239997244E+10
    66100 -7.5082025478E+08  2.2249308201E+10
    66200 -7.5238883574E+08  2.2250618896E+10
    66300 -7.5243137061E+08  2.2258397605E+10
    66400 -7.5114286421E+08  2.2244137299E+10
    66500 -7.4968820278E+08  2.2205697055E+10
    66600 -7.5004307696E+08  2.2197608593E+10
    66700 -7.4935696563E+08  2.2196455969E+10
    66800 -7.4804684210E+08  2.2207143087E+10
    66900 -7.4735498807E+08  2.2246527373E+10
    67000 -7.4831047805E+08  2.2255558841E+10
    67100 -7.4896475322E+08  2.2245145535E+10
    67200 -7.4816445140E+08  2.2241602987E+10
    67300 -7.4959088239E+08  2.2229261595E+10
    67400 -7.5076804975E+08  2.2226627391E+10
    67500 -7.4927143361E+08  2.2224569634E+10
    67600 -7.4976497405E+08  2.2253255164E+10
    67700 -7.4857029598E+08  2.2265867074E+10
    67800 -7.4640030838E+08  2.2258302207E+10
    67900 -7.4877963168E+08  2.2252166367E+10
    68000 -7.4907299532E+08  2.2263272361E+10
    68100 -7.5220498790E+08  2.2272254287E+10
    68200 -7.5032542641E+08  2.2263124886E+10
    68300 -7.5136293100E+08  2.2276900719E+10
    68400 -7.5143644683E+08  2.2277208865E+10
    68500 -7.5013197024E+08  2.2260102709E+10
    68600 -7.4658048488E+08  2.2266943355E+10
    68700 -7.4544404122E+08  2.2257110561E+10
    68800 -7.4476316417E+08  2.2248427319E+10
    68900 -7.4522060329E+08  2.2248575804E+10
    69000 -7.4749511092E+08  2.2274621496E+10
    69100 -7.5078242733E+08  2.2285158337E+10
    69200 -7.4914417222E+08  2.2281642762E+10
    69300 -7.5066900111E+08  2.2274335323E+10
    69400 -7.5132763205E+08  2.2287340604E+10
    69500 -7.5072427753E+08  2.2284663889E+10
    69600 -7.5039797625E+08  2.2278888612E+10
    69700 -7.5101413603E+08  2.2274624589E+10
    69800 -7.4746778397E+08  2.2271848299E+10
    69900 -7.4719909242E+08  2.2266997204E+10
    70000 -7.4590892938E+08  2.2273485526E+10
    70100 -7.4914533641E+08  2.2280699051E+10
    70200 -7.4918780378E+08  2.2296399579E+10
    70300 -7.4862705866E+08  2.2276024550E+10
    70400 -7.4824917622E+08  2.2259250166E+10
    70500 -7.4440284287E+08  2.2252094314E+10
    70600 -7.4597601795E+08  2.2241382532E+10
    70700 -7.4667527019E+08  2.2236553087E+10
    70800 -7.4717780799E+08  2.2249581859E+10
    70900 -7.4967812067E+08  2.2256876989E+10
    71000 -7.4924659619E+08  2.2256557278E+10
    71100 -7.5019870065E+08  2.2260100978E+10
    71200 -7.5211035847E+08  2.2287031724E+10
    71300 -7.5168417400E+08  2.2291657422E+10
    71400 -7.5185910230E+08  2.2291190900E+10
    71500 -7.5364102866E+08  2.2264438892E+10
    71600 -7.5386155140E+08  2.2277738072E+10
    71700 -7.5134242169E+08  2.2282565088E+10
    71800 -7.5102045120E+08  2.2268545517E+10
    71900 -7.5014020690E+08  2.2265612546E+10
    72000 -7.4900025447E+08  2.2242021429E+10
    72100 -7.4856008223E+08  2.2255018019E+10
    72200 -7.4933163007E+08  2.2259426565E+10
    72300 -7.5044744348E+08  2.2283352496E+10
    72400 -7.4920998981E+08  2.2267556647E+10
    72500 -7.5122111857E+08  2.2267291459E+10
    72600 -7.5096612751E+08  2.2269742952E+10
    72700 -7.5135579780E+08  2.2275350277E+10
    72800 -7.5265112927E+08  2.2250026401E+10
    72900 -7.5143534469E+08  2.2244877697E+10
    73000 -7.5003066938E+08  2.2260821323E+10
    73100 -7.5089453548E+08  2.2255194377E+10
    73200 -7.5108865098E+08  2.2234854891E+10
    73300 -7.4916889590E+08  2.2237220068E+10
    73400 -7.5235025859E+08  2.2230745349E+10
    73500 -7.5220192097E+08  2.2247851756E+10
    73600 -7.5010452411E+08  2.2254918967E+10
    73700 -7.4819176693E+08  2.2244804893E+10
    73800 -7.4844754349E+08  2.2260446039E+10
    73900 -7.4912187713E+08  2.2261153395E+10
    74000 -7.5104589162E+08  2.2263695706E+10
    74100 -7.5023583402E+08  2.2276185686E+10
    74200 -7.4954358271E+08  2.2256265480E+10
    74300 -7.5068980062E+08  2.2246828101E+10
    74400 -7.4669432230E+08  2.2265331896E+10
    74500 -7.4574002062E+08  2.2263659030E+10
    74600 -7.4730632113E+08  2.2279918247E+10
    74700 -7.4793596916E+08  2.2293177618E+10
    74800 -7.4561449034E+08  2.2258634714E+10
    74900 -7.4383468551E+08  2.2240915071E+10
    75000 -7.4450115612E+08  2.2248478221E+10
    75100 -7.4807700777E+08  2.2274968550E+10
    75200 -7.5066131069E+08  2.2257070136E+10
    75300 -7.5007096795E+08  2.2262538840E+10
    75400 -7.4799387934E+08  2.2278441257E+10
    75500 -7.4753944710E+08  2.2261133335E+10
    75600 -7.4478070793E+08  2.2254652970E+10
    75700 -7.4530648922E+08  2.2261436993E+10
    75800 -7.4500380878E+08  2.2272459662E+10
    75900 -7.4675139417E+08  2.2262373031E+10
    76000 -7.4889461236E+08  2.2283492570E+10
    76100 -7.5181953274E+08  2.2284554033E+10
    76200 -7.4636543487E+08  2.2266123030E+10
    76300 -7.4676261539E+08  2.2265783179E+10
    76400 -7.4789280039E+08  2.2279721049E+10
    76500 -7.4703446014E+08  2.2274003424E+10
    76600 -7.4750449075E+08  2.2277802206E+10
    76700 -7.4847171957E+08  2.2285353395E+10
    76800 -7.5045060162E+08  2.2284166814E+10
    76900 -7.4865905182E+08  2.2295113347E+10
    77000 -7.4723652831E+08  2.2245430676E+10
    77100 -7.4714007662E+08  2.2246214482E+10
    77200 -7.4630393766E+08  2.2288093737E+10
    77300 -7.4942341392E+08  2.2299676812E+10
    77400 -7.5008812525E+08  2.2284455169E+10
    77500 -7.4906838425E+08  2.2279702221E+10
    77600 -7.4990069809E+08  2.2285641310E+10
    77700 -7.5058746632E+08  2.2301689860E+10
    77800 -7.5029040286E+08  2.2296409065E+10
    77900 -7.5139162912E+08  2.2275693156E+10
    78000 -7.5272626262E+08  2.2282752606E+10
    78100 -7.4970698444E+08  2.2273751868E+10
    78200 -7.5062142506E+08  2.2264579466E+10
    78300 -7.5016296454E+08  2.2275530593E+10
    78400 -7.5034795752E+08  2.2293710525E+10
    78500 -7.5000452024E+08  2.2281203820E+10
    78600 -7.4966430637E+08  2.2265355522E+10
    78700 -7.4797340665E+08  2.2252408625E+10
    78800 -7.4758788764E+08  2.2245061347E+10
    78900 -7.4797922861E+08  2.2234312686E+10
    79000 -7.4963106003E+08  2.2265425680E+10
    79100 -7.4907473943E+08  2.2258628925E+10
    79200 -7.4950468250E+08  2.2247776764E+10
    79300 -7.4717834416E+08  2.2239731353E+10
    79400 -7.4574515721E+08  2.2236917093E+10
    79500 -7.4601357367E+08  2.2254208045E+10
    79600 -7.4690689142E+08  2.2270246443E+10
    79700 -7.4621424182E+08  2.2283861482E+10
    79800 -7.4856896553E+08  2.2269453691E+10
    79900 -7.4880192121E+08  2.2253974137E+10
    80000 -7.4885975371E+08  2.2253724251E+10
    80100 -7.4865683365E+08  2.2270672160E+10
    80200 -7.4660983210E+08  2.2264354794E+10
    80300 -7.4699617267E+08  2.2265492500E+10
    80400 -7.4655922689E+08  2.2295642343E+10
    80500 -7.4713415435E+08  2.2314515510E+10
    80600 -7.4953329795E+08  2.2298701865E+10
    80700 -7.5145234733E+08  2.2310591518E+10
    80800 -7.5206045237E+08  2.2327270553E+10
    80900 -7.5086036379E+08  2.2311473471E+10
    81000 -7.5174438688E+08  2.2293070539E+10
    81100 -7.4877215700E+08  2.2280157614E+10
    81200 -7.4783314318E+08  2.2280718782E+10
    81300 -7.4896817210E+08  2.2305212468E+10
    81400 -7.4750762790E+08  2.2291247270E+10
    81500 -7.4790958343E+08  2.2272603970E+10
    81600 -7.4839093302E+08  2.2247662698E+10
    81700 -7.4510863283E+08  2.2254560042E+10
    81800 -7.4541112315E+08  2.2275307260E+10
    81900 -7.4655606460E+08  2.2283827273E+10
    82000 -7.4836689553E+08  2.2288311475E+10
    82100 -7.5011666811E+08  2.2287513616E+10
    82200 -7.4953991950E+08  2.2298167211E+10
    82300 -7.4908142705E+08  2.2294008414E+10
    82400 -7.5040245142E+08  2.2282378066E+10
    82500 -7.4785268018E+08  2.2263031887E+10
    82600 -7.4774768797E+08  2.2262763355E+10
    82700 -7.4807744771E+08  2.2281610415E+10
    82800 -7.4900417334E+08  2.2284846219E+10
    82900 -7.5068140293E+08  2.2296979300E+10
    83000 -7.4550450587E+08  2.2277289949E+10
    83100 -7.4654056297E+08  2.2271355412E+10
    83200 -7.4849048971E+08  2.2260940106E+10
    83300 -7.4823689153E+08  2.2267003444E+10
    83400 -7.4878465693E+08  2.2265924238E+10
    83500 -7.5115086576E+08  2.2258420508E+10
    83600 -7.4996980296E+08  2.2275846498E+10
    83700 -7.4975206077E+08  2.2260943336E+10
    83800 -7.5107528596E+08  2.2263329283E+10
    83900 -7.5084288283E+08  2.2290013870E+10
    84000 -7.4899431868E+08  2.2305881180E+10
    84100 -7.5000366044E+08  2.2284531565E+10
    84200 -7.4764313110E+08  2.2284451011E+10
    84300 -7.4913897722E+08  2.2278866315E+10
    84400 -7.4858916554E+08  2.2277060026E+10
    84500 -7.4702081629E+08  2.2268552206E+10
    84600 -7.4827981822E+08  2.2274196680E+10
    84700 -7.4915867018E+08  2.2263276913E+10
    84800 -7.4901914255E+08  2.2268752404E+10
    84900 -7.4757918374E+08  2.2250173409E+10
    85000 -7.4720494074E+08  2.2266068742E+10
    85100 -7.4774788975E+08  2.2285049217E+10
    85200 -7.5068356223E+08  2.2282853156E+10
    85300 -7.5053150353E+08  2.2257712035E+10
    85400 -7.5124527387E+08  2.2250703157E+10
    85500 -7.5161907532E+08  2.2256311187E+10
    85600 -7.5162150656E+08  2.2262935020E+10
    85700 -7.4893100558E+08  2.2268270983E+10
    85800 -7.4929844226E+08  2.2280790163E+10
    85900 -7.4661926902E+08  2.2282933628E+10
    86000 -7.4729928826E+08  2.2271477086E+10
    86100 -7.4749679191E+08  2.2269777123E+10
    86200 -7.4933654971E+08  2.2254092398E+10
    86300 -7.5001741224E+08  2.2252854354E+10
    86400 -7.4794901914E+08  2.2250029148E+10
    86500 -7.4724616657E+08  2.2262885829E+10
    86600 -7.4752222599E+08  2.2264805108E+10
    86700 -7.4692853822E+08  2.2265376643E+10
    86800 -7.4473866108E+08  2.2240634017E+10
    86900 -7.4760726836E+08  2.2256648794E+10
    87000 -7.4628641012E+08  2.2244691709E+10
    87100 -7.4772972554E+08  2.2244887446E+10
    87200 -7.4643105020E+08  2.2243350250E+10
    87300 -7.4539745032E+08  2.2253135833E+10
    87400 -7.4674992275E+08  2.2259554224E+10
    87500 -7.4844749149E+08  2.2265254345E+10
    87600 -7.4941471098E+08  2.2248753775E+10
    87700 -7.4645389727E+08  2.2255668867E+10
    87800 -7.4738317044E+08  2.2248723421E+10
    87900 -7.4542433596E+08  2.2252240503E+10
    88000 -7.4693383421E+08  2.2286117226E+10
    88100 -7.4713981816E+08  2.2290280984E+10
    88200 -7.4662393860E+08  2.2277297851E+10
    88300 -7.4932309934E+08  2.2307873086E+10
    88400 -7.4895989216E+08  2.2292350254E+10
    88500 -7.4954009322E+08  2.2270710300E+10
    88600 -7.5056977665E+08  2.2280665510E+10
    88700 -7.4912452338E+08  2.2272024435E+10
    88800 -7.4513006816E+08  2.2252812839E+10
    88900 -7.4484942162E+08  2.2270355088E+10
    89000 -7.4639108843E+08  2.2272355332E+10
    89100 -7.4527713065E+08  2.2249034076E+10
    89200 -7.4484795413E+08  2.2228053211E+10
    89300 -7.4692715248E+08  2.2243349314E+10
    89400 -7.4731241118E+08  2.2251607961E+10
    89500 -7.4737705558E+08  2.2274069206E+10
    89600 -7.4576407465E+08  2.2258532812E+10
    89700 -7.4905772786E+08  2.2237847161E+10
    89800 -7.4753608271E+08  2.2259199583E+10
    89900 -7.4678698525E+08  2.2247686897E+10
    90000 -7.4582471284E+08  2.2224208641E+10
    90100 -7.4644385130E+08  2.2224692293E+10
    90200 -7.4626030347E+08  2.2228202100E+10
    90300 -7.4441078586E+08  2.2227438488E+10
    90400 -7.4614914488E+08  2.2216002448E+10
    90500 -7.4565894219E+08  2.2198806506E+10
    90600 -7.4628550414E+08  2.2241920646E+10
    90700 -7.4905257078E+08  2.2283228581E+10
    90800 -7.5046373145E+08  2.2257687849E+10
    90900 -7.4881574545E+08  2.2253609798E+10
    91000 -7.4755839740E+08  2.2248927888E+10
    91100 -7.4794948138E+08  2.2270047134E+10
    91200 -7.4742235276E+08  2.2275374263E+10
    91300 -7.4886064058E+08  2.2278126737E+10
    91400 -7.4982904496E+08  2.2287586013E+10
    91500 -7.4783562182E+08  2.2284478989E+10
    91600 -7.4795510854E+08  2.2267972704E+10
    91700 -7.4668788979E+08  2.2238243753E+10
    91800 -7.4700884662E+08  2.2234882010E+10
    91900 -7.4640151377E+08  2.2236529954E+10
    92000 -7.4633203581E+08  2.2252091497E+10
    92100 -7.5004797093E+08  2.2249883926E+10
    92200 -7.4738031154E+08  2.2248089301E+10
    92300 -7.4764838845E+08  2.2236471393E+10
    92400 -7.4810204285E+08  2.2270596982E+10
    92500 -7.4914459607E+08  2.2252467608E+10
    92600 -7.4875589929E+08  2.2273312618E+10
    92700 -7.5092551077E+08  2.2279008777E+10
    92800 -7.4895111721E+08  2.2262638165E+10
    92900 -7.4825078096E+08  2.2270368757E+10
    93000 -7.5030373642E+08  2.2284053829E+10
    93100 -7.5219996879E+08  2.2302334013E+10
    93200 -7.5109965968E+08  2.2285530728E+10
    93300 -7.5081001878E+08  2.2284369079E+10
    93400 -7.5080685450E+08  2.2273768226E+10
    93500 -7.4878388683E+08  2.2252502882E+10
    93600 -7.4906562990E+08  2.2245387048E+10
    93700 -7.5172590699E+08  2.2251719061E+10
    93800 -7.5279766644E+08  2.2243508504E+10
    93900 -7.5181262464E+08  2.2259438252E+10
    94000 -7.5046034838E+08  2.2232111236E+10
    94100 -7.4885257801E+08  2.2230486995E+10
    94200 -7.4862161947E+08  2.2270339679E+10
    94300 -7.4912948660E+08  2.2287392325E+10
    94400 -7.5132078076E+08  2.2295712915E+10
    94500 -7.5205769557E+08  2.2285742800E+10
    94600 -7.5149325236E+08  2.2288539906E+10
    94700 -7.5219427416E+08  2.2266774527E+10
    94800 -7.5047310382E+08  2.2258717427E+10
    94900 -7.5393699280E+08  2.2251193533E+10
    95000 -7.5181348018E+08  2.2235638190E+10
    95100 -7.5141106576E+08  2.2218521365E+10
    95200 -7.5198407753E+08  2.2239717002E+10
    95300 -7.5046723900E+08  2.2237026772E+10
    95400 -7.5121728060E+08  2.2236314792E+10
    95500 -7.5063731208E+08  2.2249933046E+10
    95600 -7.5052547336E+08  2.2270000613E+10
    95700 -7.5115826764E+08  2.2276345148E+10
    95800 -7.4922073268E+08  2.2278772448E+10
    95900 -7.4893857138E+08  2.2317746685E+10
    96000 -7.4880690466E+08  2.2338935069E+10
    96100 -7.5177062101E+08  2.2319925617E+10
    96200 -7.5082848506E+08  2.2286194004E+10
    96300 -7.4998869615E+08  2.2275851966E+10
    96400 -7.4961161614E+08  2.2270620406E+10
    96500 -7.5001329316E+08  2.2252340522E+10
    96600 -7.4780510530E+08  2.2269063130E+10
    96700 -7.4812829580E+08  2.2290176752E+10
    96800 -7.4701928691E+08  2.2279381960E+10
    96900 -7.4704750159E+08  2.2247328446E+10
    97000 -7.4773490479E+08  2.2229446487E+10
    97100 -7.4737410943E+08  2.2231293774E+10
    97200 -7.4679821999E+08  2.2242176227E+10
    97300 -7.4623166033E+08  2.2250034895E+10
    97400 -7.4640339243E+08  2.2261875675E+10
    97500 -7.4601997595E+08  2.2252925457E+10
    97600 -7.4757174625E+08  2.2247879700E+10
    97700 -7.4509587960E+08  2.2273423871E+10
    97800 -7.4814095211E+08  2.2279396545E+10
    97900 -7.4683283740E+08  2.2268091646E+10
    98000 -7.5019643830E+08  2.2249686832E+10
    98100 -7.4980223693E+08  2.2266292208E+10
    98200 -7.5049024810E+08  2.2258042336E+10
    98300 -7.4794009754E+08  2.2229513914E+10
    98400 -7.4816975706E+08  2.2231286474E+10
    98500 -7.4939773707E+08  2.2243547536E+10
    98600 -7.4912172706E+08  2.2241600128E+10
    98700 -7.4758972533E+08  2.2252281964E+10
    98800 -7.4548437225E+08  2.2244827284E+10
    98900 -7.4649111038E+08  2.2244324609E+10
    99000 -7.4619533238E+08  2.2247113101E+10
    99100 -7.4877196371E+08  2.2241309591E+10
    99200 -7.4769466632E+08  2.2216190076E+10
    99300 -7.5059941617E+08  2.2242649775E+10
    99400 -7.4702510800E+08  2.2247566290E+10
    99500 -7.4626925868E+08  2.2254514680E+10
    99600 -7.4649320455E+08  2.2237659298E+10
    99700 -7.4455066910E+08  2.2243536257E+10
    99800 -7.4496098799E+08  2.2257847245E+10
    99900 -7.4902540831E+08  2.2278273664E+10
   100000 -7.5019675762E+08  2.2296035132E+10
   100100 -7.5177409736E+08  2.2301110206E+10
   100200 -7.5124398222E+08  2.2300014596E+10
   100300 -7.5182119291E+08  2.2280154406E+10
   100400 -7.5085530332E+08  2.2274156610E+10
   100500 -7.5012801354E+08  2.2255172831E+10
   100600 -7.4983449808E+08  2.2268367445E+10
   100700 -7.5220894206E+08  2.2276107394E+10
   100800 -7.4779940965E+08  2.2306726951E+10
   100900 -7.4725350417E+08  2.2297834653E+10
   101000 -7.4827134509E+08  2.2285185175E+10
   101100 -7.4892899380E+08  2.2302327510E+10
   101200 -7.4896079658E+08  2.2304149959E+10
   101300 -7.4881162950E+08  2.2299395472E+10
   101400 -7.4379808469E+08  2.2311151374E+10
   101500 -7.4540548042E+08  2.2289313538E+10
   101600 -7.4750649767E+08  2.2291215806E+10
   101700 -7.5006970771E+08  2.2283380859E+10
   101800 -7.5121434868E+08  2.2284682351E+10
   101900 -7.4792212046E+08  2.2270680819E+10
   102000 -7.4644641274E+08  2.2274914038E+10
   102100 -7.4891930024E+08  2.2243424640E+10
   102200 -7.5060310717E+08  2.2278945164E+10
   102300 -7.5129822037E+08  2.2296695002E+10
   102400 -7.5137173890E+08  2.2280638270E+10
   102500 -7.5073946916E+08  2.2270268277E+10
   102600 -7.4887827427E+08  2.2283194159E+10
   102700 -7.4965967199E+08  2.2293040032E+10
   102800 -7.4724867496E+08  2.2284731741E+10
   102900 -7.4704786783E+08  2.2258034241E+10
   103000 -7.4983191722E+08  2.2275567063E+10
   103100 -7.5209921786E+08  2.2251191648E+10
   103200 -7.5004797294E+08  2.2255466958E+10
   103300 -7.5038373242E+08  2.2264066683E+10
   103400 -7.4850061118E+08  2.2281326379E+10
   103500 -7.5014955070E+08  2.2282912735E+10
   103600 -7.5069803471E+08  2.2272379649E+10
   103700 -7.4805042608E+08  2.2257168041E+10
   103800 -7.4942861637E+08  2.2258368762E+10
   103900 -7.4783339307E+08  2.2253077229E+10
   104000 -7.4945734079E+08  2.2255655384E+10
   104100 -7.4633637581E+08  2.2253072275E+10
   104200 -7.4576222189E+08  2.2255513700E+10
   104300 -7.4671291039E+08  2.2274000294E+10
   104400 -7.4749785201E+08  2.2269832376E+10
   104500 -7.4843472316E+08  2.2274941145E+10
   104600 -7.4818195754E+08  2.2289764490E+10
   104700 -7.5064386263E+08  2.2301441111E+10
   104800 -7.5021447441E+08  2.2293359356E+10
   104900 -7.4971248765E+08  2.2264755140E+10
   105000 -7.5013212411E+08  2.2255048166E+10
   105100 -7.4685174942E+08  2.2261892692E+10
   105200 -7.4953036610E+08  2.2262921538E+10
   105300 -7.5174902091E+08  2.2255896539E+10
   105400 -7.5038577621E+08  2.2247458775E+10
   105500 -7.4926861204E+08  2.2250492609E+10
   105600 -7.4831559462E+08  2.2227337676E+10
   105700 -7.4807981210E+08  2.2235388965E+10
   105800 -7.4895041412E+08  2.2232316829E+10
   105900 -7.4940452400E+08  2.2246045971E+10
   106000 -7.4762661936E+08  2.2260214766E+10
   106100 -7.4759942616E+08  2.2273973334E+10
   106200 -7.4880237996E+08  2.2282162887E+10
   106300 -7.4966736990E+08  2.2255537987E+10
   106400 -7.4807938209E+08  2.2256763485E+10
   106500 -7.4753313374E+08  2.2266479252E+10
   106600 -7.4569154505E+08  2.2260884372E+10
   106700 -7.4713851584E+08  2.2280873424E+10
   106800 -7.4734409396E+08  2.2302220493E+10
   106900 -7.4983634600E+08  2.2297412767E+10
   107000 -7.5030426124E+08  2.2288749738E+10
   107100 -7.5020186326E+08  2.2272974291E+10
   107200 -7.4864849669E+08  2.2280688060E+10
   107300 -7.5195770315E+08  2.2278789614E+10
   107400 -7.5110941067E+08  2.2289725096E+10
   107500 -7.5095902965E+08  2.2285795140E+10
   107600 -7.4903638079E+08  2.2288203881E+10
   107700 -7.4935907179E+08  2.2297103527E+10
   107800 -7.4660200622E+08  2.2271804052E+10
   107900 -7.4836788417E+08  2.2258237199E+10
   108000 -7.4794250444E+08  2.2255099705E+10
   108100 -7.4688803682E+08  2.2249570386E+10
   108200 -7.4890965389E+08  2.2275292020E+10
   108300 -7.5107732496E+08  2.2304783433E+10
   108400 -7.4878919603E+08  2.2313755651E+10
   108500 -7.4866326202E+08  2.2303036898E+10
   108600 -7.5140445558E+08  2.2308579205E+10
   108700 -7.5100569349E+08  2.2311730282E+10
   108800 -7.4919562638E+08  2.2286037577E+10
   108900 -7.4992324722E+08  2.2296571817E+10
   109000 -7.4862999489E+08  2.2295760811E+10
   109100 -7.4919313874E+08  2.2289772859E+10
   109200 -7.4970044050E+08  2.2284411257E+10
   109300 -7.4870507112E+08  2.2284110032E+10
   109400 -7.4874612952E+08  2.2266809341E+10
   109500 -7.4686713497E+08  2.2268776970E+10
   109600 -7.4831047094E+08  2.2257177044E+10
   109700 -7.4919953987E+08  2.2268472412E+10
   109800 -7.5084370699E+08  2.2272410462E+10
   109900 -7.4887070206E+08  2.2256706158E+10
   110000 -7.4744445828E+08  2.2275207721E+10
   110100 -7.4908599304E+08  2.2274733034E+10
   110200 -7.4817945014E+08  2.2266730517E+10
   110300 -7.4953486470E+08  2.2246717541E+10
   110400 -7.4768699992E+08  2.2250382625E+10
   110500 -7.4732101230E+08  2.2266385927E+10
   110600 -7.4819072252E+08  2.2275744333E+10
   110700 -7.4866204573E+08  2.2258281532E+10
   110800 -7.4887844170E+08  2.2270087353E+10
   110900 -7.4826993132E+08  2.2268368952E+10
   111000 -7.4702827900E+08  2.2282471410E+10
   111100 -7.5053650596E+08  2.2278604174E+10
   111200 -7.5096668141E+08  2.2281509167E+10
   111300 -7.5263284666E+08  2.2249778306E+10
   111400 -7.5387138564E+08  2.2259944505E+10
   111500 -7.5054616585E+08  2.2269707000E+10
   111600 -7.5029790135E+08  2.2278853805E+10
   111700 -7.5081484808E+08  2.2293540233E+10
   111800 -7.4806048065E+08  2.2270575234E+10
   111900 -7.4774891887E+08  2.2271133605E+10
   112000 -7.4939882803E+08  2.2275655389E+10
   112100 -7.5000868624E+08  2.2271470727E+10
   112200 -7.4824465749E+08  2.2252352069E+10
   112300 -7.4811285725E+08  2.2255972644E+10
   112400 -7.4913321818E+08  2.2266158268E+10
   112500 -7.4786007715E+08  2.2283990041E+10
   112600 -7.4819676781E+08  2.2284887469E+10
   112700 -7.4552998629E+08  2.2283972842E+10
   112800 -7.4793613834E+08  2.2265439400E+10
   112900 -7.4998587052E+08  2.2290017173E+10
   113000 -7.5008545381E+08  2.2282506202E+10
   113100 -7.5020149525E+08  2.2277938201E+10
   113200 -7.5153801773E+08  2.2255445515E+10
