 ######
     5100 -2.9195336231E+08  1.6797118619E+10
     5200 -2.9258733668E+08  3.2858158328E+08
     5300 -2.9243865018E+08  3.2900021235E+08
     5400 -2.8932793167E+08  3.2929870390E+08
     5500 -2.9301161793E+08  3.2980936529E+08
     5600 -2.9351504944E+08  3.2956107533E+08
     5700 -2.9116067798E+08  3.2950622040E+08
     5800 -2.9244267015E+08  3.2954291539E+08
     5900 -3.3180155280E+08  4.9517720862E+08
     6000 -3.8265837253E+08  4.9558668449E+08
     6100 -4.0373885526E+08  4.9541091100E+08
     6200 -4.1862175449E+08  4.9507265910E+08
     6300 -4.2656342385E+08  4.9540010108E+08
     6400 -4.3639191392E+08  4.9548218598E+08
     6500 -4.3777257065E+08  4.9438957259E+08
     6600 -4.3783883095E+08  4.9422521573E+08
     6700 -4.4061128598E+08  4.9434736055E+08
     6800 -4.3731490345E+08  4.9463158586E+08
     6900 -4.3837687406E+08  4.9469126170E+08
     7000 -4.4100123732E+08  4.9439825329E+08
     7100 -4.3851723616E+08  4.9447801009E+08
     7200 -4.4055158895E+08  4.9420296586E+08
     7300 -4.3927270024E+08  4.9304288436E+08
     7400 -4.3774922833E+08  4.9329614353E+08
     7500 -4.3836696410E+08  4.9400600709E+08
     7600 -4.3867655243E+08  4.9322231418E+08
     7700 -4.3755983747E+08  4.9381820584E+08
     7800 -4.4165028812E+08  4.9421980369E+08
     7900 -4.3987449386E+08  4.9387095474E+08
     8000 -4.3935758074E+08  4.9389903819E+08
     8100 -4.4352168243E+08  4.9427261262E+08
     8200 -4.4264402763E+08  4.9491333686E+08
     8300 -4.4214508817E+08  4.9475479128E+08
     8400 -4.4154442866E+08  4.9502221932E+08
     8500 -4.4631506109E+08  4.9502353718E+08
     8600 -4.4293169822E+08  4.9462504983E+08
     8700 -4.3932291771E+08  4.9433320299E+08
     8800 -4.4383322802E+08  4.9426876239E+08
     8900 -5.0265139921E+08  7.4204711711E+08
     9000 -5.7490747488E+08  7.4228643715E+08
     9100 -6.1050742474E+08  7.4127152175E+08
     9200 -6.3356352842E+08  7.4051908621E+08
     9300 -6.4459632343E+08  7.4048729920E+08
     9400 -6.5569433714E+08  7.4052874372E+08
     9500 -6.5581173729E+08  7.4107456315E+08
     9600 -6.6208616506E+08  7.4101061193E+08
     9700 -6.6458769326E+08  7.4040994789E+08
     9800 -6.6992138586E+08  7.4031694258E+08
     9900 -6.7015013094E+08  7.3985683395E+08
    10000 -6.7494293778E+08  7.3984802667E+08
    10100 -6.6819429561E+08  7.4056828752E+08
    10200 -6.7393508536E+08  7.4158977549E+08
    10300 -6.6784376204E+08  7.4081379073E+08
    10400 -6.7522445192E+08  7.3973117540E+08
    10500 -6.6883219590E+08  7.3964389350E+08
    10600 -6.7046074683E+08  7.3958651072E+08
    10700 -6.7427848302E+08  7.4108575043E+08
    10800 -6.6991090286E+08  7.4180177264E+08
    10900 -6.6987624337E+08  7.4141237968E+08
    11000 -6.7334730807E+08  7.4061093610E+08
    11100 -6.7005262407E+08  7.3933219873E+08
    11200 -6.6683313476E+08  7.3935454235E+08
    11300 -6.6632751883E+08  7.4030299057E+08
    11400 -6.6814085798E+08  7.4251071875E+08
    11500 -6.6938777274E+08  7.4174235020E+08
    11600 -6.7558007749E+08  7.4183430176E+08
    11700 -6.7042517979E+08  7.4179297227E+08
    11800 -6.6671838705E+08  7.4174322581E+08
    11900 -6.7376644502E+08  7.4151138915E+08
    12000 -6.7542061283E+08  7.4120390327E+08
    12100 -6.7790556885E+08  7.4124907133E+08
    12200 -6.7319690555E+08  7.4169550289E+08
    12300 -6.7084822272E+08  7.4129815594E+08
    12400 -6.7144551249E+08  7.4166345715E+08
    12500 -6.7042582086E+08  7.4131209382E+08
    12600 -6.6895480643E+08  7.4123798157E+08
    12700 -6.6830309540E+08  7.4136590110E+08
    12800 -6.7019243289E+08  7.4143119418E+08
    12900 -6.7005619267E+08  7.4147063074E+08
    13000 -6.7229507508E+08  7.4070908915E+08
    13100 -6.6967585205E+08  7.4054274331E+08
    13200 -6.6759888179E+08  7.4077101268E+08
    13300 -6.6960498191E+08  7.4074240458E+08
    13400 -6.7110562348E+08  7.4035548219E+08
    13500 -6.7167658604E+08  7.4038044673E+08
    13600 -6.6605093280E+08  7.4082744873E+08
    13700 -6.7171644865E+08  7.4049244531E+08
    13800 -6.7035000573E+08  7.4121614441E+08
    13900 -6.6977721276E+08  7.4066106151E+08
    14000 -6.7457547752E+08  7.4074700810E+08
    14100 -6.7259503388E+08  7.4077139944E+08
    14200 -6.7290708228E+08  7.4080082257E+08
    14300 -6.7374806517E+08  7.4065115218E+08
    14400 -6.7280782995E+08  7.4032303324E+08
    14500 -6.7036698529E+08  7.4109409383E+08
    14600 -6.7055914607E+08  7.4063454286E+08
    14700 -6.6832380409E+08  7.4131645208E+08
    14800 -6.6971950689E+08  7.4169633202E+08
    14900 -6.7237322642E+08  7.4175694992E+08
    15000 -6.7456880404E+08  7.4192173954E+08
    15100 -6.6938154795E+08  7.4156568245E+08
    15200 -6.6938367095E+08  7.4114234506E+08
    15300 -6.7029580817E+08  7.4077321939E+08
    15400 -6.7286382038E+08  7.4090731960E+08
    15500 -6.6158493516E+08  7.4039105467E+08
    15600 -6.6968798014E+08  7.4030568361E+08
    15700 -6.7237739235E+08  7.4033992471E+08
    15800 -6.7037981669E+08  7.4023107114E+08
    15900 -6.7609506135E+08  7.4048285161E+08
    16000 -6.7139379886E+08  7.4098284880E+08
    16100 -6.6755624363E+08  7.4161683512E+08
    16200 -6.7385407765E+08  7.4080879691E+08
    16300 -6.6886305130E+08  7.3974926545E+08
    16400 -6.7497836213E+08  7.3961026422E+08
    16500 -6.7369109598E+08  7.3915239015E+08
    16600 -6.7171914122E+08  7.3860993196E+08
    16700 -6.6953371422E+08  7.3966587604E+08
    16800 -6.6850019310E+08  7.3997964552E+08
    16900 -6.7276438265E+08  7.4109123327E+08
    17000 -6.7345319407E+08  7.4126180710E+08
    17100 -6.7296580280E+08  7.4130506801E+08
    17200 -6.7483784515E+08  7.4129452097E+08
    17300 -6.6947141889E+08  7.4072418895E+08
    17400 -6.7136759752E+08  7.4097955700E+08
    17500 -6.7127117585E+08  7.4107602943E+08
    17600 -6.7336173327E+08  7.4039021212E+08
    17700 -6.7217199872E+08  7.4028188172E+08
    17800 -6.7298654709E+08  7.3938471401E+08
    17900 -6.7044167022E+08  7.3923503158E+08
    18000 -6.6825251996E+08  7.3936696546E+08
    18100 -6.6656266148E+08  7.3985043146E+08
    18200 -6.7248628148E+08  7.4031534259E+08
    18300 -6.6968043309E+08  7.4059213984E+08
    18400 -6.7349807806E+08  7.4040318105E+08
    18500 -6.7616173723E+08  7.4017237407E+08
    18600 -6.7361873764E+08  7.3999081149E+08
    18700 -6.6779287021E+08  7.4075090927E+08
    18800 -6.7132563521E+08  7.4029747747E+08
    18900 -6.7509446529E+08  7.4009509235E+08
    19000 -6.7318306514E+08  7.4049662745E+08
    19100 -6.7209068320E+08  7.4028358947E+08
    19200 -6.6944484550E+08  7.4042470863E+08
    19300 -6.6236922655E+08  7.3984404356E+08
    19400 -6.6711021890E+08  7.3969626086E+08
    19500 -6.6990737624E+08  7.4014654739E+08
    19600 -6.6947462299E+08  7.3979847601E+08
    19700 -6.7108050904E+08  7.4050807273E+08
    19800 -6.7074660383E+08  7.4007815873E+08
    19900 -6.7843971355E+08  7.4171053991E+08
    20000 -6.6910275176E+08  7.4136123424E+08
    20100 -6.7176500764E+08  7.4013732982E+08
    20200 -6.7285723510E+08  7.4089786748E+08
    20300 -6.7268106741E+08  7.4150776717E+08
    20400 -6.7073558118E+08  7.4108336239E+08
    20500 -6.7142208585E+08  7.4070248692E+08
    20600 -6.7277701106E+08  7.4075983934E+08
    20700 -6.6737233817E+08  7.4095115636E+08
    20800 -6.7018533953E+08  7.4093799930E+08
    20900 -6.7039241418E+08  7.4098418348E+08
    21000 -6.7053191762E+08  7.4055298017E+08
    21100 -6.7195649342E+08  7.3973479882E+08
    21200 -6.6614946169E+08  7.3996548659E+08
    21300 -6.6997633368E+08  7.3982610091E+08
    21400 -6.6836088397E+08  7.4060329496E+08
    21500 -6.7071641392E+08  7.4026351473E+08
    21600 -6.6987430414E+08  7.3992819947E+08
    21700 -6.7075767894E+08  7.4031724636E+08
    21800 -6.7017456864E+08  7.4027548512E+08
    21900 -6.7381832308E+08  7.4043425578E+08
    22000 -6.6856758100E+08  7.4003105343E+08
    22100 -6.7050290795E+08  7.3944475622E+08
    22200 -6.6952286895E+08  7.3870432499E+08
    22300 -6.6990964313E+08  7.3986706393E+08
    22400 -6.7505022380E+08  7.4043423845E+08
    22500 -6.6898696631E+08  7.4077501738E+08
    22600 -6.6924201904E+08  7.4099244359E+08
    22700 -6.7412537812E+08  7.4102382040E+08
    22800 -6.6790329366E+08  7.4102959513E+08
    22900 -6.6957700127E+08  7.4189104402E+08
    23000 -6.7120450974E+08  7.4177914593E+08
    23100 -6.7281364557E+08  7.4068770558E+08
    23200 -6.7109478885E+08  7.4042904307E+08
    23300 -6.7267925899E+08  7.4063309546E+08
    23400 -6.7329793871E+08  7.3965208445E+08
    23500 -6.7650064091E+08  7.3960803961E+08
    23600 -6.7256068972E+08  7.3961006080E+08
    23700 -6.7476502685E+08  7.4039157681E+08
    23800 -6.7266219156E+08  7.3998874728E+08
    23900 -6.7881388535E+08  7.4027053228E+08
    24000 -6.7601021634E+08  7.3995106866E+08
    24100 -6.7095296199E+08  7.4046386792E+08
    24200 -6.7500541329E+08  7.4035768463E+08
    24300 -6.7711755123E+08  7.4088747355E+08
    24400 -6.7485283349E+08  7.4023184061E+08
    24500 -6.7663817468E+08  7.4022088841E+08
    24600 -6.7200886763E+08  7.3970590749E+08
    24700 -6.7533768984E+08  7.3980767915E+08
    24800 -6.7408492584E+08  7.3993778404E+08
    24900 -6.7817506912E+08  7.3994512098E+08
    25000 -6.7210491515E+08  7.4043480147E+08
    25100 -6.7815496522E+08  7.4078250618E+08
    25200 -6.7712647649E+08  7.4156332419E+08
    25300 -6.7193590742E+08  7.4170486195E+08
    25400 -6.7598689692E+08  7.4128352296E+08
    25500 -6.7165475425E+08  7.4100176946E+08
    25600 -6.7309814792E+08  7.4141640107E+08
    25700 -6.7302721314E+08  7.4139734209E+08
    25800 -6.7225572305E+08  7.4073838851E+08
    25900 -6.7546736853E+08  7.4079171308E+08
    26000 -6.7712076620E+08  7.4008306787E+08
    26100 -6.7575182754E+08  7.3984455236E+08
    26200 -6.7746162251E+08  7.3982803916E+08
    26300 -6.7411105339E+08  7.3969184807E+08
    26400 -6.7521033665E+08  7.3967118133E+08
    26500 -6.7039236288E+08  7.3948199695E+08
    26600 -6.7306048165E+08  7.3923236874E+08
    26700 -6.6803784492E+08  7.3862816627E+08
    26800 -6.7358872502E+08  7.3907877594E+08
    26900 -6.7392382653E+08  7.3908203221E+08
    27000 -6.7621348987E+08  7.3856438027E+08
    27100 -6.7491166563E+08  7.3810449291E+08
    27200 -6.7090289917E+08  7.3854624044E+08
    27300 -6.7186359703E+08  7.3901506571E+08
    27400 -6.7017578883E+08  7.3991334754E+08
    27500 -6.6825041676E+08  7.3962750459E+08
    27600 -6.7014283521E+08  7.4035987794E+08
    27700 -6.7331905103E+08  7.4040618738E+08
    27800 -6.6820602329E+08  7.4031470095E+08
    27900 -6.6927754829E+08  7.3979806058E+08
    28000 -6.7098631747E+08  7.3978069846E+08
    28100 -6.6946035206E+08  7.3951901301E+08
    28200 -6.7271245427E+08  7.3919062017E+08
    28300 -6.6708205669E+08  7.3931273010E+08
    28400 -6.6911895061E+08  7.3946950374E+08
    28500 -6.7373485362E+08  7.4046544021E+08
    28600 -6.7034629806E+08  7.4070206291E+08
    28700 -6.6982735858E+08  7.4113779074E+08
    28800 -6.7106337689E+08  7.4059055942E+08
    28900 -6.6758810576E+08  7.4061122485E+08
    29000 -6.6789509320E+08  7.4055481936E+08
    29100 -6.6760978429E+08  7.4017382801E+08
    29200 -6.7566107833E+08  7.3959191138E+08
    29300 -6.7860923352E+08  7.3990201933E+08
    29400 -6.7761130532E+08  7.4073783997E+08
    29500 -6.7571457209E+08  7.4105511089E+08
    29600 -6.7277542830E+08  7.4114774369E+08
    29700 -6.6844384195E+08  7.4066162236E+08
    29800 -6.6664501843E+08  7.4014921911E+08
    29900 -6.7068179354E+08  7.3934161841E+08
    30000 -6.6930409472E+08  7.3910854912E+08
    30100 -6.6959414735E+08  7.3886990786E+08
    30200 -6.6617087694E+08  7.3926948025E+08
    30300 -6.6552266851E+08  7.3967555415E+08
    30400 -6.7004708765E+08  7.4000054172E+08
    30500 -6.7250007629E+08  7.4044866534E+08
    30600 -6.7536948954E+08  7.4030902007E+08
    30700 -6.7460159215E+08  7.4018381467E+08
    30800 -6.7318383986E+08  7.4021922652E+08
    30900 -6.7049897775E+08  7.4000698182E+08
    31000 -6.7552610438E+08  7.4021113974E+08
    31100 -6.7449149681E+08  7.3943921553E+08
    31200 -6.7548865981E+08  7.4014281434E+08
    31300 -6.7648012325E+08  7.4004218242E+08
    31400 -6.7186111065E+08  7.3993192025E+08
    31500 -6.7298227183E+08  7.4030139166E+08
    31600 -6.7342924150E+08  7.4051715041E+08
    31700 -6.6700215709E+08  7.4006257823E+08
    31800 -6.6305110281E+08  7.4071991371E+08
    31900 -6.6356227455E+08  7.3994217645E+08
    32000 -6.6777527848E+08  7.4038632104E+08
    32100 -6.7112190434E+08  7.4003366267E+08
    32200 -6.6932973166E+08  7.3964564354E+08
    32300 -6.7251070971E+08  7.4008388099E+08
    32400 -6.7432921089E+08  7.4066898847E+08
    32500 -6.7122484797E+08  7.4044537930E+08
    32600 -6.6817504610E+08  7.3985926204E+08
    32700 -6.6718491370E+08  7.3957167234E+08
    32800 -6.6527134433E+08  7.3893665290E+08
    32900 -6.6995576959E+08  7.3959751376E+08
    33000 -6.7106995404E+08  7.3967427367E+08
    33100 -6.7746847715E+08  7.3929846862E+08
    33200 -6.7599165503E+08  7.4004317041E+08
    33300 -6.7452693241E+08  7.4066510230E+08
    33400 -6.7319008542E+08  7.4071971804E+08
    33500 -6.7167997322E+08  7.4029528843E+08
    33600 -6.7356149789E+08  7.4015518193E+08
    33700 -6.7270867579E+08  7.4092414822E+08
    33800 -6.7120381947E+08  7.4144914197E+08
    33900 -6.7306299552E+08  7.4094284504E+08
    34000 -6.7231325287E+08  7.3997647368E+08
    34100 -6.7541534011E+08  7.4017534026E+08
    34200 -6.7085658551E+08  7.4001897095E+08
    34300 -6.7292286409E+08  7.3987759962E+08
    34400 -6.7349559064E+08  7.3972038525E+08
    34500 -6.7445676742E+08  7.4008049005E+08
    34600 -6.7538942465E+08  7.3964856227E+08
    34700 -6.7322063049E+08  7.3926529370E+08
    34800 -6.7227976526E+08  7.3967132079E+08
    34900 -6.7271473669E+08  7.4049470133E+08
    35000 -6.6794304353E+08  7.4027726063E+08
    35100 -6.7064002549E+08  7.4052660054E+08
    35200 -6.7328243998E+08  7.4031587384E+08
    35300 -6.7536178591E+08  7.4036952739E+08
    35400 -6.7344012742E+08  7.4085390035E+08
    35500 -6.7087303588E+08  7.4059106235E+08
    35600 -6.6258755939E+08  7.4009224875E+08
    35700 -6.6927441756E+08  7.3972778471E+08
    35800 -6.7117215251E+08  7.3932225515E+08
    35900 -6.6951449459E+08  7.3901592529E+08
    36000 -6.6555447537E+08  7.3959772043E+08
    36100 -6.6641492900E+08  7.4016202258E+08
    36200 -6.7421022286E+08  7.3973972522E+08
    36300 -6.7714422852E+08  7.3931589201E+08
    36400 -6.7320489921E+08  7.4065787684E+08
    36500 -6.7327413785E+08  7.4090489644E+08
    36600 -6.7345884549E+08  7.4141529272E+08
    36700 -6.7232279543E+08  7.4132171412E+08
    36800 -6.7335266370E+08  7.4089565080E+08
    36900 -6.6930715248E+08  7.4095146226E+08
    37000 -6.6758931416E+08  7.4098427109E+08
    37100 -6.6579914260E+08  7.4100120596E+08
    37200 -6.6897810717E+08  7.4054651346E+08
    37300 -6.7034576402E+08  7.4028714131E+08
    37400 -6.6934295022E+08  7.4056338293E+08
    37500 -6.7065129288E+08  7.4129150385E+08
    37600 -6.7357266907E+08  7.4116315715E+08
    37700 -6.6724394314E+08  7.4069339964E+08
    37800 -6.6753380530E+08  7.4071699851E+08
    37900 -6.7316558640E+08  7.4075798657E+08
    38000 -6.7722655623E+08  7.4166477207E+08
    38100 -6.7497783831E+08  7.4135605263E+08
    38200 -6.7772978487E+08  7.4156486913E+08
    38300 -6.7424682679E+08  7.4067791700E+08
    38400 -6.7456895075E+08  7.4135867409E+08
    38500 -6.6984941693E+08  7.4141834444E+08
    38600 -6.7110746634E+08  7.4094113694E+08
    38700 -6.6788309737E+08  7.3970041542E+08
    38800 -6.6636255048E+08  7.3994297611E+08
    38900 -6.7001594376E+08  7.3943392856E+08
    39000 -6.7240033005E+08  7.3965667767E+08
    39100 -6.6997653331E+08  7.3974833627E+08
    39200 -6.6828770373E+08  7.4075156027E+08
    39300 -6.7071891005E+08  7.4147775133E+08
    39400 -6.7018270047E+08  7.4149880997E+08
    39500 -6.6819308417E+08  7.4143108937E+08
    39600 -6.7209983198E+08  7.4117829667E+08
    39700 -6.6975181915E+08  7.4053373334E+08
    39800 -6.6939987031E+08  7.4029883707E+08
    39900 -6.6699003029E+08  7.4041039880E+08
    40000 -6.7016537529E+08  7.4086389795E+08
    40100 -6.7291165548E+08  7.3993719244E+08
    40200 -6.7249293697E+08  7.3988140497E+08
    40300 -6.7401603935E+08  7.4013988104E+08
    40400 -6.7000169756E+08  7.4016338354E+08
    40500 -6.7197475058E+08  7.4001783572E+08
    40600 -6.6795593024E+08  7.4069433246E+08
    40700 -6.7066486724E+08  7.4052718043E+08
    40800 -6.7195106295E+08  7.4072414737E+08
    40900 -6.7043888022E+08  7.4152080840E+08
    41000 -6.7483075746E+08  7.4089188675E+08
    41100 -6.7219598292E+08  7.4075329065E+08
    41200 -6.7682160157E+08  7.4042436505E+08
    41300 -6.7184697304E+08  7.4130103431E+08
    41400 -6.7059702125E+08  7.4140993551E+08
    41500 -6.7281097412E+08  7.4104146244E+08
    41600 -6.7007599356E+08  7.4068528467E+08
    41700 -6.7307338855E+08  7.4057821964E+08
    41800 -6.7509053812E+08  7.4016247876E+08
    41900 -6.7022456949E+08  7.3995673571E+08
    42000 -6.7559896342E+08  7.4043983072E+08
    42100 -6.7426073415E+08  7.4103923016E+08
    42200 -6.7225952319E+08  7.4242865837E+08
    42300 -6.7279309866E+08  7.4155694282E+08
    42400 -6.7367257592E+08  7.4071317439E+08
    42500 -6.7396801717E+08  7.4092866814E+08
    42600 -6.7300947515E+08  7.4077602735E+08
    42700 -6.7096055751E+08  7.4136763319E+08
    42800 -6.7069554603E+08  7.4109489784E+08
    42900 -6.7824241973E+08  7.4040445093E+08
    43000 -6.7714636706E+08  7.4094222484E+08
    43100 -6.7804328458E+08  7.4133714088E+08
    43200 -6.7809109771E+08  7.4090326272E+08
    43300 -6.7385755897E+08  7.4097818974E+08
    43400 -6.7531619466E+08  7.4055312451E+08
    43500 -6.7991586153E+08  7.4067885724E+08
    43600 -6.7596808125E+08  7.4077035072E+08
    43700 -6.7630700860E+08  7.4065934142E+08
    43800 -6.7101604305E+08  7.4087702123E+08
    43900 -6.7460512959E+08  7.4078511761E+08
    44000 -6.7232330777E+08  7.4069561172E+08
    44100 -6.7662948520E+08  7.4069508494E+08
    44200 -6.7207024167E+08  7.4049945438E+08
    44300 -6.7314287099E+08  7.4066803724E+08
    44400 -6.7537307612E+08  7.4141350187E+08
    44500 -6.7089679159E+08  7.4077441946E+08
    44600 -6.7552268992E+08  7.4056857833E+08
    44700 -6.7663974275E+08  7.3986108298E+08
    44800 -6.7520850963E+08  7.3947827401E+08
    44900 -6.7168591198E+08  7.3957381069E+08
    45000 -6.7282263192E+08  7.3943371709E+08
    45100 -6.6982542794E+08  7.3977867291E+08
    45200 -6.7356207288E+08  7.4020397150E+08
    45300 -6.8096002416E+08  7.4028865543E+08
    45400 -6.7575450013E+08  7.4016058716E+08
    45500 -6.7452776818E+08  7.3987478913E+08
    45600 -6.6955994851E+08  7.3991919962E+08
    45700 -6.7002284588E+08  7.3983524698E+08
    45800 -6.6579758135E+08  7.3990371117E+08
    45900 -6.6549316005E+08  7.3978125365E+08
    46000 -6.6547686690E+08  7.4069738515E+08
    46100 -6.6791297663E+08  7.4090339521E+08
    46200 -6.6695115283E+08  7.4093647219E+08
    46300 -6.7431930308E+08  7.4065593028E+08
    46400 -6.7604060621E+08  7.4068297452E+08
    46500 -6.7227676491E+08  7.4062057107E+08
    46600 -6.7091321809E+08  7.4095867638E+08
    46700 -6.6737854319E+08  7.4074995947E+08
    46800 -6.7471172218E+08  7.4051733299E+08
    46900 -6.7058758342E+08  7.4127265886E+08
    47000 -6.6691997416E+08  7.4141709068E+08
    47100 -6.7074247931E+08  7.4118038356E+08
    47200 -6.6939198405E+08  7.4142487510E+08
    47300 -6.7100812196E+08  7.4161330292E+08
    47400 -6.7140749429E+08  7.4181160579E+08
    47500 -6.7053348415E+08  7.4136240354E+08
    47600 -6.6898282440E+08  7.4143816475E+08
    47700 -6.6888578319E+08  7.4112404918E+08
    47800 -6.7138462300E+08  7.4045821665E+08
    47900 -6.6732182012E+08  7.4028725077E+08
    48000 -6.6666373019E+08  7.4007066450E+08
    48100 -6.7192693677E+08  7.3996649774E+08
    48200 -6.7081601255E+08  7.4018323745E+08
    48300 -6.7356031829E+08  7.4078619045E+08
    48400 -6.7778446785E+08  7.4096028677E+08
    48500 -6.7087857521E+08  7.4083320692E+08
    48600 -6.7343872212E+08  7.4065826827E+08
    48700 -6.7384298730E+08  7.4052584331E+08
    48800 -6.7072835202E+08  7.4027173599E+08
    48900 -6.7615223618E+08  7.4083517128E+08
    49000 -6.7385389049E+08  7.4068403539E+08
    49100 -6.7125174921E+08  7.4117350480E+08
    49200 -6.7681687011E+08  7.4165809874E+08
    49300 -6.7519389071E+08  7.4157064122E+08
    49400 -6.7142706130E+08  7.4110720413E+08
    49500 -6.7217875170E+08  7.4005176397E+08
    49600 -6.7375804763E+08  7.4024177266E+08
    49700 -6.7252198444E+08  7.3951476029E+08
    49800 -6.6933929070E+08  7.3949459102E+08
