 ######
    45873 -1.8074934377E+08  2.0445855312E+08
    45973 -1.7655759199E+08  2.0472863803E+08
    46073 -1.7918462403E+08  2.0484602836E+08
    46173 -1.7612661182E+08  2.0487130766E+08
    46273 -1.7719422253E+08  2.0490668723E+08
    46373 -1.7837713213E+08  2.0452107989E+08
    46473 -1.7886557568E+08  2.0461317592E+08
    46573 -1.8138059240E+08  2.0452520953E+08
    46673 -1.7799250583E+08  2.0435062166E+08
    46773 -1.7627613694E+08  2.0425822899E+08
    46873 -1.7995075801E+08  2.0439874401E+08
    46973 -1.7747653602E+08  2.0419561024E+08
    47073 -1.7851951320E+08  2.0417969444E+08
    47173 -1.7760881350E+08  2.0439308757E+08
    47273 -1.7815149229E+08  2.0448340146E+08
    47373 -1.7767266828E+08  2.0446797537E+08
    47473 -1.7730989865E+08  2.0447369133E+08
    47573 -1.7808953696E+08  2.0429431832E+08
    47673 -1.8024233963E+08  2.0427580122E+08
    47773 -1.7642954390E+08  2.0446860434E+08
    47873 -1.7809390144E+08  2.0475127855E+08
    47973 -1.8216369150E+08  2.0466331716E+08
    48073 -1.8066540272E+08  2.0468060604E+08
    48173 -1.7977594766E+08  2.0463554686E+08
    48273 -1.7912194061E+08  2.0460696589E+08
    48373 -1.7871363127E+08  2.0476665201E+08
    48473 -1.7895791372E+08  2.0447529933E+08
    48573 -1.8057829970E+08  2.0443837872E+08
    48673 -1.7796761830E+08  2.0458712124E+08
    48773 -1.7682954246E+08  2.0467690505E+08
    48873 -1.7904907624E+08  2.0473222869E+08
    48973 -1.7951730860E+08  2.0464891838E+08
    49073 -1.7959649898E+08  2.0461584242E+08
    49173 -1.7949282990E+08  2.0454972842E+08
    49273 -1.7996756902E+08  2.0456369960E+08
    49373 -1.7963451153E+08  2.0459749623E+08
    49473 -1.8065556883E+08  2.0451114057E+08
    49573 -1.8173494938E+08  2.0462778435E+08
    49673 -1.7959296189E+08  2.0481515778E+08
    49773 -1.8179026480E+08  2.0465072409E+08
    49873 -1.7955317966E+08  2.0466046375E+08
    49973 -1.7842640504E+08  2.0465088488E+08
    50073 -1.7895795924E+08  2.0481704119E+08
    50173 -1.7905259479E+08  2.0487713082E+08
    50273 -1.7759551313E+08  2.0490093168E+08
    50373 -1.7967344862E+08  2.0497179579E+08
    50473 -1.8039519101E+08  2.0503691385E+08
    50573 -1.8201034847E+08  2.0485214264E+08
    50673 -1.7844228404E+08  2.0455067571E+08
    50773 -1.7836080727E+08  2.0436835608E+08
    50873 -1.8041442352E+08  2.0443102967E+08
    50973 -1.8245386461E+08  2.0468965522E+08
    51073 -1.7932189005E+08  2.0472706351E+08
    51173 -1.8147328701E+08  2.0468817633E+08
    51273 -1.8014765036E+08  2.0464473174E+08
    51373 -1.7991445481E+08  2.0467148588E+08
    51473 -1.7967629526E+08  2.0477076754E+08
    51573 -1.7913427603E+08  2.0470321440E+08
    51673 -1.7934030727E+08  2.0459779254E+08
    51773 -1.7744473436E+08  2.0458999473E+08
    51873 -1.7881799722E+08  2.0451879103E+08
    51973 -1.7951706920E+08  2.0459522852E+08
    52073 -1.7802026281E+08  2.0456013318E+08
    52173 -1.7903349672E+08  2.0466559461E+08
    52273 -1.8019035578E+08  2.0473987901E+08
    52373 -1.8048242893E+08  2.0471937100E+08
    52473 -1.7931442864E+08  2.0472379130E+08
    52573 -1.8143997585E+08  2.0447443284E+08
    52673 -1.8196986161E+08  2.0448960482E+08
    52773 -1.7984580814E+08  2.0465473959E+08
    52873 -1.8012385095E+08  2.0467269871E+08
    52973 -1.7978287165E+08  2.0459480110E+08
    53073 -1.7696029678E+08  2.0469476393E+08
    53173 -1.7803653004E+08  2.0471722495E+08
    53273 -1.7686889534E+08  2.0468779830E+08
    53373 -1.7817017717E+08  2.0486831583E+08
    53473 -1.7509923684E+08  2.0479181660E+08
    53573 -1.7697775339E+08  2.0449311212E+08
    53673 -1.7890978004E+08  2.0452141016E+08
    53773 -1.7820051229E+08  2.0450066651E+08
    53873 -1.8004750334E+08  2.0434700738E+08
    53973 -1.7763394664E+08  2.0441034555E+08
    54073 -1.7598168219E+08  2.0450940375E+08
    54173 -1.7682361177E+08  2.0470218836E+08
    54273 -1.7812715810E+08  2.0472394388E+08
    54373 -1.7899709634E+08  2.0446304354E+08
    54473 -1.7803964892E+08  2.0447436458E+08
    54573 -1.7904913740E+08  2.0440756398E+08
    54673 -1.7839110255E+08  2.0466027026E+08
    54773 -1.7840528270E+08  2.0444643458E+08
    54873 -1.8054296157E+08  2.0439121334E+08
    54973 -1.7881875912E+08  2.0449573849E+08
    55073 -1.8125458563E+08  2.0454593189E+08
    55173 -1.8144490714E+08  2.0459644797E+08
    55273 -1.8009552804E+08  2.0454087712E+08
    55373 -1.7753825892E+08  2.0449054443E+08
    55473 -1.7731071087E+08  2.0426666686E+08
    55573 -1.8083443192E+08  2.0409192446E+08
    55673 -1.8022544533E+08  2.0431831967E+08
    55773 -1.7826612098E+08  2.0436346499E+08
    55873 -1.7700978300E+08  2.0466516237E+08
    55973 -1.8114352464E+08  2.0447188090E+08
    56073 -1.7835142244E+08  2.0453059969E+08
    56173 -1.7957557445E+08  2.0458829373E+08
    56273 -1.7841548534E+08  2.0448222059E+08
    56373 -1.7776046347E+08  2.0456318664E+08
    56473 -1.8034243471E+08  2.0440287887E+08
    56573 -1.7970089236E+08  2.0456822477E+08
    56673 -1.8222946119E+08  2.0473257002E+08
    56773 -1.8181695344E+08  2.0461926496E+08
    56873 -1.7923347566E+08  2.0476234131E+08
    56973 -1.8058122897E+08  2.0466354269E+08
    57073 -1.7969406620E+08  2.0473051776E+08
    57173 -1.7946385538E+08  2.0472504558E+08
    57273 -1.8000408714E+08  2.0468380066E+08
    57373 -1.7823911193E+08  2.0457136300E+08
    57473 -1.7719524435E+08  2.0456048184E+08
    57573 -1.7892284140E+08  2.0463427546E+08
    57673 -1.8122922010E+08  2.0477251662E+08
    57773 -1.7905262554E+08  2.0475442989E+08
    57873 -1.7944667936E+08  2.0480753011E+08
    57973 -1.7793366084E+08  2.0459425645E+08
    58073 -1.8048160217E+08  2.0470730752E+08
    58173 -1.8244806401E+08  2.0465934596E+08
    58273 -1.7976352772E+08  2.0452844513E+08
    58373 -1.7872484177E+08  2.0456059568E+08
    58473 -1.7958745718E+08  2.0428711335E+08
    58573 -1.8031409033E+08  2.0447045832E+08
    58673 -1.7818727219E+08  2.0438531337E+08
    58773 -1.7779281020E+08  2.0439158494E+08
    58873 -1.7713816586E+08  2.0437423695E+08
    58973 -1.7680788033E+08  2.0430335777E+08
    59073 -1.7921925079E+08  2.0441197330E+08
    59173 -1.7973095728E+08  2.0455142878E+08
    59273 -1.7993838123E+08  2.0450062247E+08
    59373 -1.7742421563E+08  2.0427497042E+08
    59473 -1.7743908935E+08  2.0422411353E+08
    59573 -1.7867392186E+08  2.0414196133E+08
    59673 -1.7757860196E+08  2.0419953999E+08
    59773 -1.7815744793E+08  2.0418188793E+08
    59873 -1.7968430777E+08  2.0435046831E+08
    59973 -1.7959022165E+08  2.0448763196E+08
    60073 -1.8041640026E+08  2.0434974602E+08
    60173 -1.7805267732E+08  2.0419246319E+08
    60273 -1.7871269621E+08  2.0418663610E+08
    60373 -1.7720930976E+08  2.0443122915E+08
    60473 -1.7957242966E+08  2.0448298783E+08
    60573 -1.7818171151E+08  2.0449473310E+08
    60673 -1.7890934062E+08  2.0461409830E+08
    60773 -1.7832088515E+08  2.0458733230E+08
    60873 -1.7753949211E+08  2.0465225110E+08
    60973 -1.7909477531E+08  2.0454876985E+08
    61073 -1.7969258574E+08  2.0459994268E+08
    61173 -1.7869531383E+08  2.0435552558E+08
    61273 -1.8100607751E+08  2.0430026562E+08
    61373 -1.7995558043E+08  2.0412552667E+08
    61473 -1.7991142523E+08  2.0400155788E+08
    61573 -1.7992553873E+08  2.0408348442E+08
    61673 -1.7855659943E+08  2.0425506937E+08
    61773 -1.7843149862E+08  2.0420777170E+08
    61873 -1.8114395602E+08  2.0417512584E+08
    61973 -1.7887384923E+08  2.0444329094E+08
    62073 -1.7925770936E+08  2.0439722467E+08
    62173 -1.7787229351E+08  2.0439646996E+08
    62273 -1.7973074059E+08  2.0458942159E+08
    62373 -1.8025311797E+08  2.0454507972E+08
    62473 -1.8195720787E+08  2.0467150051E+08
    62573 -1.8356245074E+08  2.0458194024E+08
    62673 -1.7964190799E+08  2.0455545877E+08
    62773 -1.7994294297E+08  2.0454455462E+08
    62873 -1.7837171978E+08  2.0466754063E+08
    62973 -1.7874589476E+08  2.0466622780E+08
    63073 -1.7774541111E+08  2.0472233296E+08
    63173 -1.7660106518E+08  2.0457470798E+08
    63273 -1.7978625147E+08  2.0453660370E+08
    63373 -1.7875567012E+08  2.0451271180E+08
    63473 -1.7895534665E+08  2.0447671604E+08
    63573 -1.7807436766E+08  2.0458490488E+08
    63673 -1.7956117501E+08  2.0467839608E+08
    63773 -1.7810750937E+08  2.0461427890E+08
    63873 -1.7823028313E+08  2.0469408850E+08
    63973 -1.7936032619E+08  2.0458839052E+08
    64073 -1.8134046503E+08  2.0453657822E+08
    64173 -1.7856769809E+08  2.0455736411E+08
    64273 -1.7966195683E+08  2.0447397265E+08
    64373 -1.8056815819E+08  2.0444186735E+08
    64473 -1.7917226531E+08  2.0459841553E+08
    64573 -1.7780474905E+08  2.0449894618E+08
    64673 -1.7824500438E+08  2.0449180607E+08
    64773 -1.7810352412E+08  2.0444474836E+08
    64873 -1.7816015281E+08  2.0445437502E+08
    64973 -1.7976652167E+08  2.0453887255E+08
    65073 -1.8158251391E+08  2.0458889741E+08
    65173 -1.7928519059E+08  2.0424642465E+08
    65273 -1.8072928546E+08  2.0429339695E+08
    65373 -1.7937111141E+08  2.0422133518E+08
    65473 -1.7898894562E+08  2.0444540484E+08
    65573 -1.8059221448E+08  2.0463930903E+08
    65673 -1.7913774544E+08  2.0463812395E+08
    65773 -1.7961010471E+08  2.0458880174E+08
    65873 -1.7875249929E+08  2.0446288234E+08
    65973 -1.8121244567E+08  2.0432190857E+08
    66073 -1.8039260464E+08  2.0447199729E+08
    66173 -1.7708561849E+08  2.0431661279E+08
    66273 -1.7861552744E+08  2.0461188015E+08
    66373 -1.8075698809E+08  2.0482670641E+08
    66473 -1.8061719962E+08  2.0459635482E+08
    66573 -1.8087364010E+08  2.0456106284E+08
    66673 -1.7907942055E+08  2.0463375259E+08
    66773 -1.7906346944E+08  2.0453542457E+08
    66873 -1.7936809681E+08  2.0464422998E+08
    66973 -1.7963557874E+08  2.0464500545E+08
    67073 -1.7857261199E+08  2.0435988257E+08
    67173 -1.7823296758E+08  2.0447404325E+08
    67273 -1.7904351520E+08  2.0450646039E+08
    67373 -1.7807452452E+08  2.0469563844E+08
    67473 -1.7861196565E+08  2.0464872696E+08
    67573 -1.8005182509E+08  2.0464212343E+08
    67673 -1.7859676321E+08  2.0462046627E+08
    67773 -1.7872107922E+08  2.0451716785E+08
    67873 -1.8021365857E+08  2.0429263738E+08
    67973 -1.7672066260E+08  2.0440583488E+08
    68073 -1.7885406640E+08  2.0470860027E+08
    68173 -1.7880201826E+08  2.0456485180E+08
    68273 -1.7799600601E+08  2.0467975131E+08
    68373 -1.7909172792E+08  2.0460060732E+08
    68473 -1.7789611516E+08  2.0448216124E+08
    68573 -1.7956931640E+08  2.0437359499E+08
    68673 -1.8057929391E+08  2.0439089110E+08
    68773 -1.7883704907E+08  2.0445611349E+08
    68873 -1.7906051125E+08  2.0476051653E+08
    68973 -1.7921316144E+08  2.0485586029E+08
    69073 -1.8003233727E+08  2.0486946819E+08
    69173 -1.7891917253E+08  2.0479899908E+08
    69273 -1.7956791647E+08  2.0464369191E+08
    69373 -1.7890553225E+08  2.0442723369E+08
    69473 -1.7805758766E+08  2.0435215597E+08
    69573 -1.7508241571E+08  2.0457897053E+08
    69673 -1.7880112975E+08  2.0464103850E+08
    69773 -1.7699390025E+08  2.0451974243E+08
    69873 -1.7820197988E+08  2.0447025580E+08
    69973 -1.7866669134E+08  2.0423260467E+08
    70073 -1.7542847734E+08  2.0441190058E+08
    70173 -1.7876667722E+08  2.0463541349E+08
    70273 -1.7904352329E+08  2.0464214228E+08
    70373 -1.8050114751E+08  2.0453876483E+08
    70473 -1.7873121342E+08  2.0456389620E+08
    70573 -1.7748479350E+08  2.0470933004E+08
    70673 -1.7928038735E+08  2.0479622744E+08
    70773 -1.7844072985E+08  2.0461619369E+08
    70873 -1.7837848543E+08  2.0451872561E+08
    70973 -1.8100136875E+08  2.0446831167E+08
    71073 -1.7841437162E+08  2.0444908316E+08
    71173 -1.7917498454E+08  2.0451169526E+08
    71273 -1.7683175811E+08  2.0440715969E+08
    71373 -1.7776178528E+08  2.0445606982E+08
    71473 -1.7765684824E+08  2.0444912938E+08
    71573 -1.8316260370E+08  2.0431942087E+08
    71673 -1.7932390630E+08  2.0436421424E+08
    71773 -1.7958046553E+08  2.0432942173E+08
    71873 -1.7735969587E+08  2.0446197739E+08
    71973 -1.7746801329E+08  2.0482150201E+08
    72073 -1.7926585662E+08  2.0481887130E+08
    72173 -1.7764884649E+08  2.0478902893E+08
    72273 -1.7919779691E+08  2.0463185155E+08
    72373 -1.8178005381E+08  2.0455834304E+08
    72473 -1.7754702945E+08  2.0473851529E+08
    72573 -1.7868985835E+08  2.0472343512E+08
    72673 -1.7992761266E+08  2.0456666696E+08
    72773 -1.8043070060E+08  2.0448839649E+08
    72873 -1.7888523858E+08  2.0452668195E+08
    72973 -1.7927453747E+08  2.0449956060E+08
    73073 -1.7846447033E+08  2.0472404308E+08
    73173 -1.8226263587E+08  2.0465185220E+08
    73273 -1.7906678744E+08  2.0451476854E+08
    73373 -1.7931355855E+08  2.0428155211E+08
    73473 -1.7967640529E+08  2.0424106187E+08
    73573 -1.7818244187E+08  2.0410347256E+08
    73673 -1.7788610399E+08  2.0429055763E+08
    73773 -1.7874924489E+08  2.0432805547E+08
    73873 -1.7902137538E+08  2.0432781029E+08
    73973 -1.8096081108E+08  2.0437518532E+08
    74073 -1.7980507926E+08  2.0439667406E+08
    74173 -1.8041629617E+08  2.0421000199E+08
    74273 -1.8006324923E+08  2.0420685899E+08
    74373 -1.8152788272E+08  2.0436522941E+08
    74473 -1.7824905180E+08  2.0443621399E+08
    74573 -1.7956402823E+08  2.0440819661E+08
    74673 -1.7837177743E+08  2.0447375393E+08
    74773 -1.7969135450E+08  2.0455326281E+08
    74873 -1.8016419668E+08  2.0440672481E+08
    74973 -1.7992864479E+08  2.0452760210E+08
    75073 -1.7963889873E+08  2.0470485276E+08
    75173 -1.7962542572E+08  2.0474704155E+08
    75273 -1.7722215728E+08  2.0461134643E+08
    75373 -1.7844383892E+08  2.0432942010E+08
    75473 -1.7771372661E+08  2.0443722431E+08
    75573 -1.7936858793E+08  2.0432071094E+08
    75673 -1.7906589575E+08  2.0449867096E+08
    75773 -1.7999616884E+08  2.0459947225E+08
    75873 -1.7927726633E+08  2.0455421991E+08
    75973 -1.7982773822E+08  2.0448775744E+08
    76073 -1.8119161916E+08  2.0457632509E+08
    76173 -1.7959962584E+08  2.0423938753E+08
    76273 -1.7814628573E+08  2.0436971892E+08
    76373 -1.8075679244E+08  2.0458265971E+08
    76473 -1.7816056157E+08  2.0457475308E+08
    76573 -1.7939713992E+08  2.0446573451E+08
    76673 -1.8069388897E+08  2.0454886502E+08
    76773 -1.7964332881E+08  2.0465412471E+08
    76873 -1.8074028330E+08  2.0464421386E+08
    76973 -1.7872066610E+08  2.0453235883E+08
    77073 -1.8126556732E+08  2.0451970716E+08
    77173 -1.7776442380E+08  2.0437466786E+08
    77273 -1.7640997099E+08  2.0432408939E+08
    77373 -1.7922096716E+08  2.0421257104E+08
    77473 -1.8084213623E+08  2.0428578420E+08
    77573 -1.7878503029E+08  2.0417140838E+08
    77673 -1.7845905276E+08  2.0408302889E+08
    77773 -1.8062471221E+08  2.0410383432E+08
    77873 -1.7926458895E+08  2.0426270388E+08
    77973 -1.7614644775E+08  2.0451506098E+08
    78073 -1.8211935077E+08  2.0448085609E+08
    78173 -1.7707144402E+08  2.0454189416E+08
    78273 -1.7908252483E+08  2.0467857144E+08
    78373 -1.7842082697E+08  2.0476056542E+08
    78473 -1.7923227368E+08  2.0470430769E+08
    78573 -1.7798989006E+08  2.0477647180E+08
    78673 -1.7685747876E+08  2.0479007283E+08
    78773 -1.7758659876E+08  2.0499572516E+08
    78873 -1.7779893981E+08  2.0473914441E+08
    78973 -1.7794400009E+08  2.0478355638E+08
    79073 -1.8012904383E+08  2.0468504485E+08
    79173 -1.7910494439E+08  2.0467495052E+08
    79273 -1.7890781479E+08  2.0439062295E+08
    79373 -1.8003883794E+08  2.0448448718E+08
    79473 -1.8094236759E+08  2.0482114529E+08
    79573 -1.8019149598E+08  2.0437196775E+08
    79673 -1.7895434776E+08  2.0417071182E+08
    79773 -1.7813063864E+08  2.0417533226E+08
    79873 -1.7796208298E+08  2.0416636282E+08
    79973 -1.7708348474E+08  2.0415170570E+08
    80073 -1.7804604128E+08  2.0422194030E+08
    80173 -1.7810866911E+08  2.0421890486E+08
    80273 -1.7857997065E+08  2.0428491294E+08
    80373 -1.7977823232E+08  2.0432888887E+08
    80473 -1.8096130302E+08  2.0439168638E+08
    80573 -1.8138019765E+08  2.0440328063E+08
    80673 -1.7812629757E+08  2.0456141036E+08
    80773 -1.7924825771E+08  2.0481056679E+08
    80873 -1.7740074809E+08  2.0458299436E+08
    80973 -1.7870855766E+08  2.0451666985E+08
    81073 -1.7710889132E+08  2.0449113578E+08
    81173 -1.7615401802E+08  2.0454591617E+08
    81273 -1.7819066800E+08  2.0466119904E+08
    81373 -1.7985506216E+08  2.0458772279E+08
    81473 -1.7699343196E+08  2.0463466852E+08
    81573 -1.7788289755E+08  2.0449984730E+08
    81673 -1.8056285662E+08  2.0442878731E+08
    81773 -1.8115895063E+08  2.0437339145E+08
    81873 -1.7820850203E+08  2.0430477467E+08
    81973 -1.8172044505E+08  2.0432500443E+08
    82073 -1.7992930754E+08  2.0461986565E+08
    82173 -1.8162283066E+08  2.0481613252E+08
    82273 -1.8008768749E+08  2.0460266277E+08
    82373 -1.7904422880E+08  2.0455622320E+08
    82473 -1.7781282579E+08  2.0443933729E+08
    82573 -1.7980002698E+08  2.0447880712E+08
    82673 -1.7857162222E+08  2.0449395972E+08
    82773 -1.7945006542E+08  2.0438259496E+08
    82873 -1.7791482801E+08  2.0467691131E+08
    82973 -1.7644705625E+08  2.0459576842E+08
    83073 -1.7922576354E+08  2.0453797875E+08
    83173 -1.8028436925E+08  2.0446331599E+08
    83273 -1.7905320743E+08  2.0449775178E+08
    83373 -1.7696531014E+08  2.0463531874E+08
    83473 -1.8127430547E+08  2.0438826540E+08
    83573 -1.7795326974E+08  2.0475705401E+08
    83673 -1.8003509563E+08  2.0484613177E+08
    83773 -1.7813965830E+08  2.0475961055E+08
    83873 -1.7909242480E+08  2.0478483668E+08
    83973 -1.7881273902E+08  2.0461957602E+08
    84073 -1.8031197129E+08  2.0484991941E+08
    84173 -1.8190879631E+08  2.0495621490E+08
    84273 -1.8076859085E+08  2.0485361060E+08
    84373 -1.8149796194E+08  2.0478686939E+08
    84473 -1.8001928090E+08  2.0460125254E+08
    84573 -1.7797732207E+08  2.0444685137E+08
    84673 -1.8002951021E+08  2.0446552169E+08
    84773 -1.7956697768E+08  2.0463458387E+08
    84873 -1.7833209498E+08  2.0456732534E+08
    84973 -1.8002912168E+08  2.0442961340E+08
    85073 -1.7936829712E+08  2.0459481588E+08
    85173 -1.7748302931E+08  2.0480289421E+08
    85273 -1.7928007889E+08  2.0454003257E+08
    85373 -1.7740699159E+08  2.0433339461E+08
    85473 -1.7614497116E+08  2.0442701489E+08
    85573 -1.7873374615E+08  2.0445177382E+08
    85673 -1.7993207789E+08  2.0452728926E+08
    85773 -1.7981809418E+08  2.0453706366E+08
    85873 -1.7869218318E+08  2.0458532543E+08
    85973 -1.8059746942E+08  2.0458365303E+08
    86073 -1.7966864472E+08  2.0469678443E+08
    86173 -1.7890302959E+08  2.0462567953E+08
    86273 -1.7836965930E+08  2.0444907770E+08
    86373 -1.7951265071E+08  2.0435563342E+08
    86473 -1.8040545686E+08  2.0430695906E+08
    86573 -1.7971223418E+08  2.0424458370E+08
    86673 -1.8040792422E+08  2.0429675160E+08
    86773 -1.8147349357E+08  2.0428878033E+08
    86873 -1.7870038614E+08  2.0442405163E+08
    86973 -1.8091446457E+08  2.0441025141E+08
    87073 -1.8059360646E+08  2.0462337926E+08
    87173 -1.7981394765E+08  2.0456317680E+08
    87273 -1.7837811380E+08  2.0446851472E+08
    87373 -1.8055504734E+08  2.0443936017E+08
    87473 -1.8135722005E+08  2.0456294351E+08
    87573 -1.8007133713E+08  2.0455777017E+08
    87673 -1.8014585137E+08  2.0439761592E+08
    87773 -1.7906450473E+08  2.0405723309E+08
    87873 -1.7997862165E+08  2.0420613471E+08
    87973 -1.8387083986E+08  2.0441785316E+08
    88073 -1.7842183608E+08  2.0433202652E+08
    88173 -1.7883614723E+08  2.0428865220E+08
    88273 -1.7997270390E+08  2.0409987175E+08
    88373 -1.7731840174E+08  2.0417587481E+08
    88473 -1.7783058469E+08  2.0406560371E+08
    88573 -1.7626506528E+08  2.0424273357E+08
    88673 -1.7788078308E+08  2.0438433686E+08
    88773 -1.7808753565E+08  2.0442461050E+08
    88873 -1.7773960556E+08  2.0434669739E+08
    88973 -1.7797007939E+08  2.0420280868E+08
    89073 -1.8008381366E+08  2.0433416645E+08
    89173 -1.7738552673E+08  2.0438480971E+08
    89273 -1.8136178730E+08  2.0446290406E+08
    89373 -1.7645318557E+08  2.0435028183E+08
    89473 -1.7791053351E+08  2.0427455058E+08
    89573 -1.7881534097E+08  2.0431645117E+08
    89673 -1.7805687202E+08  2.0443465281E+08
    89773 -1.7975863658E+08  2.0447095195E+08
    89873 -1.7618117670E+08  2.0426443535E+08
    89973 -1.7912938452E+08  2.0424859303E+08
    90073 -1.8000742238E+08  2.0427088756E+08
    90173 -1.7823077448E+08  2.0442810374E+08
    90273 -1.7964014963E+08  2.0455255677E+08
    90373 -1.8219035680E+08  2.0453602784E+08
    90473 -1.8124188064E+08  2.0454541426E+08
    90573 -1.7960015206E+08  2.0434232564E+08
    90673 -1.7869224406E+08  2.0449307576E+08
    90773 -1.7960994576E+08  2.0470593877E+08
    90873 -1.7812179989E+08  2.0482014919E+08
    90973 -1.7887017968E+08  2.0460883017E+08
    91073 -1.7937346362E+08  2.0437407771E+08
    91173 -1.8164170770E+08  2.0463246617E+08
    91273 -1.7968794496E+08  2.0459581501E+08
    91373 -1.7849529152E+08  2.0461655581E+08
    91473 -1.8019564839E+08  2.0440463709E+08
    91573 -1.7808587238E+08  2.0438977488E+08
    91673 -1.7792075163E+08  2.0444887617E+08
    91773 -1.7763181429E+08  2.0428718109E+08
    91873 -1.7978502477E+08  2.0430803499E+08
    91973 -1.7884742545E+08  2.0425011421E+08
    92073 -1.7760625056E+08  2.0421397096E+08
    92173 -1.7867812481E+08  2.0422918976E+08
    92273 -1.7850285678E+08  2.0433349670E+08
    92373 -1.7904629744E+08  2.0451354583E+08
    92473 -1.7926865782E+08  2.0456329165E+08
    92573 -1.7758057548E+08  2.0454688791E+08
    92673 -1.7719711112E+08  2.0458062330E+08
    92773 -1.7675580937E+08  2.0435442118E+08
    92873 -1.7464099387E+08  2.0428063818E+08
    92973 -1.7972465658E+08  2.0425506044E+08
    93073 -1.7807697607E+08  2.0412716620E+08
    93173 -1.7839316399E+08  2.0432707742E+08
    93273 -1.7859172988E+08  2.0433806924E+08
    93373 -1.7651505856E+08  2.0436938262E+08
    93473 -1.7730673310E+08  2.0430170455E+08
    93573 -1.7894624434E+08  2.0407230278E+08
    93673 -1.8066044606E+08  2.0389890134E+08
    93773 -1.7924150650E+08  2.0393003255E+08
    93873 -1.7663478436E+08  2.0403910472E+08
    93973 -1.7758576268E+08  2.0429029564E+08
    94073 -1.7793011617E+08  2.0427616773E+08
    94173 -1.8016976995E+08  2.0432698261E+08
    94273 -1.7782345379E+08  2.0453774953E+08
    94373 -1.8124458726E+08  2.0455386184E+08
    94473 -1.7949625954E+08  2.0433237408E+08
    94573 -1.8190180793E+08  2.0414668367E+08
    94673 -1.8068509208E+08  2.0435598096E+08
    94773 -1.8120485160E+08  2.0446706442E+08
    94873 -1.8292270151E+08  2.0461417626E+08
    94973 -1.8000998501E+08  2.0448660161E+08
    95073 -1.7678935138E+08  2.0440859273E+08
    95173 -1.7697091443E+08  2.0438326964E+08
    95273 -1.7987937315E+08  2.0430429890E+08
    95373 -1.8052950762E+08  2.0427423647E+08
    95473 -1.7874293783E+08  2.0438735570E+08
    95573 -1.7889942345E+08  2.0435311257E+08
    95673 -1.7923458753E+08  2.0422494706E+08
    95773 -1.7858348932E+08  2.0448774088E+08
    95873 -1.7862064202E+08  2.0453268954E+08
    95973 -1.7818165643E+08  2.0420651879E+08
    96073 -1.7744329918E+08  2.0430743500E+08
    96173 -1.7724944805E+08  2.0454622601E+08
    96273 -1.7712379089E+08  2.0453403523E+08
    96373 -1.7651413620E+08  2.0471351246E+08
    96473 -1.7892820774E+08  2.0480015947E+08
    96573 -1.7877027252E+08  2.0454772823E+08
    96673 -1.7960805106E+08  2.0437048661E+08
    96773 -1.7868546343E+08  2.0421105175E+08
    96873 -1.7929951688E+08  2.0438452911E+08
    96973 -1.8086653713E+08  2.0462704142E+08
    97073 -1.7783454866E+08  2.0461292673E+08
    97173 -1.7812225961E+08  2.0454017062E+08
    97273 -1.7885610447E+08  2.0455703377E+08
    97373 -1.7775937783E+08  2.0456795193E+08
    97473 -1.7814546776E+08  2.0436405604E+08
    97573 -1.8112042515E+08  2.0432741575E+08
    97673 -1.8016806897E+08  2.0437457456E+08
    97773 -1.8114679284E+08  2.0437737406E+08
    97873 -1.7965030932E+08  2.0411982149E+08
    97973 -1.7758773664E+08  2.0417728819E+08
    98073 -1.7729164557E+08  2.0455684320E+08
    98173 -1.7529261169E+08  2.0474992238E+08
    98273 -1.8144598740E+08  2.0479719509E+08
    98373 -1.8109831219E+08  2.0498049156E+08
    98473 -1.7827519355E+08  2.0488242568E+08
    98573 -1.7872351620E+08  2.0482025467E+08
    98673 -1.8105169622E+08  2.0475090229E+08
    98773 -1.7860587854E+08  2.0474151435E+08
    98873 -1.7748569488E+08  2.0483765709E+08
    98973 -1.7993094445E+08  2.0483224214E+08
    99073 -1.7788867807E+08  2.0482497550E+08
    99173 -1.7736036070E+08  2.0484811860E+08
    99273 -1.7817793450E+08  2.0486908847E+08
    99373 -1.7913272731E+08  2.0499114762E+08
    99473 -1.7952594552E+08  2.0497328334E+08
    99573 -1.7893884787E+08  2.0498012123E+08
    99673 -1.7905558359E+08  2.0471211436E+08
    99773 -1.7717813950E+08  2.0459134354E+08
    99873 -1.7750529818E+08  2.0452868476E+08
    99973 -1.7890848456E+08  2.0441006685E+08
   100073 -1.7670992588E+08  2.0437438460E+08
   100173 -1.7623596682E+08  2.0424721381E+08
   100273 -1.7825276258E+08  2.0403673287E+08
   100373 -1.7583923656E+08  2.0422182291E+08
   100473 -1.7981434096E+08  2.0435889500E+08
   100573 -1.7841926815E+08  2.0431811780E+08
   100673 -1.7792037668E+08  2.0463151836E+08
   100773 -1.7767699232E+08  2.0458812490E+08
   100873 -1.7797847552E+08  2.0474887825E+08
   100973 -1.7911492568E+08  2.0483327133E+08
   101073 -1.8089404678E+08  2.0473404746E+08
   101173 -1.7978737405E+08  2.0466466062E+08
   101273 -1.8015882234E+08  2.0457379148E+08
   101373 -1.7876456716E+08  2.0463572768E+08
   101473 -1.8111063867E+08  2.0467865315E+08
   101573 -1.7802510868E+08  2.0469035644E+08
   101673 -1.7716540201E+08  2.0467499619E+08
   101773 -1.7815647920E+08  2.0444426159E+08
   101873 -1.7847152486E+08  2.0448041032E+08
   101973 -1.7858462883E+08  2.0440391273E+08
   102073 -1.8062656147E+08  2.0436227983E+08
   102173 -1.7779510025E+08  2.0437846301E+08
   102273 -1.7892610872E+08  2.0453055282E+08
   102373 -1.8079646943E+08  2.0457017883E+08
   102473 -1.8125175552E+08  2.0454931233E+08
   102573 -1.8098276831E+08  2.0460970206E+08
   102673 -1.7832826025E+08  2.0456677599E+08
   102773 -1.8309502245E+08  2.0450556249E+08
   102873 -1.8313848695E+08  2.0457246073E+08
   102973 -1.7859696907E+08  2.0458982538E+08
   103073 -1.8059938809E+08  2.0463581725E+08
   103173 -1.7792949270E+08  2.0468020593E+08
   103273 -1.7807741942E+08  2.0452347985E+08
   103373 -1.7806534263E+08  2.0429654254E+08
   103473 -1.7823420972E+08  2.0447691688E+08
   103573 -1.7693724070E+08  2.0447218376E+08
   103673 -1.7755326987E+08  2.0422721864E+08
   103773 -1.7928721031E+08  2.0428345481E+08
   103873 -1.7839117553E+08  2.0430786742E+08
   103973 -1.7883734510E+08  2.0410031194E+08
   104073 -1.7876974050E+08  2.0409493039E+08
   104173 -1.8303943830E+08  2.0436619388E+08
   104273 -1.7889074198E+08  2.0435821662E+08
   104373 -1.8016435859E+08  2.0445213828E+08
   104473 -1.7919915646E+08  2.0450680959E+08
   104573 -1.8130296185E+08  2.0442105657E+08
   104673 -1.8071579982E+08  2.0448397573E+08
   104773 -1.7978485438E+08  2.0452227511E+08
   104873 -1.7977951780E+08  2.0444425776E+08
   104973 -1.7938969089E+08  2.0448201882E+08
   105073 -1.7596552755E+08  2.0454726230E+08
   105173 -1.7829120564E+08  2.0460206615E+08
   105273 -1.7810608587E+08  2.0470380545E+08
   105373 -1.7958542709E+08  2.0487463266E+08
   105473 -1.7916166441E+08  2.0479660872E+08
   105573 -1.8141404115E+08  2.0478696069E+08
   105673 -1.8102208415E+08  2.0482440401E+08
   105773 -1.7979049687E+08  2.0471367828E+08
   105873 -1.7887217155E+08  2.0479530376E+08
   105973 -1.8092555994E+08  2.0464562457E+08
   106073 -1.7990296291E+08  2.0460614330E+08
   106173 -1.8248290760E+08  2.0442711772E+08
   106273 -1.8011233111E+08  2.0424839174E+08
   106373 -1.8066492018E+08  2.0418569008E+08
   106473 -1.7959116723E+08  2.0441097047E+08
   106573 -1.8027802927E+08  2.0443727849E+08
   106673 -1.7933737925E+08  2.0433941764E+08
   106773 -1.7934244920E+08  2.0428211769E+08
   106873 -1.8041308207E+08  2.0420067501E+08
   106973 -1.7976115898E+08  2.0447031978E+08
   107073 -1.8135268307E+08  2.0460946563E+08
   107173 -1.7838144276E+08  2.0458963553E+08
   107273 -1.7990742676E+08  2.0440400098E+08
   107373 -1.8195298551E+08  2.0460228354E+08
   107473 -1.8065060947E+08  2.0475326621E+08
   107573 -1.7812090934E+08  2.0458378148E+08
   107673 -1.7985372013E+08  2.0444460725E+08
   107773 -1.8075481631E+08  2.0448586349E+08
   107873 -1.7927613247E+08  2.0450871200E+08
   107973 -1.7724176530E+08  2.0431043467E+08
   108073 -1.7835666825E+08  2.0417337665E+08
   108173 -1.7756143021E+08  2.0406888484E+08
   108273 -1.7711290129E+08  2.0410173537E+08
   108373 -1.7862830453E+08  2.0437526134E+08
   108473 -1.7730165482E+08  2.0452182815E+08
   108573 -1.7872107676E+08  2.0458562417E+08
   108673 -1.7856829192E+08  2.0463755856E+08
   108773 -1.8041004401E+08  2.0460109008E+08
   108873 -1.7850757836E+08  2.0429951970E+08
   108973 -1.7953654402E+08  2.0449419370E+08
   109073 -1.8011146446E+08  2.0437248492E+08
   109173 -1.7872422211E+08  2.0419369006E+08
   109273 -1.7809196891E+08  2.0439358338E+08
   109373 -1.7729013283E+08  2.0436934633E+08
   109473 -1.7961248705E+08  2.0442612170E+08
   109573 -1.7887115084E+08  2.0449773399E+08
   109673 -1.7725591033E+08  2.0429037777E+08
   109773 -1.7601217039E+08  2.0414044525E+08
   109873 -1.7453029888E+08  2.0395599752E+08
   109973 -1.7465654133E+08  2.0394094187E+08
   110073 -1.7709039684E+08  2.0407557253E+08
   110173 -1.7551787474E+08  2.0422020380E+08
   110273 -1.7789790646E+08  2.0422989041E+08
   110373 -1.7880596723E+08  2.0423409909E+08
   110473 -1.7902053462E+08  2.0424365442E+08
   110573 -1.7729879773E+08  2.0418482392E+08
   110673 -1.8028033780E+08  2.0428750394E+08
   110773 -1.7953421600E+08  2.0447928187E+08
   110873 -1.7723596091E+08  2.0444934591E+08
   110973 -1.8070731010E+08  2.0425258664E+08
   111073 -1.7915742825E+08  2.0421678691E+08
   111173 -1.7728432761E+08  2.0433697898E+08
   111273 -1.7938304537E+08  2.0469347052E+08
   111373 -1.7787787033E+08  2.0474293895E+08
   111473 -1.8004150649E+08  2.0450884115E+08
   111573 -1.7916534397E+08  2.0437156799E+08
   111673 -1.7807182389E+08  2.0432176924E+08
   111773 -1.7837249323E+08  2.0422247109E+08
   111873 -1.7831922268E+08  2.0431758462E+08
   111973 -1.7695394394E+08  2.0448820601E+08
   112073 -1.7993481067E+08  2.0460582293E+08
   112173 -1.7664353413E+08  2.0448938914E+08
   112273 -1.7640589160E+08  2.0436659622E+08
   112373 -1.7570578314E+08  2.0427127374E+08
   112473 -1.7877570796E+08  2.0428338900E+08
   112573 -1.7861110875E+08  2.0434405752E+08
   112673 -1.7903628906E+08  2.0445086227E+08
   112773 -1.7730543253E+08  2.0437476832E+08
   112873 -1.7942914796E+08  2.0438483659E+08
   112973 -1.8002604742E+08  2.0424698884E+08
   113073 -1.7979198930E+08  2.0443977386E+08
   113173 -1.8248070365E+08  2.0441596805E+08
   113273 -1.7835321177E+08  2.0452596152E+08
   113373 -1.7746492058E+08  2.0436180146E+08
   113473 -1.7998807885E+08  2.0427901865E+08
   113573 -1.8031648219E+08  2.0442042322E+08
   113673 -1.8004735988E+08  2.0460240625E+08
   113773 -1.7837065836E+08  2.0462799563E+08
   113873 -1.7899630231E+08  2.0463637300E+08
   113973 -1.7923007690E+08  2.0450185050E+08
   114073 -1.7757418651E+08  2.0452151483E+08
   114173 -1.7782525813E+08  2.0479063937E+08
   114273 -1.7675550584E+08  2.0469538784E+08
   114373 -1.7726915805E+08  2.0458291981E+08
   114473 -1.7760347889E+08  2.0422105184E+08
   114573 -1.7546301677E+08  2.0423641755E+08
   114673 -1.7808428045E+08  2.0409888828E+08
   114773 -1.7835260183E+08  2.0421729771E+08
   114873 -1.7674983921E+08  2.0429025573E+08
   114973 -1.7972185349E+08  2.0437817039E+08
   115073 -1.7910556776E+08  2.0429552403E+08
   115173 -1.8149968398E+08  2.0419883075E+08
   115273 -1.7823351701E+08  2.0443775363E+08
   115373 -1.7989770949E+08  2.0437154158E+08
   115473 -1.7815669471E+08  2.0452781315E+08
   115573 -1.7865404598E+08  2.0465586670E+08
   115673 -1.7860100442E+08  2.0460252670E+08
   115773 -1.7843949995E+08  2.0460894095E+08
   115873 -1.7938371246E+08  2.0467591715E+08
   115973 -1.7950777491E+08  2.0468958155E+08
   116073 -1.8173511849E+08  2.0445795445E+08
   116173 -1.8441565412E+08  2.0437973456E+08
   116273 -1.8187281426E+08  2.0427347315E+08
   116373 -1.8081338338E+08  2.0435663301E+08
   116473 -1.8051594034E+08  2.0435387041E+08
   116573 -1.7908480477E+08  2.0452613545E+08
   116673 -1.7810916924E+08  2.0420573402E+08
   116773 -1.7852696654E+08  2.0421520258E+08
   116873 -1.7758424034E+08  2.0429182662E+08
   116973 -1.8120161855E+08  2.0437127747E+08
   117073 -1.7881658861E+08  2.0425956753E+08
   117173 -1.7880579020E+08  2.0431069234E+08
   117273 -1.7762244878E+08  2.0450036434E+08
   117373 -1.7772776257E+08  2.0466446242E+08
   117473 -1.7891427520E+08  2.0466538715E+08
   117573 -1.7999863557E+08  2.0466480767E+08
   117673 -1.7690400549E+08  2.0467335357E+08
   117773 -1.7748746360E+08  2.0438069003E+08
   117873 -1.7926122696E+08  2.0439320584E+08
   117973 -1.8169207534E+08  2.0442823941E+08
   118073 -1.7929336533E+08  2.0461042703E+08
   118173 -1.7931290637E+08  2.0468791939E+08
   118273 -1.7943830436E+08  2.0468576254E+08
   118373 -1.8000402406E+08  2.0484059643E+08
   118473 -1.7942210809E+08  2.0471747431E+08
   118573 -1.7855661796E+08  2.0452577774E+08
   118673 -1.8145229417E+08  2.0446535725E+08
   118773 -1.8021078332E+08  2.0439196893E+08
   118873 -1.7993993422E+08  2.0461076703E+08
   118973 -1.7886277045E+08  2.0462515098E+08
   119073 -1.7753147912E+08  2.0452673813E+08
   119173 -1.7872235715E+08  2.0442949966E+08
   119273 -1.8022543047E+08  2.0458621676E+08
   119373 -1.7664891679E+08  2.0464495330E+08
   119473 -1.7799895720E+08  2.0451692846E+08
   119573 -1.7793087751E+08  2.0442345672E+08
   119673 -1.7901737512E+08  2.0462467234E+08
   119773 -1.7811379577E+08  2.0460371275E+08
   119873 -1.7688570603E+08  2.0462820506E+08
   119973 -1.7818957467E+08  2.0448041942E+08
   120073 -1.7968040996E+08  2.0432700656E+08
   120173 -1.7862397075E+08  2.0438629267E+08
   120273 -1.7664420438E+08  2.0441118709E+08
   120373 -1.7733385609E+08  2.0445206332E+08
   120473 -1.8061977344E+08  2.0445586908E+08
   120573 -1.7928510991E+08  2.0467363573E+08
   120673 -1.7923707859E+08  2.0472898398E+08
   120773 -1.7661411389E+08  2.0454076521E+08
   120873 -1.7726511261E+08  2.0450678904E+08
   120973 -1.8034712572E+08  2.0445910946E+08
   121073 -1.7849716248E+08  2.0465995123E+08
   121173 -1.7713649905E+08  2.0464992427E+08
   121273 -1.8054846681E+08  2.0460593757E+08
   121373 -1.7813820281E+08  2.0456764265E+08
   121473 -1.7758187414E+08  2.0446898511E+08
   121573 -1.7634056475E+08  2.0448436073E+08
   121673 -1.7558334014E+08  2.0457343684E+08
   121773 -1.7866121494E+08  2.0445561717E+08
   121873 -1.7806657254E+08  2.0437398593E+08
   121973 -1.7613201869E+08  2.0453393246E+08
   122073 -1.8188422439E+08  2.0483656038E+08
   122173 -1.7873159894E+08  2.0503614067E+08
   122273 -1.8192081615E+08  2.0498176659E+08
   122373 -1.7789162735E+08  2.0473594053E+08
   122473 -1.7960881044E+08  2.0476336621E+08
   122573 -1.7730159002E+08  2.0476177729E+08
   122673 -1.8175547315E+08  2.0455556729E+08
   122773 -1.7874499243E+08  2.0462930077E+08
   122873 -1.8021493338E+08  2.0449975276E+08
   122973 -1.7928394405E+08  2.0437793718E+08
   123073 -1.7727389864E+08  2.0442350568E+08
   123173 -1.7948030238E+08  2.0451907445E+08
   123273 -1.7740295643E+08  2.0462638319E+08
   123373 -1.7802535646E+08  2.0459289827E+08
   123473 -1.7829375575E+08  2.0455969298E+08
   123573 -1.7884505656E+08  2.0433255304E+08
   123673 -1.8096672973E+08  2.0420652979E+08
   123773 -1.7941524104E+08  2.0428358545E+08
   123873 -1.7581650410E+08  2.0441338667E+08
   123973 -1.7855316911E+08  2.0428286148E+08
   124073 -1.7944035291E+08  2.0434113154E+08
   124173 -1.7624688592E+08  2.0444040851E+08
   124273 -1.7971699845E+08  2.0438139761E+08
   124373 -1.8003256586E+08  2.0418134005E+08
   124473 -1.7781572522E+08  2.0414360414E+08
   124573 -1.7951274997E+08  2.0435263093E+08
   124673 -1.8021732110E+08  2.0444565163E+08
   124773 -1.7645995471E+08  2.0439898614E+08
   124873 -1.8007657685E+08  2.0461967052E+08
   124973 -1.7831361915E+08  2.0474626655E+08
   125073 -1.7909159832E+08  2.0462888531E+08
   125173 -1.8106073914E+08  2.0438083878E+08
   125273 -1.8193978272E+08  2.0441076891E+08
   125373 -1.7932086450E+08  2.0444394809E+08
   125473 -1.7859111710E+08  2.0439895813E+08
   125573 -1.7861616819E+08  2.0436560598E+08
   125673 -1.7985703321E+08  2.0432977704E+08
   125773 -1.7956571982E+08  2.0432257277E+08
   125873 -1.7715467049E+08  2.0442638358E+08
   125973 -1.7959309879E+08  2.0411765721E+08
   126073 -1.7800496159E+08  2.0404629442E+08
   126173 -1.7851377968E+08  2.0431723266E+08
   126273 -1.7840304612E+08  2.0432409918E+08
   126373 -1.7836520632E+08  2.0440250101E+08
   126473 -1.7846921225E+08  2.0441971636E+08
   126573 -1.7791621051E+08  2.0457662572E+08
   126673 -1.7873296359E+08  2.0462814408E+08
   126773 -1.7913671202E+08  2.0459444415E+08
   126873 -1.7878366564E+08  2.0454791913E+08
   126973 -1.7665154857E+08  2.0446512735E+08
   127073 -1.8056361103E+08  2.0435398271E+08
   127173 -1.7719781881E+08  2.0430259150E+08
   127273 -1.7772267336E+08  2.0458056873E+08
   127373 -1.7741297671E+08  2.0456542818E+08
   127473 -1.8023991758E+08  2.0455493072E+08
   127573 -1.7892719063E+08  2.0470577348E+08
   127673 -1.8244476535E+08  2.0460694584E+08
   127773 -1.8023219622E+08  2.0459718743E+08
   127873 -1.8042874777E+08  2.0434917395E+08
   127973 -1.7858132737E+08  2.0427117174E+08
   128073 -1.8227370886E+08  2.0437446648E+08
   128173 -1.7841757306E+08  2.0459357615E+08
   128273 -1.7931601774E+08  2.0472152295E+08
   128373 -1.7923639663E+08  2.0475004618E+08
   128473 -1.7768331776E+08  2.0460227883E+08
   128573 -1.7887135858E+08  2.0465361375E+08
   128673 -1.8034634224E+08  2.0460548467E+08
   128773 -1.7959085215E+08  2.0439879011E+08
   128873 -1.8436555754E+08  2.0465842459E+08
   128973 -1.8050945426E+08  2.0471437374E+08
   129073 -1.7633875679E+08  2.0482193876E+08
   129173 -1.7817501560E+08  2.0460820712E+08
   129273 -1.7917653392E+08  2.0442126005E+08
   129373 -1.7971332735E+08  2.0434566096E+08
   129473 -1.7909915343E+08  2.0455636879E+08
   129573 -1.8109321295E+08  2.0451298074E+08
   129673 -1.7916484974E+08  2.0440746279E+08
   129773 -1.7730012095E+08  2.0446661232E+08
   129873 -1.8076466429E+08  2.0443302421E+08
   129973 -1.8058505589E+08  2.0469507751E+08
   130073 -1.7912028382E+08  2.0450259962E+08
   130173 -1.8105079349E+08  2.0438626992E+08
   130273 -1.7935672136E+08  2.0414320683E+08
   130373 -1.8042001572E+08  2.0427871823E+08
   130473 -1.7887886851E+08  2.0430951407E+08
   130573 -1.7925692092E+08  2.0434360435E+08
   130673 -1.7980177319E+08  2.0455816329E+08
   130773 -1.7937003038E+08  2.0442417731E+08
   130873 -1.7823232714E+08  2.0460727670E+08
   130973 -1.8074974787E+08  2.0455916807E+08
   131073 -1.8096003667E+08  2.0428707383E+08
   131173 -1.7945150216E+08  2.0433205591E+08
   131273 -1.8004615836E+08  2.0433871598E+08
   131373 -1.7925961937E+08  2.0427892153E+08
   131473 -1.7879688109E+08  2.0426721136E+08
   131573 -1.8116001097E+08  2.0439106454E+08
   131673 -1.8223070205E+08  2.0452915414E+08
   131773 -1.7939568553E+08  2.0443624134E+08
   131873 -1.8022837792E+08  2.0448389776E+08
   131973 -1.7826828195E+08  2.0449661467E+08
   132073 -1.7990566444E+08  2.0454293558E+08
   132173 -1.8039887708E+08  2.0456860322E+08
   132273 -1.7708898499E+08  2.0458744618E+08
   132373 -1.8008935894E+08  2.0472423642E+08
   132473 -1.7900772493E+08  2.0473874656E+08
   132573 -1.7680046521E+08  2.0478038789E+08
   132673 -1.8194124419E+08  2.0461088625E+08
   132773 -1.8041595524E+08  2.0466029495E+08
   132873 -1.8326036917E+08  2.0463463125E+08
   132973 -1.7965208174E+08  2.0458422707E+08
   133073 -1.8133686897E+08  2.0451480625E+08
   133173 -1.8167186993E+08  2.0439280074E+08
   133273 -1.7823079257E+08  2.0425585229E+08
   133373 -1.8392343692E+08  2.0433834985E+08
   133473 -1.8098537889E+08  2.0426322803E+08
   133573 -1.8111251401E+08  2.0434483599E+08
   133673 -1.7800886836E+08  2.0434604535E+08
   133773 -1.8010406068E+08  2.0440754477E+08
   133873 -1.7932849743E+08  2.0437708838E+08
   133973 -1.8024349967E+08  2.0452929596E+08
   134073 -1.7921688555E+08  2.0429815796E+08
   134173 -1.7842584639E+08  2.0438267281E+08
   134273 -1.7756507471E+08  2.0460736999E+08
   134373 -1.7827416237E+08  2.0461774752E+08
   134473 -1.7970685064E+08  2.0437016289E+08
   134573 -1.7929306221E+08  2.0435704717E+08
   134673 -1.7882066722E+08  2.0454108935E+08
   134773 -1.7933200238E+08  2.0435496257E+08
   134873 -1.7703920537E+08  2.0427377944E+08
   134973 -1.7914980965E+08  2.0432645461E+08
   135073 -1.7966386270E+08  2.0423758234E+08
   135173 -1.7947093663E+08  2.0434893592E+08
   135273 -1.7607417075E+08  2.0453461722E+08
   135373 -1.7736029317E+08  2.0437769219E+08
   135473 -1.8064541718E+08  2.0435235414E+08
   135573 -1.7838469913E+08  2.0438929953E+08
   135673 -1.7885880083E+08  2.0432889277E+08
   135773 -1.8079876514E+08  2.0439816973E+08
   135873 -1.7678088366E+08  2.0432015194E+08
   135973 -1.7787451628E+08  2.0440355679E+08
   136073 -1.7902586008E+08  2.0454848451E+08
   136173 -1.7750022510E+08  2.0452458080E+08
   136273 -1.7521050423E+08  2.0444520783E+08
   136373 -1.7490607987E+08  2.0454166129E+08
   136473 -1.7840097466E+08  2.0480608890E+08
   136573 -1.7844073116E+08  2.0474386418E+08
   136673 -1.7892630852E+08  2.0466890352E+08
   136773 -1.7755458061E+08  2.0466093735E+08
   136873 -1.7934077100E+08  2.0457527657E+08
   136973 -1.7783746732E+08  2.0441725784E+08
   137073 -1.7724147209E+08  2.0441554411E+08
   137173 -1.7896731660E+08  2.0449342542E+08
   137273 -1.7692757932E+08  2.0450508762E+08
   137373 -1.7892094446E+08  2.0442858872E+08
   137473 -1.7856309152E+08  2.0443537750E+08
   137573 -1.7753500631E+08  2.0454980949E+08
   137673 -1.7924739874E+08  2.0432575698E+08
   137773 -1.7775843225E+08  2.0457942862E+08
   137873 -1.7917790441E+08  2.0454616183E+08
   137973 -1.7939091799E+08  2.0462125809E+08
   138073 -1.8169977682E+08  2.0450489800E+08
   138173 -1.8053708217E+08  2.0457857933E+08
   138273 -1.7824963181E+08  2.0461045119E+08
   138373 -1.7660119811E+08  2.0481570645E+08
   138473 -1.7834139095E+08  2.0476725478E+08
   138573 -1.7925991151E+08  2.0463230905E+08
   138673 -1.8095337345E+08  2.0452149950E+08
   138773 -1.7813921081E+08  2.0454461429E+08
   138873 -1.7732947959E+08  2.0442699921E+08
   138973 -1.7985593170E+08  2.0443934746E+08
   139073 -1.8009840533E+08  2.0448422977E+08
   139173 -1.8095565442E+08  2.0441043500E+08
   139273 -1.7949463211E+08  2.0445644835E+08
   139373 -1.7915041659E+08  2.0436296910E+08
   139473 -1.8024216760E+08  2.0442953286E+08
   139573 -1.7889178413E+08  2.0461839928E+08
   139673 -1.7917777522E+08  2.0465856976E+08
   139773 -1.7817118782E+08  2.0437937772E+08
   139873 -1.7920812203E+08  2.0430877228E+08
   139973 -1.7947344091E+08  2.0446393156E+08
   140073 -1.7852298095E+08  2.0446975714E+08
   140173 -1.7818026110E+08  2.0438037895E+08
   140273 -1.7882235165E+08  2.0440095698E+08
   140373 -1.7622140326E+08  2.0448574154E+08
   140473 -1.7774658397E+08  2.0454245134E+08
   140573 -1.7889780066E+08  2.0483795148E+08
   140673 -1.7669750159E+08  2.0486043339E+08
   140773 -1.7946422693E+08  2.0480327888E+08
   140873 -1.7848814482E+08  2.0480659550E+08
   140973 -1.7915555826E+08  2.0486303585E+08
   141073 -1.7704206607E+08  2.0474979623E+08
   141173 -1.7876882143E+08  2.0450541092E+08
   141273 -1.7782222149E+08  2.0453813035E+08
   141373 -1.7785255539E+08  2.0473535400E+08
   141473 -1.7983357956E+08  2.0459975904E+08
   141573 -1.7786376781E+08  2.0453825361E+08
   141673 -1.7952560264E+08  2.0453381732E+08
   141773 -1.7974945584E+08  2.0461220455E+08
   141873 -1.7811510168E+08  2.0446488898E+08
   141973 -1.7873301146E+08  2.0455196117E+08
   142073 -1.7926934636E+08  2.0461962683E+08
   142173 -1.7846421113E+08  2.0452520070E+08
   142273 -1.7649066822E+08  2.0437142782E+08
   142373 -1.7973595762E+08  2.0455166020E+08
   142473 -1.7879233059E+08  2.0464108850E+08
   142573 -1.7949412674E+08  2.0469991745E+08
   142673 -1.8053124753E+08  2.0445171255E+08
   142773 -1.8091632480E+08  2.0445356550E+08
   142873 -1.8090299899E+08  2.0435805851E+08
   142973 -1.8057669004E+08  2.0436840525E+08
   143073 -1.8092852380E+08  2.0432134101E+08
   143173 -1.7931180009E+08  2.0447108862E+08
   143273 -1.7820773398E+08  2.0438896569E+08
   143373 -1.8113617060E+08  2.0423495537E+08
   143473 -1.8081486865E+08  2.0427533295E+08
   143573 -1.7921704343E+08  2.0434838415E+08
   143673 -1.7981363649E+08  2.0422146191E+08
   143773 -1.8045200935E+08  2.0420968986E+08
   143873 -1.7900400019E+08  2.0442366791E+08
   143973 -1.7796614329E+08  2.0439871819E+08
   144073 -1.7711087367E+08  2.0446821510E+08
   144173 -1.7746341677E+08  2.0457985546E+08
   144273 -1.7806968508E+08  2.0456542223E+08
   144373 -1.7980892183E+08  2.0435050409E+08
   144473 -1.7940636086E+08  2.0425332354E+08
   144573 -1.7700278502E+08  2.0420219607E+08
   144673 -1.7805313460E+08  2.0428288464E+08
   144773 -1.7736666772E+08  2.0424641169E+08
   144873 -1.7686500181E+08  2.0406654379E+08
   144973 -1.7761575203E+08  2.0414553053E+08
   145073 -1.7690316335E+08  2.0399632035E+08
   145173 -1.7749418987E+08  2.0407326115E+08
   145273 -1.7772261693E+08  2.0437135448E+08
   145373 -1.7684411343E+08  2.0438705809E+08
   145473 -1.8125686538E+08  2.0435385222E+08
   145573 -1.8056006701E+08  2.0422312228E+08
   145673 -1.8062976225E+08  2.0405640844E+08
   145773 -1.7894419801E+08  2.0408754617E+08
   145873 -1.7843621698E+08  2.0398795515E+08
   145973 -1.7824859300E+08  2.0414546336E+08
   146073 -1.7905043269E+08  2.0424205085E+08
   146173 -1.7856749322E+08  2.0417290817E+08
   146273 -1.7909903251E+08  2.0412680310E+08
   146373 -1.7701166818E+08  2.0434974371E+08
   146473 -1.7636367594E+08  2.0453447991E+08
   146573 -1.7937532662E+08  2.0457301371E+08
   146673 -1.8077661721E+08  2.0448656863E+08
   146773 -1.7718806833E+08  2.0468721651E+08
   146873 -1.7987017823E+08  2.0452916670E+08
   146973 -1.8021664570E+08  2.0446623078E+08
   147073 -1.7740328284E+08  2.0426804919E+08
   147173 -1.7970397572E+08  2.0425015383E+08
   147273 -1.8114103274E+08  2.0448578291E+08
   147373 -1.7949223677E+08  2.0473250219E+08
   147473 -1.7913590260E+08  2.0453237007E+08
   147573 -1.7986467405E+08  2.0454183777E+08
   147673 -1.7868967983E+08  2.0435476268E+08
   147773 -1.7881982121E+08  2.0419085740E+08
   147873 -1.8028034125E+08  2.0419132856E+08
   147973 -1.7746348982E+08  2.0413740188E+08
   148073 -1.7908322177E+08  2.0417661560E+08
   148173 -1.7659722128E+08  2.0417277058E+08
   148273 -1.7891431837E+08  2.0417879679E+08
   148373 -1.7817957355E+08  2.0439060376E+08
   148473 -1.7913177326E+08  2.0448206107E+08
   148573 -1.7916993289E+08  2.0462657204E+08
   148673 -1.8057925573E+08  2.0479059685E+08
   148773 -1.7769414233E+08  2.0463337722E+08
   148873 -1.7947190993E+08  2.0446207814E+08
   148973 -1.7872629591E+08  2.0451388138E+08
   149073 -1.8167219341E+08  2.0442765960E+08
   149173 -1.7940575262E+08  2.0428798042E+08
   149273 -1.8059797192E+08  2.0437143135E+08
   149373 -1.8182645279E+08  2.0438444180E+08
   149473 -1.7843221385E+08  2.0430571297E+08
   149573 -1.7878741718E+08  2.0425867480E+08
   149673 -1.7858495725E+08  2.0430879661E+08
   149773 -1.7900573748E+08  2.0431814153E+08
   149873 -1.7858005421E+08  2.0430462950E+08
   149973 -1.8186062541E+08  2.0449798404E+08
   150073 -1.7868334671E+08  2.0467483648E+08
   150173 -1.7961180557E+08  2.0460889499E+08
   150273 -1.8026647016E+08  2.0470107481E+08
   150373 -1.8038528879E+08  2.0473919870E+08
   150473 -1.7800177103E+08  2.0460951985E+08
   150573 -1.7997653165E+08  2.0447230312E+08
   150673 -1.7898789122E+08  2.0439619946E+08
   150773 -1.8105151253E+08  2.0432426242E+08
   150873 -1.7949905102E+08  2.0428874610E+08
   150973 -1.7921420142E+08  2.0444755094E+08
   151073 -1.7869438236E+08  2.0454472956E+08
   151173 -1.8001978829E+08  2.0453947310E+08
   151273 -1.8060197189E+08  2.0462959470E+08
   151373 -1.8086146591E+08  2.0456608766E+08
   151473 -1.8285124208E+08  2.0465086197E+08
   151573 -1.7861923259E+08  2.0464281218E+08
   151673 -1.7977649968E+08  2.0482075055E+08
   151773 -1.7939630415E+08  2.0480687382E+08
   151873 -1.7728906471E+08  2.0475749812E+08
   151973 -1.8189912926E+08  2.0486706051E+08
   152073 -1.7917984918E+08  2.0471573372E+08
   152173 -1.7869476190E+08  2.0474749326E+08
   152273 -1.7835068830E+08  2.0463661885E+08
   152373 -1.8150850490E+08  2.0468214382E+08
   152473 -1.7833079269E+08  2.0468457566E+08
   152573 -1.7832636937E+08  2.0469048802E+08
   152673 -1.7942325634E+08  2.0463956676E+08
   152773 -1.7706449196E+08  2.0459441212E+08
   152873 -1.7784064992E+08  2.0460358704E+08
   152973 -1.7741825890E+08  2.0461577525E+08
   153073 -1.7717507683E+08  2.0470117884E+08
   153173 -1.7919113022E+08  2.0471458296E+08
   153273 -1.7924160712E+08  2.0449859130E+08
   153373 -1.8023394685E+08  2.0442675034E+08
   153473 -1.7990180149E+08  2.0461199204E+08
   153573 -1.8038424932E+08  2.0478881042E+08
   153673 -1.7870464910E+08  2.0475420816E+08
   153773 -1.7962490380E+08  2.0455316419E+08
   153873 -1.8038740727E+08  2.0451619103E+08
   153973 -1.8020286978E+08  2.0463281131E+08
   154073 -1.8117878802E+08  2.0475453968E+08
   154173 -1.8132964913E+08  2.0440600921E+08
   154273 -1.7934723461E+08  2.0421352390E+08
   154373 -1.7702478602E+08  2.0426825058E+08
   154473 -1.7773660126E+08  2.0462148186E+08
   154573 -1.8208562560E+08  2.0489213667E+08
   154673 -1.7975715685E+08  2.0487431656E+08
   154773 -1.8047971003E+08  2.0490734161E+08
   154873 -1.8046820788E+08  2.0480096739E+08
   154973 -1.8124826540E+08  2.0469653133E+08
   155073 -1.8084183951E+08  2.0490733577E+08
   155173 -1.7863137166E+08  2.0489529963E+08
   155273 -1.7882106206E+08  2.0482612623E+08
   155373 -1.7783753132E+08  2.0468776985E+08
   155473 -1.7628650646E+08  2.0469777598E+08
   155573 -1.7670228412E+08  2.0464307338E+08
   155673 -1.7733564024E+08  2.0445985203E+08
   155773 -1.8004998306E+08  2.0431977249E+08
   155873 -1.8060839925E+08  2.0411284312E+08
   155973 -1.8143162315E+08  2.0408506399E+08
   156073 -1.7708880839E+08  2.0440303424E+08
   156173 -1.7796249108E+08  2.0453894293E+08
   156273 -1.7603699325E+08  2.0464531529E+08
   156373 -1.7737553217E+08  2.0455802026E+08
   156473 -1.7934461691E+08  2.0472650817E+08
   156573 -1.7867323168E+08  2.0470561574E+08
   156673 -1.7896538465E+08  2.0458114751E+08
   156773 -1.7971632923E+08  2.0467690100E+08
   156873 -1.8186252531E+08  2.0467885967E+08
   156973 -1.7855334300E+08  2.0462959335E+08
   157073 -1.7704911467E+08  2.0483725604E+08
   157173 -1.7779616580E+08  2.0473501785E+08
   157273 -1.8017240884E+08  2.0478147420E+08
   157373 -1.7654651014E+08  2.0481048139E+08
   157473 -1.7579263263E+08  2.0472506583E+08
   157573 -1.7722057168E+08  2.0468678224E+08
   157673 -1.8022464913E+08  2.0467682534E+08
   157773 -1.7823601884E+08  2.0441986499E+08
   157873 -1.7875709935E+08  2.0451158451E+08
   157973 -1.7965626570E+08  2.0450444472E+08
   158073 -1.7879327535E+08  2.0468648367E+08
   158173 -1.7911513195E+08  2.0464733738E+08
   158273 -1.7749374333E+08  2.0458045088E+08
   158373 -1.7983546266E+08  2.0463017089E+08
   158473 -1.8049530323E+08  2.0494414137E+08
   158573 -1.8090820941E+08  2.0478505771E+08
   158673 -1.8068405156E+08  2.0471280926E+08
   158773 -1.7952165407E+08  2.0471801073E+08
   158873 -1.8022571007E+08  2.0440732789E+08
   158973 -1.7945326631E+08  2.0450110640E+08
   159073 -1.7981098296E+08  2.0456768959E+08
   159173 -1.7990919883E+08  2.0443281489E+08
   159273 -1.8101949028E+08  2.0443580482E+08
   159373 -1.8027440752E+08  2.0432443230E+08
   159473 -1.7866904506E+08  2.0452459746E+08
   159573 -1.7833920421E+08  2.0458739389E+08
   159673 -1.7857695139E+08  2.0455166299E+08
   159773 -1.7909249090E+08  2.0458385636E+08
   159873 -1.8037844667E+08  2.0451431859E+08
   159973 -1.7823446243E+08  2.0462708957E+08
   160073 -1.8104753029E+08  2.0458513241E+08
   160173 -1.7827314324E+08  2.0432529882E+08
   160273 -1.7918641101E+08  2.0438816775E+08
   160373 -1.8074460010E+08  2.0434058146E+08
   160473 -1.8038517348E+08  2.0417016879E+08
   160573 -1.8269282153E+08  2.0420731116E+08
   160673 -1.8001452564E+08  2.0433954348E+08
   160773 -1.7921164052E+08  2.0439052720E+08
   160873 -1.7945246881E+08  2.0450884273E+08
   160973 -1.7986053024E+08  2.0467155278E+08
   161073 -1.8212423848E+08  2.0477893638E+08
   161173 -1.8027259903E+08  2.0470393880E+08
   161273 -1.7902569289E+08  2.0486125161E+08
   161373 -1.7928411249E+08  2.0479505296E+08
   161473 -1.7729027676E+08  2.0473170842E+08
   161573 -1.7874119041E+08  2.0469187005E+08
   161673 -1.7873308625E+08  2.0441803857E+08
   161773 -1.7838140537E+08  2.0428249605E+08
   161873 -1.7955911103E+08  2.0425257879E+08
   161973 -1.7794018516E+08  2.0417012771E+08
   162073 -1.7818994176E+08  2.0437958999E+08
   162173 -1.7852795571E+08  2.0452057501E+08
   162273 -1.7526936184E+08  2.0452017862E+08
   162373 -1.7923223799E+08  2.0462625946E+08
   162473 -1.8021090420E+08  2.0459886154E+08
   162573 -1.7813118331E+08  2.0452885070E+08
   162673 -1.7805470300E+08  2.0462125158E+08
   162773 -1.7927385214E+08  2.0463146339E+08
   162873 -1.8122997277E+08  2.0470258474E+08
   162973 -1.8010968704E+08  2.0441676463E+08
   163073 -1.7884731034E+08  2.0449720181E+08
   163173 -1.7909053281E+08  2.0468785859E+08
   163273 -1.7688744603E+08  2.0448825633E+08
   163373 -1.7796373088E+08  2.0438212871E+08
   163473 -1.7886492171E+08  2.0416845308E+08
   163573 -1.7551831341E+08  2.0410875575E+08
   163673 -1.8144042582E+08  2.0433341804E+08
   163773 -1.7875856493E+08  2.0446575527E+08
   163873 -1.7970644616E+08  2.0434676870E+08
   163973 -1.7823643369E+08  2.0433383920E+08
   164073 -1.7975474857E+08  2.0453221793E+08
   164173 -1.8084402293E+08  2.0440709038E+08
   164273 -1.7875753297E+08  2.0457785888E+08
   164373 -1.7935398213E+08  2.0463763576E+08
   164473 -1.8001639932E+08  2.0458551653E+08
   164573 -1.7865619204E+08  2.0477851473E+08
   164673 -1.7742338342E+08  2.0469779724E+08
   164773 -1.7937461318E+08  2.0431882251E+08
   164873 -1.7816451485E+08  2.0411853171E+08
   164973 -1.7986982566E+08  2.0436898520E+08
   165073 -1.7860152161E+08  2.0447348990E+08
   165173 -1.7965933308E+08  2.0438999918E+08
   165273 -1.8104474570E+08  2.0471424467E+08
   165373 -1.7940873893E+08  2.0477385566E+08
   165473 -1.8055938155E+08  2.0480376915E+08
   165573 -1.7856250339E+08  2.0471381664E+08
   165673 -1.7945877193E+08  2.0459105656E+08
   165773 -1.7798311482E+08  2.0451549834E+08
   165873 -1.7642208326E+08  2.0441202955E+08
   165973 -1.7937880575E+08  2.0439267904E+08
   166073 -1.7894841581E+08  2.0446739623E+08
   166173 -1.8008927589E+08  2.0449618953E+08
   166273 -1.7590221508E+08  2.0423545838E+08
   166373 -1.7753465284E+08  2.0421210994E+08
   166473 -1.7956496933E+08  2.0434535896E+08
   166573 -1.8002939353E+08  2.0460133694E+08
   166673 -1.7869680708E+08  2.0462441582E+08
   166773 -1.7800065619E+08  2.0467809907E+08
   166873 -1.7817092961E+08  2.0461472056E+08
   166973 -1.7839163368E+08  2.0459128048E+08
   167073 -1.7883565559E+08  2.0470653421E+08
   167173 -1.7951526283E+08  2.0465743773E+08
   167273 -1.7877509941E+08  2.0462659203E+08
   167373 -1.7795310777E+08  2.0473337467E+08
   167473 -1.7721712181E+08  2.0485759805E+08
   167573 -1.7810910412E+08  2.0480085860E+08
   167673 -1.7855254872E+08  2.0449061695E+08
   167773 -1.7676159229E+08  2.0423205748E+08
   167873 -1.7974626378E+08  2.0423483766E+08
   167973 -1.7842043596E+08  2.0452339809E+08
   168073 -1.7953809819E+08  2.0443305363E+08
   168173 -1.7967777982E+08  2.0427667924E+08
   168273 -1.8121423423E+08  2.0435466524E+08
   168373 -1.7958970636E+08  2.0442154687E+08
   168473 -1.7711522802E+08  2.0452952702E+08
   168573 -1.7839316568E+08  2.0451282532E+08
   168673 -1.7966050380E+08  2.0459333646E+08
   168773 -1.8176211164E+08  2.0448820648E+08
   168873 -1.7890254714E+08  2.0456755263E+08
   168973 -1.7940155619E+08  2.0467622365E+08
   169073 -1.7814014814E+08  2.0481485153E+08
   169173 -1.8127080125E+08  2.0466120203E+08
   169273 -1.7976564649E+08  2.0450765902E+08
   169373 -1.7822439829E+08  2.0432744349E+08
   169473 -1.7854246176E+08  2.0426049084E+08
   169573 -1.7787022303E+08  2.0425985424E+08
   169673 -1.8019586143E+08  2.0419375021E+08
   169773 -1.7870659099E+08  2.0405203237E+08
   169873 -1.7851788022E+08  2.0398262421E+08
   169973 -1.7746426337E+08  2.0405566103E+08
   170073 -1.7773526299E+08  2.0427411666E+08
   170173 -1.7738864449E+08  2.0435447967E+08
   170273 -1.7899648006E+08  2.0434014178E+08
   170373 -1.7882749528E+08  2.0442159067E+08
   170473 -1.7947136226E+08  2.0442024451E+08
   170573 -1.7799414011E+08  2.0441106194E+08
   170673 -1.7843034426E+08  2.0425158389E+08
   170773 -1.7810157840E+08  2.0409204900E+08
   170873 -1.7788299104E+08  2.0398729376E+08
   170973 -1.7991485935E+08  2.0426223640E+08
   171073 -1.7932785981E+08  2.0432586223E+08
   171173 -1.7780708389E+08  2.0418738743E+08
   171273 -1.7829038528E+08  2.0434596407E+08
   171373 -1.7902953915E+08  2.0424787799E+08
   171473 -1.7884726339E+08  2.0441517353E+08
   171573 -1.7919501198E+08  2.0457783766E+08
   171673 -1.8020960281E+08  2.0477262732E+08
   171773 -1.8035888788E+08  2.0453760706E+08
   171873 -1.7794996536E+08  2.0461257661E+08
   171973 -1.8002313570E+08  2.0459361309E+08
   172073 -1.7714948156E+08  2.0465425566E+08
   172173 -1.7631962461E+08  2.0462868310E+08
   172273 -1.8074748319E+08  2.0455003599E+08
   172373 -1.7617612680E+08  2.0446492084E+08
   172473 -1.7848273583E+08  2.0435118091E+08
   172573 -1.7816503092E+08  2.0443060645E+08
   172673 -1.7977040787E+08  2.0451195812E+08
   172773 -1.8197079844E+08  2.0431618379E+08
   172873 -1.7945926062E+08  2.0446598019E+08
   172973 -1.7995787933E+08  2.0446448281E+08
   173073 -1.7921609219E+08  2.0443271858E+08
   173173 -1.7772193109E+08  2.0462130672E+08
   173273 -1.7917169847E+08  2.0461675532E+08
   173373 -1.7733888854E+08  2.0440666914E+08
   173473 -1.7829046115E+08  2.0437703211E+08
   173573 -1.7895534691E+08  2.0439083316E+08
   173673 -1.7776379388E+08  2.0424466701E+08
   173773 -1.7784335867E+08  2.0425360935E+08
   173873 -1.7795413937E+08  2.0421450927E+08
   173973 -1.8072143757E+08  2.0409153442E+08
   174073 -1.7841108493E+08  2.0442608282E+08
   174173 -1.7920545876E+08  2.0483056516E+08
   174273 -1.8038500710E+08  2.0484132031E+08
   174373 -1.7849276188E+08  2.0478175532E+08
   174473 -1.7865391441E+08  2.0486059836E+08
   174573 -1.7727396391E+08  2.0467097925E+08
   174673 -1.7678798754E+08  2.0457093057E+08
   174773 -1.7849138825E+08  2.0460791410E+08
   174873 -1.7824141172E+08  2.0421200149E+08
   174973 -1.7800047736E+08  2.0402098073E+08
   175073 -1.7817293724E+08  2.0422434098E+08
   175173 -1.7943101166E+08  2.0429141800E+08
   175273 -1.7975215463E+08  2.0437805440E+08
   175373 -1.7969695780E+08  2.0428304619E+08
   175473 -1.7951748629E+08  2.0421682288E+08
   175573 -1.7836854856E+08  2.0448469285E+08
   175673 -1.7898660664E+08  2.0452955900E+08
   175773 -1.7987308010E+08  2.0469787932E+08
   175873 -1.7767197784E+08  2.0454234614E+08
   175973 -1.7947355896E+08  2.0430818619E+08
   176073 -1.7889424284E+08  2.0442723691E+08
   176173 -1.7817028184E+08  2.0473623297E+08
   176273 -1.7680066355E+08  2.0462899872E+08
   176373 -1.7993066943E+08  2.0461138672E+08
   176473 -1.7991311813E+08  2.0452445591E+08
   176573 -1.7912090120E+08  2.0437359616E+08
   176673 -1.7857790193E+08  2.0456657881E+08
   176773 -1.8001597923E+08  2.0453861057E+08
   176873 -1.8047825856E+08  2.0427476895E+08
   176973 -1.7844553305E+08  2.0444182365E+08
   177073 -1.8144817767E+08  2.0438471798E+08
   177173 -1.7886851690E+08  2.0437366648E+08
   177273 -1.7986681035E+08  2.0426396884E+08
   177373 -1.7823339613E+08  2.0425317945E+08
   177473 -1.8070426435E+08  2.0436100606E+08
   177573 -1.7929590582E+08  2.0454798413E+08
   177673 -1.7877190663E+08  2.0448475981E+08
   177773 -1.7939895010E+08  2.0459785893E+08
   177873 -1.7927336865E+08  2.0451956691E+08
   177973 -1.7999568427E+08  2.0454220250E+08
   178073 -1.7720771400E+08  2.0451143638E+08
   178173 -1.7902001890E+08  2.0471036448E+08
   178273 -1.7872554462E+08  2.0465465970E+08
   178373 -1.7900694759E+08  2.0456924276E+08
   178473 -1.7734239847E+08  2.0465925350E+08
   178573 -1.7753075799E+08  2.0468005766E+08
   178673 -1.8037867003E+08  2.0461130372E+08
   178773 -1.7830182517E+08  2.0459151145E+08
   178873 -1.7666210867E+08  2.0454274085E+08
   178973 -1.7663737573E+08  2.0458360964E+08
   179073 -1.7773019928E+08  2.0461430636E+08
   179173 -1.7916064342E+08  2.0467179066E+08
   179273 -1.7802998301E+08  2.0472702860E+08
   179373 -1.7987415302E+08  2.0487878528E+08
   179473 -1.8123443951E+08  2.0475794387E+08
   179573 -1.8055738382E+08  2.0481875668E+08
   179673 -1.7941869409E+08  2.0489315265E+08
   179773 -1.7753992620E+08  2.0475129728E+08
   179873 -1.8030049249E+08  2.0465123134E+08
   179973 -1.7871426431E+08  2.0450252941E+08
   180073 -1.8048965383E+08  2.0436537653E+08
   180173 -1.7802160065E+08  2.0446193820E+08
   180273 -1.7878251046E+08  2.0452101204E+08
   180373 -1.7751702864E+08  2.0411308562E+08
   180473 -1.7782798942E+08  2.0404231005E+08
   180573 -1.7981263951E+08  2.0405377557E+08
   180673 -1.8001027368E+08  2.0405826283E+08
   180773 -1.7795046520E+08  2.0406958382E+08
   180873 -1.7709458362E+08  2.0432265873E+08
   180973 -1.7884096448E+08  2.0455845466E+08
   181073 -1.7840763625E+08  2.0444205144E+08
   181173 -1.8053915191E+08  2.0445368877E+08
   181273 -1.7855600390E+08  2.0476724108E+08
   181373 -1.7815306162E+08  2.0458715379E+08
   181473 -1.7828031335E+08  2.0448542345E+08
   181573 -1.7831396800E+08  2.0454570560E+08
   181673 -1.8028171762E+08  2.0452053824E+08
   181773 -1.7969268372E+08  2.0441426026E+08
   181873 -1.7932158276E+08  2.0418473204E+08
   181973 -1.7937703984E+08  2.0399849816E+08
   182073 -1.7784974440E+08  2.0413413478E+08
   182173 -1.7872026926E+08  2.0423588522E+08
   182273 -1.8023988771E+08  2.0437105883E+08
   182373 -1.7829195799E+08  2.0452923596E+08
   182473 -1.7804215617E+08  2.0472908730E+08
   182573 -1.8112586083E+08  2.0480926000E+08
   182673 -1.7776013941E+08  2.0482274984E+08
   182773 -1.7951257650E+08  2.0454700795E+08
   182873 -1.7734772432E+08  2.0454886988E+08
   182973 -1.7989110247E+08  2.0452108600E+08
   183073 -1.7970381804E+08  2.0437120234E+08
   183173 -1.7929154165E+08  2.0423674675E+08
   183273 -1.8108523279E+08  2.0427112449E+08
   183373 -1.7918057603E+08  2.0437137265E+08
   183473 -1.7940668387E+08  2.0441351568E+08
   183573 -1.7891084419E+08  2.0440435658E+08
   183673 -1.8207147107E+08  2.0422586026E+08
   183773 -1.8217793095E+08  2.0424741249E+08
   183873 -1.7849239651E+08  2.0436699823E+08
   183973 -1.8094724326E+08  2.0437779223E+08
   184073 -1.8118786112E+08  2.0454989065E+08
   184173 -1.7904196192E+08  2.0464048364E+08
   184273 -1.7756689231E+08  2.0471315451E+08
   184373 -1.7878171993E+08  2.0476103972E+08
   184473 -1.7876536810E+08  2.0476526603E+08
   184573 -1.7951777598E+08  2.0463440816E+08
   184673 -1.8044866591E+08  2.0445273130E+08
   184773 -1.8155156904E+08  2.0432629254E+08
   184873 -1.7932170788E+08  2.0438398331E+08
   184973 -1.7980781125E+08  2.0454085903E+08
   185073 -1.7831969262E+08  2.0475822359E+08
   185173 -1.7951886588E+08  2.0495786883E+08
   185273 -1.7811540434E+08  2.0497213498E+08
   185373 -1.7859774575E+08  2.0475774538E+08
   185473 -1.7746154350E+08  2.0458384035E+08
   185573 -1.7810699887E+08  2.0457161766E+08
   185673 -1.7860609310E+08  2.0445226521E+08
   185773 -1.7821043947E+08  2.0431642890E+08
   185873 -1.7709492186E+08  2.0441733158E+08
   185973 -1.7987568890E+08  2.0450786853E+08
   186073 -1.8069048818E+08  2.0460209813E+08
   186173 -1.7802644507E+08  2.0471208016E+08
   186273 -1.7603138700E+08  2.0470067051E+08
   186373 -1.7625931503E+08  2.0465121340E+08
   186473 -1.7799307158E+08  2.0482284291E+08
   186573 -1.7774839288E+08  2.0495447671E+08
   186673 -1.7911907125E+08  2.0456839795E+08
   186773 -1.7932771888E+08  2.0455037285E+08
   186873 -1.8096094294E+08  2.0471294032E+08
   186973 -1.8169104540E+08  2.0478685890E+08
   187073 -1.7877249773E+08  2.0469423112E+08
   187173 -1.7969591909E+08  2.0446514077E+08
   187273 -1.7726093398E+08  2.0440515337E+08
   187373 -1.7706385065E+08  2.0432071090E+08
   187473 -1.7692484869E+08  2.0448095284E+08
   187573 -1.7912469923E+08  2.0428727460E+08
   187673 -1.7588985503E+08  2.0429168186E+08
   187773 -1.7972972344E+08  2.0443235610E+08
   187873 -1.7951829394E+08  2.0435493604E+08
   187973 -1.7708166282E+08  2.0439146322E+08
   188073 -1.7811736108E+08  2.0457425970E+08
   188173 -1.7881197229E+08  2.0435372776E+08
   188273 -1.7916380974E+08  2.0430411323E+08
   188373 -1.7842879322E+08  2.0428730501E+08
   188473 -1.7887451111E+08  2.0409090056E+08
   188573 -1.8019362372E+08  2.0416784369E+08
   188673 -1.7766131829E+08  2.0425349002E+08
   188773 -1.7886184256E+08  2.0430661692E+08
   188873 -1.7809543491E+08  2.0427478787E+08
   188973 -1.7701388007E+08  2.0436610823E+08
   189073 -1.8020550560E+08  2.0427236078E+08
   189173 -1.7866568660E+08  2.0439265791E+08
   189273 -1.8099933816E+08  2.0425377064E+08
   189373 -1.7680443132E+08  2.0440986301E+08
   189473 -1.8006023728E+08  2.0463925396E+08
   189573 -1.7881527166E+08  2.0470376744E+08
   189673 -1.7864222421E+08  2.0479022128E+08
   189773 -1.8185595457E+08  2.0466003627E+08
   189873 -1.7957868207E+08  2.0460636149E+08
   189973 -1.7846911328E+08  2.0462303420E+08
   190073 -1.7844791986E+08  2.0446452436E+08
   190173 -1.7814788047E+08  2.0409884790E+08
   190273 -1.7485810157E+08  2.0413065802E+08
   190373 -1.7566074689E+08  2.0441583694E+08
   190473 -1.7797126690E+08  2.0456202356E+08
   190573 -1.7839832709E+08  2.0452062989E+08
   190673 -1.8107721520E+08  2.0443902183E+08
   190773 -1.8018232810E+08  2.0474378277E+08
   190873 -1.7961401970E+08  2.0458224479E+08
   190973 -1.8151953069E+08  2.0451359039E+08
   191073 -1.7989742773E+08  2.0444710783E+08
   191173 -1.8098499183E+08  2.0446266011E+08
   191273 -1.7896739117E+08  2.0446447788E+08
   191373 -1.7783414676E+08  2.0442210160E+08
   191473 -1.7913740731E+08  2.0421959245E+08
   191573 -1.8226475343E+08  2.0431284440E+08
   191673 -1.7903199596E+08  2.0449191133E+08
   191773 -1.8015641642E+08  2.0450470070E+08
   191873 -1.8038010185E+08  2.0452851380E+08
   191973 -1.7954049156E+08  2.0447988550E+08
   192073 -1.8049477162E+08  2.0463602241E+08
   192173 -1.7909729766E+08  2.0469612752E+08
   192273 -1.7971899997E+08  2.0457042261E+08
   192373 -1.8050104148E+08  2.0456327556E+08
   192473 -1.8082718236E+08  2.0447378123E+08
   192573 -1.7939375247E+08  2.0464667971E+08
   192673 -1.8076262662E+08  2.0480356971E+08
   192773 -1.8229875845E+08  2.0473042129E+08
   192873 -1.7734455853E+08  2.0449440875E+08
   192973 -1.7732382857E+08  2.0455155925E+08
   193073 -1.7886658937E+08  2.0457369150E+08
   193173 -1.7743005591E+08  2.0448994527E+08
   193273 -1.7666907725E+08  2.0445193689E+08
   193373 -1.7757667471E+08  2.0436850758E+08
   193473 -1.7908032942E+08  2.0448713134E+08
   193573 -1.8011292822E+08  2.0437766073E+08
   193673 -1.7760021984E+08  2.0430506880E+08
   193773 -1.7951353936E+08  2.0450017338E+08
   193873 -1.7818907106E+08  2.0473633542E+08
   193973 -1.8133165811E+08  2.0480219149E+08
   194073 -1.8081671270E+08  2.0485334491E+08
   194173 -1.7880276412E+08  2.0481146077E+08
   194273 -1.7948706813E+08  2.0473654915E+08
   194373 -1.7976318357E+08  2.0474096456E+08
   194473 -1.7875625901E+08  2.0468377274E+08
   194573 -1.8104312602E+08  2.0473354564E+08
   194673 -1.8023024400E+08  2.0467318075E+08
   194773 -1.7781316474E+08  2.0463361075E+08
   194873 -1.8001497801E+08  2.0463249973E+08
   194973 -1.8032776320E+08  2.0453468727E+08
   195073 -1.7659493596E+08  2.0450371231E+08
   195173 -1.7948976106E+08  2.0459374185E+08
   195273 -1.7912916803E+08  2.0456800546E+08
   195373 -1.7684464004E+08  2.0458547616E+08
   195473 -1.7934562372E+08  2.0472223137E+08
   195573 -1.7798823672E+08  2.0480469829E+08
   195673 -1.7809394784E+08  2.0484027921E+08
   195773 -1.7912266383E+08  2.0482221225E+08
   195873 -1.7880448561E+08  2.0468101418E+08
   195973 -1.7677290349E+08  2.0467096395E+08
   196073 -1.7851225969E+08  2.0464818606E+08
   196173 -1.7818584667E+08  2.0476231596E+08
   196273 -1.7872478866E+08  2.0469405930E+08
   196373 -1.7994311551E+08  2.0451954899E+08
   196473 -1.8039732627E+08  2.0433140388E+08
   196573 -1.7842564456E+08  2.0447531888E+08
   196673 -1.7937959902E+08  2.0478796370E+08
   196773 -1.8070741609E+08  2.0453338789E+08
   196873 -1.8032652962E+08  2.0455337668E+08
   196973 -1.8136343192E+08  2.0448007390E+08
   197073 -1.7899295832E+08  2.0441350475E+08
   197173 -1.7942882794E+08  2.0431058315E+08
   197273 -1.7640574806E+08  2.0446510603E+08
   197373 -1.7873117849E+08  2.0454666854E+08
   197473 -1.8235991447E+08  2.0425766084E+08
   197573 -1.7980502435E+08  2.0441156115E+08
   197673 -1.7877485734E+08  2.0459884401E+08
   197773 -1.7890089291E+08  2.0454547057E+08
   197873 -1.7830143591E+08  2.0451036306E+08
   197973 -1.7936985678E+08  2.0460776566E+08
   198073 -1.7856945476E+08  2.0447329758E+08
   198173 -1.7666498799E+08  2.0426323638E+08
   198273 -1.7981842882E+08  2.0442090974E+08
   198373 -1.8017987957E+08  2.0460530913E+08
   198473 -1.7903863165E+08  2.0438295558E+08
   198573 -1.7849516189E+08  2.0421954808E+08
   198673 -1.8063746336E+08  2.0431964559E+08
   198773 -1.8003353705E+08  2.0438362800E+08
   198873 -1.7845567359E+08  2.0424159504E+08
   198973 -1.7949971590E+08  2.0417060511E+08
   199073 -1.7719636844E+08  2.0431781953E+08
   199173 -1.7866594455E+08  2.0437367598E+08
   199273 -1.7834782141E+08  2.0447970968E+08
   199373 -1.7986363121E+08  2.0435136348E+08
   199473 -1.7886769488E+08  2.0430184768E+08
   199573 -1.7759452871E+08  2.0451126684E+08
   199673 -1.7872482562E+08  2.0463039807E+08
   199773 -1.7879951593E+08  2.0449374122E+08
   199873 -1.7882963212E+08  2.0436860034E+08
   199973 -1.7935932501E+08  2.0453985910E+08
   200073 -1.7737946152E+08  2.0449229038E+08
   200173 -1.7946544473E+08  2.0457385962E+08
   200273 -1.7829577441E+08  2.0492515278E+08
   200373 -1.8184655352E+08  2.0495254422E+08
   200473 -1.8099762992E+08  2.0480434844E+08
   200573 -1.8080472366E+08  2.0470106480E+08
   200673 -1.8234755245E+08  2.0469054125E+08
   200773 -1.7957404194E+08  2.0454719962E+08
   200873 -1.8020849360E+08  2.0459841620E+08
   200973 -1.7893704959E+08  2.0468678829E+08
   201073 -1.7708690252E+08  2.0467352196E+08
   201173 -1.7916534866E+08  2.0468708067E+08
   201273 -1.8297216914E+08  2.0483292636E+08
   201373 -1.7996722744E+08  2.0484392567E+08
   201473 -1.7997637073E+08  2.0486727785E+08
   201573 -1.7905614154E+08  2.0482026083E+08
   201673 -1.7865554428E+08  2.0464258854E+08
   201773 -1.8003102238E+08  2.0460300709E+08
   201873 -1.8015109194E+08  2.0478438387E+08
   201973 -1.8151695758E+08  2.0469871231E+08
   202073 -1.8066274699E+08  2.0487584791E+08
   202173 -1.8056352004E+08  2.0478582738E+08
   202273 -1.7967737786E+08  2.0459299836E+08
   202373 -1.7796117759E+08  2.0455895183E+08
   202473 -1.7935131017E+08  2.0459079288E+08
   202573 -1.7875702373E+08  2.0436412600E+08
   202673 -1.8145352998E+08  2.0433149418E+08
   202773 -1.7775237756E+08  2.0451551903E+08
   202873 -1.7691388246E+08  2.0458170623E+08
   202973 -1.7905725565E+08  2.0472363953E+08
   203073 -1.8055135257E+08  2.0481230397E+08
   203173 -1.7619687340E+08  2.0478956571E+08
   203273 -1.7974295964E+08  2.0448122641E+08
   203373 -1.7635037281E+08  2.0451349327E+08
   203473 -1.7905882769E+08  2.0440560857E+08
   203573 -1.7841204212E+08  2.0432601831E+08
   203673 -1.7582057324E+08  2.0442106363E+08
   203773 -1.7700182252E+08  2.0437959791E+08
   203873 -1.7880087293E+08  2.0460422376E+08
   203973 -1.7905120744E+08  2.0458872850E+08
   204073 -1.7719771402E+08  2.0450618627E+08
   204173 -1.7787420790E+08  2.0444195217E+08
   204273 -1.7902554532E+08  2.0440704103E+08
   204373 -1.8038851946E+08  2.0447398793E+08
   204473 -1.7944499410E+08  2.0426338234E+08
   204573 -1.7763745029E+08  2.0416108724E+08
   204673 -1.7850622794E+08  2.0419851522E+08
   204773 -1.7569536950E+08  2.0427624047E+08
   204873 -1.7792522850E+08  2.0451971327E+08
   204973 -1.7773063574E+08  2.0454890570E+08
   205073 -1.8174228254E+08  2.0450812928E+08
   205173 -1.7790526656E+08  2.0456981701E+08
   205273 -1.7947242195E+08  2.0469957649E+08
   205373 -1.7746334042E+08  2.0457873117E+08
   205473 -1.7961686564E+08  2.0468918587E+08
   205573 -1.7852699035E+08  2.0469720357E+08
   205673 -1.7976665480E+08  2.0465890624E+08
   205773 -1.8111850188E+08  2.0439668053E+08
   205873 -1.8247304196E+08  2.0430575900E+08
   205973 -1.8062107931E+08  2.0447523058E+08
   206073 -1.7940315077E+08  2.0472014309E+08
   206173 -1.8062060032E+08  2.0480385176E+08
   206273 -1.8242517585E+08  2.0447712412E+08
   206373 -1.7988429771E+08  2.0444354603E+08
   206473 -1.8159939211E+08  2.0435442402E+08
   206573 -1.8139367340E+08  2.0429455338E+08
   206673 -1.8060058454E+08  2.0422936975E+08
   206773 -1.7673671069E+08  2.0440308238E+08
   206873 -1.7643896160E+08  2.0442458977E+08
   206973 -1.7860653973E+08  2.0444360018E+08
   207073 -1.8053279348E+08  2.0425441693E+08
   207173 -1.8182017940E+08  2.0425834680E+08
   207273 -1.8058224168E+08  2.0433863805E+08
   207373 -1.7746349127E+08  2.0449378228E+08
   207473 -1.7909251111E+08  2.0468453411E+08
   207573 -1.7572327659E+08  2.0475369527E+08
   207673 -1.7975037478E+08  2.0445001724E+08
   207773 -1.7580705919E+08  2.0441576035E+08
   207873 -1.7860306418E+08  2.0440295730E+08
   207973 -1.8066055109E+08  2.0442362376E+08
   208073 -1.7790971161E+08  2.0437683592E+08
   208173 -1.7862571958E+08  2.0426332116E+08
   208273 -1.8075889107E+08  2.0429822092E+08
   208373 -1.7979381746E+08  2.0440985173E+08
   208473 -1.7830192145E+08  2.0444494898E+08
   208573 -1.7860256951E+08  2.0431505067E+08
   208673 -1.7809065506E+08  2.0443364578E+08
   208773 -1.7835223260E+08  2.0459206415E+08
   208873 -1.7847994383E+08  2.0474935664E+08
   208973 -1.7740481229E+08  2.0474007881E+08
   209073 -1.7654969875E+08  2.0466743104E+08
   209173 -1.7970341786E+08  2.0445571138E+08
   209273 -1.7678697580E+08  2.0461941796E+08
   209373 -1.7826928446E+08  2.0452628038E+08
   209473 -1.8061847668E+08  2.0449766309E+08
   209573 -1.7822114752E+08  2.0451232299E+08
   209673 -1.8017824583E+08  2.0445939179E+08
   209773 -1.7932092655E+08  2.0434063939E+08
   209873 -1.7842799225E+08  2.0438816372E+08
   209973 -1.7900167248E+08  2.0437998279E+08
   210073 -1.7685590186E+08  2.0433551843E+08
   210173 -1.7832815226E+08  2.0423753433E+08
   210273 -1.7641286780E+08  2.0423719168E+08
   210373 -1.7917137103E+08  2.0439212904E+08
   210473 -1.8177904521E+08  2.0462620817E+08
   210573 -1.8111676048E+08  2.0465660858E+08
   210673 -1.7725918855E+08  2.0463253445E+08
   210773 -1.8091677308E+08  2.0445743778E+08
   210873 -1.8064896070E+08  2.0432605290E+08
   210973 -1.8055986609E+08  2.0421089990E+08
   211073 -1.7966357134E+08  2.0439938976E+08
   211173 -1.7968094677E+08  2.0464799337E+08
   211273 -1.7871601131E+08  2.0450042398E+08
   211373 -1.7839207455E+08  2.0448582619E+08
   211473 -1.7900203588E+08  2.0450648114E+08
   211573 -1.7812520650E+08  2.0442845469E+08
   211673 -1.7861274691E+08  2.0425074021E+08
   211773 -1.7827864838E+08  2.0419792262E+08
   211873 -1.7945969027E+08  2.0430416612E+08
   211973 -1.7903667442E+08  2.0434783558E+08
   212073 -1.8222618746E+08  2.0431880832E+08
   212173 -1.8243734758E+08  2.0442260680E+08
   212273 -1.8172961648E+08  2.0445367710E+08
   212373 -1.7979524824E+08  2.0464370466E+08
   212473 -1.7999838567E+08  2.0476023109E+08
   212573 -1.7927621892E+08  2.0472776039E+08
   212673 -1.7836058207E+08  2.0472012564E+08
   212773 -1.7929930587E+08  2.0465009412E+08
   212873 -1.7890527991E+08  2.0455099188E+08
   212973 -1.7816124651E+08  2.0455728933E+08
   213073 -1.8091610569E+08  2.0436699160E+08
   213173 -1.7912923244E+08  2.0427149665E+08
   213273 -1.7758314283E+08  2.0427917121E+08
   213373 -1.8023896101E+08  2.0464388105E+08
   213473 -1.7930450210E+08  2.0458475954E+08
   213573 -1.7929217241E+08  2.0463302805E+08
   213673 -1.7819414645E+08  2.0468951317E+08
   213773 -1.8057873668E+08  2.0473520779E+08
   213873 -1.7973565235E+08  2.0455670363E+08
   213973 -1.7827250871E+08  2.0468197150E+08
   214073 -1.8226940829E+08  2.0490734881E+08
   214173 -1.7993035140E+08  2.0495776333E+08
   214273 -1.8114293313E+08  2.0457521773E+08
   214373 -1.7909900889E+08  2.0435620096E+08
   214473 -1.7858578646E+08  2.0442913369E+08
   214573 -1.8026799912E+08  2.0478880212E+08
   214673 -1.8176830338E+08  2.0475363086E+08
   214773 -1.7952482211E+08  2.0464554398E+08
   214873 -1.8089807867E+08  2.0494739923E+08
   214973 -1.8037384588E+08  2.0483126726E+08
   215073 -1.7626347846E+08  2.0467256994E+08
   215173 -1.7695551050E+08  2.0476098254E+08
   215273 -1.7745031965E+08  2.0471973562E+08
   215373 -1.7844356918E+08  2.0462941552E+08
   215473 -1.7749503986E+08  2.0433366920E+08
   215573 -1.7745077363E+08  2.0429692378E+08
   215673 -1.7862990656E+08  2.0411470417E+08
   215773 -1.7747250777E+08  2.0421851860E+08
   215873 -1.7726621480E+08  2.0447078635E+08
   215973 -1.7754746204E+08  2.0433889444E+08
   216073 -1.7810157692E+08  2.0437124198E+08
   216173 -1.7797380101E+08  2.0447341403E+08
   216273 -1.7973514626E+08  2.0447135990E+08
   216373 -1.7721378421E+08  2.0466810118E+08
   216473 -1.8143109771E+08  2.0478245847E+08
   216573 -1.8028919042E+08  2.0458569980E+08
   216673 -1.7938693484E+08  2.0456438065E+08
   216773 -1.7889014698E+08  2.0462099544E+08
   216873 -1.7851000544E+08  2.0467984725E+08
   216973 -1.7900691547E+08  2.0484607568E+08
   217073 -1.7817704582E+08  2.0475829169E+08
   217173 -1.8098941645E+08  2.0450119357E+08
   217273 -1.7857527842E+08  2.0440271679E+08
   217373 -1.7862520328E+08  2.0440914759E+08
   217473 -1.8082094139E+08  2.0445884925E+08
   217573 -1.8026441500E+08  2.0439697708E+08
   217673 -1.7965224639E+08  2.0446789661E+08
   217773 -1.7994826856E+08  2.0448822653E+08
   217873 -1.7997739269E+08  2.0428722438E+08
   217973 -1.7996214266E+08  2.0436819863E+08
   218073 -1.7840695000E+08  2.0463968602E+08
   218173 -1.7846841853E+08  2.0460209613E+08
   218273 -1.8025041233E+08  2.0466525675E+08
   218373 -1.8144849739E+08  2.0453141844E+08
   218473 -1.8080437698E+08  2.0451246427E+08
   218573 -1.7951427449E+08  2.0448389460E+08
   218673 -1.7804877549E+08  2.0449159463E+08
   218773 -1.8002279294E+08  2.0449891054E+08
   218873 -1.7905647187E+08  2.0440247293E+08
   218973 -1.7854877732E+08  2.0427301143E+08
   219073 -1.7887330085E+08  2.0434060098E+08
   219173 -1.7757190290E+08  2.0452313684E+08
   219273 -1.8046813115E+08  2.0466317374E+08
   219373 -1.7787147919E+08  2.0449992634E+08
   219473 -1.7930918846E+08  2.0437466698E+08
   219573 -1.8098723798E+08  2.0441251327E+08
   219673 -1.7927349763E+08  2.0449251885E+08
   219773 -1.7977722050E+08  2.0455339918E+08
   219873 -1.7853417526E+08  2.0461358552E+08
   219973 -1.7762578530E+08  2.0466017327E+08
   220073 -1.7904587037E+08  2.0468283433E+08
   220173 -1.8093954794E+08  2.0481006284E+08
   220273 -1.7608788525E+08  2.0479817139E+08
   220373 -1.7728461141E+08  2.0466254892E+08
   220473 -1.8036861816E+08  2.0459956631E+08
   220573 -1.7951330175E+08  2.0452313125E+08
   220673 -1.7920578230E+08  2.0410894544E+08
   220773 -1.7931852346E+08  2.0423792740E+08
   220873 -1.7882000661E+08  2.0431232074E+08
   220973 -1.8002460133E+08  2.0450381417E+08
   221073 -1.8072006282E+08  2.0446329446E+08
   221173 -1.8230007234E+08  2.0448921535E+08
   221273 -1.7764165985E+08  2.0449371871E+08
   221373 -1.8046245804E+08  2.0438507772E+08
   221473 -1.8206397041E+08  2.0451105556E+08
   221573 -1.8277334127E+08  2.0459907099E+08
   221673 -1.8179885900E+08  2.0460885338E+08
   221773 -1.8336562912E+08  2.0469478729E+08
   221873 -1.7920123095E+08  2.0476550564E+08
   221973 -1.7887999872E+08  2.0461470195E+08
   222073 -1.7836163197E+08  2.0476899711E+08
   222173 -1.8284539973E+08  2.0482511021E+08
   222273 -1.7993591999E+08  2.0454729809E+08
   222373 -1.7904697563E+08  2.0465422759E+08
   222473 -1.8033893452E+08  2.0448416824E+08
   222573 -1.8179307454E+08  2.0437308913E+08
   222673 -1.8107395431E+08  2.0432035200E+08
   222773 -1.8241316288E+08  2.0435577439E+08
   222873 -1.8391941052E+08  2.0420653321E+08
   222973 -1.8060362468E+08  2.0411744438E+08
   223073 -1.7720958296E+08  2.0438101185E+08
   223173 -1.7891507563E+08  2.0420175593E+08
   223273 -1.8155309207E+08  2.0414150214E+08
   223373 -1.8237237482E+08  2.0407118599E+08
   223473 -1.7938320130E+08  2.0432019508E+08
   223573 -1.7835990338E+08  2.0451008350E+08
   223673 -1.7669962017E+08  2.0462094665E+08
   223773 -1.7731880642E+08  2.0479060085E+08
   223873 -1.7934742544E+08  2.0482144337E+08
   223973 -1.7836029140E+08  2.0462761144E+08
   224073 -1.7829432126E+08  2.0460553034E+08
   224173 -1.7702282566E+08  2.0463990782E+08
   224273 -1.7954617297E+08  2.0451938658E+08
   224373 -1.7747480188E+08  2.0440698088E+08
   224473 -1.8141473098E+08  2.0451092686E+08
   224573 -1.8106706056E+08  2.0445320409E+08
   224673 -1.8153113694E+08  2.0439349427E+08
   224773 -1.7988823439E+08  2.0433692977E+08
   224873 -1.7842060370E+08  2.0439339591E+08
   224973 -1.7900513719E+08  2.0458081459E+08
   225073 -1.7983629606E+08  2.0448101387E+08
   225173 -1.8016718082E+08  2.0451311223E+08
   225273 -1.7992792026E+08  2.0470315181E+08
   225373 -1.8121323461E+08  2.0489273339E+08
   225473 -1.7977378386E+08  2.0481042468E+08
   225573 -1.7785793722E+08  2.0455938302E+08
   225673 -1.7774786256E+08  2.0451011339E+08
   225773 -1.7942362689E+08  2.0428252816E+08
   225873 -1.7541558850E+08  2.0434819695E+08
   225973 -1.7986411528E+08  2.0444533858E+08
   226073 -1.7889854682E+08  2.0431652192E+08
   226173 -1.7855831280E+08  2.0423149622E+08
   226273 -1.7905241996E+08  2.0415496346E+08
   226373 -1.7970762624E+08  2.0408206483E+08
   226473 -1.7765523498E+08  2.0417787864E+08
   226573 -1.7774122374E+08  2.0415385016E+08
   226673 -1.8014994993E+08  2.0407894898E+08
   226773 -1.7790904491E+08  2.0406143920E+08
   226873 -1.7755804977E+08  2.0403313122E+08
   226973 -1.7921387461E+08  2.0402720266E+08
   227073 -1.7896731339E+08  2.0417508259E+08
   227173 -1.7944512773E+08  2.0437252492E+08
   227273 -1.7988164614E+08  2.0453387968E+08
   227373 -1.8018836050E+08  2.0446682414E+08
   227473 -1.7795272121E+08  2.0448964096E+08
   227573 -1.7847018535E+08  2.0443489133E+08
   227673 -1.7982344176E+08  2.0428138138E+08
   227773 -1.7971482850E+08  2.0445661102E+08
   227873 -1.7888966628E+08  2.0473019817E+08
   227973 -1.7860145063E+08  2.0510310385E+08
   228073 -1.7848579051E+08  2.0508401589E+08
   228173 -1.8275616128E+08  2.0484411763E+08
   228273 -1.7874997852E+08  2.0459552270E+08
   228373 -1.7933412696E+08  2.0467373995E+08
   228473 -1.7922861192E+08  2.0454040612E+08
   228573 -1.8066787172E+08  2.0445086478E+08
   228673 -1.7740867594E+08  2.0462447467E+08
   228773 -1.7780991774E+08  2.0464925545E+08
   228873 -1.7754256081E+08  2.0456446845E+08
   228973 -1.7864837309E+08  2.0452647769E+08
   229073 -1.8071501661E+08  2.0449523899E+08
   229173 -1.8018463444E+08  2.0450169821E+08
   229273 -1.8215766833E+08  2.0446502248E+08
   229373 -1.7967664779E+08  2.0470620097E+08
   229473 -1.7876570723E+08  2.0472436468E+08
   229573 -1.7775602826E+08  2.0441795179E+08
   229673 -1.8028531894E+08  2.0442576173E+08
   229773 -1.7979372992E+08  2.0431376867E+08
   229873 -1.8178237424E+08  2.0454569904E+08
   229973 -1.8218670813E+08  2.0447089470E+08
   230073 -1.8037357118E+08  2.0406334610E+08
   230173 -1.7953712347E+08  2.0403364782E+08
   230273 -1.8121097924E+08  2.0415152954E+08
   230373 -1.7917933494E+08  2.0438660029E+08
   230473 -1.7821022478E+08  2.0466191823E+08
   230573 -1.7929768468E+08  2.0468262390E+08
   230673 -1.8163642722E+08  2.0436398157E+08
   230773 -1.7962748887E+08  2.0438580868E+08
   230873 -1.8046044212E+08  2.0433107188E+08
   230973 -1.7944875488E+08  2.0446240470E+08
   231073 -1.8164058029E+08  2.0449826758E+08
   231173 -1.7965267149E+08  2.0435194592E+08
   231273 -1.7896305743E+08  2.0439867143E+08
   231373 -1.7660965759E+08  2.0435400642E+08
   231473 -1.7850935530E+08  2.0443140051E+08
   231573 -1.7931690270E+08  2.0448576728E+08
   231673 -1.7944957425E+08  2.0443420305E+08
   231773 -1.7882768979E+08  2.0456327301E+08
   231873 -1.7884722324E+08  2.0446903139E+08
   231973 -1.7811708059E+08  2.0422233224E+08
   232073 -1.7853972701E+08  2.0416766210E+08
   232173 -1.7621892194E+08  2.0442692869E+08
   232273 -1.7835370470E+08  2.0455277382E+08
   232373 -1.7596758003E+08  2.0445992729E+08
   232473 -1.8262641091E+08  2.0439719308E+08
   232573 -1.7938882843E+08  2.0431009695E+08
   232673 -1.7941460533E+08  2.0431626736E+08
   232773 -1.8006404448E+08  2.0403628570E+08
   232873 -1.7697586212E+08  2.0398989143E+08
   232973 -1.7651285552E+08  2.0431200435E+08
   233073 -1.7816610512E+08  2.0436249679E+08
   233173 -1.8001013864E+08  2.0470793445E+08
   233273 -1.8008261418E+08  2.0456305881E+08
   233373 -1.7870942615E+08  2.0473133660E+08
   233473 -1.8085567604E+08  2.0466111796E+08
   233573 -1.7976752881E+08  2.0452341319E+08
   233673 -1.7912249513E+08  2.0467544536E+08
   233773 -1.7780733928E+08  2.0445344960E+08
   233873 -1.7943859709E+08  2.0451920138E+08
   233973 -1.7787168870E+08  2.0463715909E+08
   234073 -1.7778195253E+08  2.0460384632E+08
   234173 -1.7973856770E+08  2.0441259738E+08
   234273 -1.7720970370E+08  2.0410286591E+08
   234373 -1.7953295463E+08  2.0427286239E+08
   234473 -1.7676637839E+08  2.0429510902E+08
   234573 -1.8065739965E+08  2.0433634334E+08
   234673 -1.8003579048E+08  2.0422888497E+08
   234773 -1.8041524449E+08  2.0438745106E+08
   234873 -1.7921728491E+08  2.0463357557E+08
   234973 -1.7910017542E+08  2.0469278474E+08
   235073 -1.7998315286E+08  2.0466353428E+08
   235173 -1.7971330421E+08  2.0453608370E+08
   235273 -1.7867486665E+08  2.0461064738E+08
   235373 -1.7780339480E+08  2.0458218840E+08
   235473 -1.7872424904E+08  2.0447094749E+08
   235573 -1.8195328566E+08  2.0431073125E+08
   235673 -1.8178312905E+08  2.0415754805E+08
   235773 -1.7942496959E+08  2.0421684324E+08
   235873 -1.7949760262E+08  2.0427709299E+08
   235973 -1.8038643378E+08  2.0422393985E+08
   236073 -1.7639866839E+08  2.0434949275E+08
   236173 -1.7649413176E+08  2.0437049945E+08
   236273 -1.7636872337E+08  2.0421044414E+08
   236373 -1.7800294777E+08  2.0407545441E+08
   236473 -1.7722646086E+08  2.0407955457E+08
   236573 -1.7781131451E+08  2.0418737879E+08
   236673 -1.8056212645E+08  2.0436379307E+08
   236773 -1.8028572955E+08  2.0431671642E+08
   236873 -1.8134185394E+08  2.0452502424E+08
   236973 -1.8166740187E+08  2.0451870839E+08
   237073 -1.7909921319E+08  2.0454998623E+08
   237173 -1.8144383673E+08  2.0450123594E+08
   237273 -1.7702440233E+08  2.0450259908E+08
   237373 -1.7720085140E+08  2.0431512012E+08
   237473 -1.7707997681E+08  2.0415870181E+08
   237573 -1.7788566493E+08  2.0435658613E+08
   237673 -1.7903014625E+08  2.0442043193E+08
   237773 -1.7960749409E+08  2.0430836099E+08
   237873 -1.7680520186E+08  2.0430353494E+08
   237973 -1.7682494486E+08  2.0432173050E+08
   238073 -1.7930973521E+08  2.0438702336E+08
   238173 -1.7868451959E+08  2.0437562587E+08
   238273 -1.7788957144E+08  2.0445791001E+08
   238373 -1.8156173539E+08  2.0440108870E+08
   238473 -1.8048431407E+08  2.0455967289E+08
   238573 -1.7797866716E+08  2.0455346385E+08
   238673 -1.7669096972E+08  2.0478295668E+08
   238773 -1.7872992236E+08  2.0477714035E+08
   238873 -1.7750460863E+08  2.0455414070E+08
   238973 -1.7676333023E+08  2.0477602327E+08
   239073 -1.7821828995E+08  2.0485884045E+08
   239173 -1.7976756928E+08  2.0465014856E+08
   239273 -1.7823710649E+08  2.0451492881E+08
   239373 -1.8050764198E+08  2.0452419153E+08
   239473 -1.8112118949E+08  2.0480129211E+08
   239573 -1.8098887727E+08  2.0475832482E+08
   239673 -1.7894629416E+08  2.0471441752E+08
   239773 -1.8146457326E+08  2.0456466165E+08
   239873 -1.7942194001E+08  2.0438918071E+08
   239973 -1.7833904117E+08  2.0457092792E+08
   240073 -1.8142947022E+08  2.0470195052E+08
   240173 -1.8081817004E+08  2.0462432218E+08
   240273 -1.8144409068E+08  2.0452544084E+08
   240373 -1.7776162497E+08  2.0454473979E+08
   240473 -1.7735550073E+08  2.0454744480E+08
   240573 -1.7858896875E+08  2.0458363159E+08
   240673 -1.7904512459E+08  2.0463286369E+08
   240773 -1.7813030390E+08  2.0466177723E+08
   240873 -1.7900438016E+08  2.0464391835E+08
   240973 -1.8075648182E+08  2.0464177829E+08
   241073 -1.7888513594E+08  2.0431202074E+08
   241173 -1.7939981129E+08  2.0421744312E+08
   241273 -1.7833595165E+08  2.0436214217E+08
   241373 -1.8204170321E+08  2.0451005475E+08
   241473 -1.8158231057E+08  2.0443422852E+08
   241573 -1.8014590931E+08  2.0441483005E+08
   241673 -1.7904652725E+08  2.0441566476E+08
   241773 -1.7780462357E+08  2.0435524137E+08
   241873 -1.8061083228E+08  2.0466495718E+08
   241973 -1.8029865652E+08  2.0468771104E+08
   242073 -1.7796121027E+08  2.0450916734E+08
   242173 -1.8096576150E+08  2.0444709185E+08
   242273 -1.8051320390E+08  2.0436688728E+08
   242373 -1.7972868504E+08  2.0436323032E+08
   242473 -1.8075153216E+08  2.0423970811E+08
   242573 -1.7777704621E+08  2.0406836310E+08
   242673 -1.7908736483E+08  2.0416057767E+08
   242773 -1.8025166450E+08  2.0401791113E+08
   242873 -1.7970593775E+08  2.0396067107E+08
   242973 -1.8303169881E+08  2.0416376724E+08
   243073 -1.8146163601E+08  2.0428113076E+08
   243173 -1.8032215713E+08  2.0428431731E+08
   243273 -1.7831424105E+08  2.0409860216E+08
   243373 -1.8397714237E+08  2.0419214545E+08
   243473 -1.8071370233E+08  2.0413868503E+08
   243573 -1.7740053809E+08  2.0418518008E+08
   243673 -1.8019608092E+08  2.0423395474E+08
   243773 -1.8157333783E+08  2.0438757982E+08
   243873 -1.8021146646E+08  2.0446500431E+08
   243973 -1.8131341712E+08  2.0462573226E+08
   244073 -1.7856861220E+08  2.0481791607E+08
   244173 -1.8079098333E+08  2.0489258733E+08
   244273 -1.7846569330E+08  2.0464520824E+08
   244373 -1.7878605667E+08  2.0432400976E+08
   244473 -1.7842392474E+08  2.0444671121E+08
   244573 -1.7879417068E+08  2.0453154465E+08
   244673 -1.8002731807E+08  2.0452119136E+08
   244773 -1.7911163379E+08  2.0450445826E+08
   244873 -1.8068498616E+08  2.0466165495E+08
   244973 -1.7885930001E+08  2.0471575459E+08
   245073 -1.8001724602E+08  2.0462559775E+08
   245173 -1.8005811537E+08  2.0468603005E+08
   245273 -1.7956736514E+08  2.0465405101E+08
   245373 -1.7776099895E+08  2.0469298488E+08
   245473 -1.8010082481E+08  2.0480577114E+08
   245573 -1.7661898082E+08  2.0452046664E+08
   245673 -1.7809093112E+08  2.0448615671E+08
   245773 -1.7807145499E+08  2.0450275696E+08
   245873 -1.7695679061E+08  2.0467372357E+08
   245973 -1.8044957911E+08  2.0464392523E+08
   246073 -1.7678836273E+08  2.0482354483E+08
   246173 -1.8050842846E+08  2.0490479541E+08
   246273 -1.7750408806E+08  2.0471549624E+08
   246373 -1.7590859817E+08  2.0448381195E+08
   246473 -1.7708692888E+08  2.0448775434E+08
   246573 -1.7623149989E+08  2.0443381679E+08
   246673 -1.8006787737E+08  2.0447111909E+08
   246773 -1.7741631016E+08  2.0449709350E+08
   246873 -1.7960627731E+08  2.0458967762E+08
   246973 -1.7867595923E+08  2.0454734474E+08
   247073 -1.7934497873E+08  2.0447996255E+08
   247173 -1.7842172000E+08  2.0456309794E+08
   247273 -1.7661574867E+08  2.0442354422E+08
   247373 -1.7845578746E+08  2.0430304250E+08
   247473 -1.7997010104E+08  2.0446989294E+08
   247573 -1.7861686134E+08  2.0433218748E+08
   247673 -1.7985326102E+08  2.0427147995E+08
   247773 -1.7893792573E+08  2.0388609401E+08
   247873 -1.7987690993E+08  2.0364397021E+08
   247973 -1.7978536356E+08  2.0407419070E+08
   248073 -1.7682224756E+08  2.0407731323E+08
   248173 -1.7948141845E+08  2.0423803682E+08
   248273 -1.8082983279E+08  2.0435822171E+08
   248373 -1.7970075581E+08  2.0436874594E+08
   248473 -1.8104968657E+08  2.0434457591E+08
   248573 -1.8070787353E+08  2.0442680855E+08
   248673 -1.7831986281E+08  2.0462611685E+08
   248773 -1.7897772247E+08  2.0463009772E+08
   248873 -1.7944072366E+08  2.0463041547E+08
   248973 -1.8086305168E+08  2.0469495755E+08
   249073 -1.8036835444E+08  2.0449432645E+08
   249173 -1.7987602924E+08  2.0430117994E+08
   249273 -1.8097398708E+08  2.0438407536E+08
   249373 -1.8044720369E+08  2.0447870630E+08
   249473 -1.7975942894E+08  2.0449208963E+08
   249573 -1.8001929816E+08  2.0450558345E+08
   249673 -1.8137774864E+08  2.0434921873E+08
   249773 -1.7966769898E+08  2.0434343806E+08
   249873 -1.8160049512E+08  2.0432239982E+08
   249973 -1.8091293648E+08  2.0425531085E+08
   250073 -1.7788316463E+08  2.0439026762E+08
   250173 -1.7692075313E+08  2.0443336083E+08
   250273 -1.7766943155E+08  2.0440075175E+08
   250373 -1.7613481125E+08  2.0436727575E+08
   250473 -1.7746528051E+08  2.0434768907E+08
   250573 -1.7819807523E+08  2.0444051757E+08
   250673 -1.8142058334E+08  2.0426394154E+08
   250773 -1.7914384909E+08  2.0439784722E+08
   250873 -1.7886273186E+08  2.0432792167E+08
   250973 -1.7762578644E+08  2.0441263556E+08
   251073 -1.7842088976E+08  2.0439207334E+08
   251173 -1.7895157525E+08  2.0451671962E+08
   251273 -1.7781354867E+08  2.0459832847E+08
   251373 -1.7964488568E+08  2.0448891254E+08
   251473 -1.8051933641E+08  2.0451238188E+08
   251573 -1.7869623787E+08  2.0457906063E+08
   251673 -1.7908271677E+08  2.0436212930E+08
   251773 -1.7931640642E+08  2.0445905193E+08
   251873 -1.7879227229E+08  2.0419832842E+08
   251973 -1.7620289628E+08  2.0418025352E+08
   252073 -1.7887500156E+08  2.0431159576E+08
   252173 -1.7858381096E+08  2.0460148259E+08
   252273 -1.7812301259E+08  2.0449418193E+08
   252373 -1.7858722299E+08  2.0452127180E+08
   252473 -1.7806743934E+08  2.0445086546E+08
   252573 -1.7831405661E+08  2.0450370509E+08
   252673 -1.7902745422E+08  2.0449987327E+08
   252773 -1.7880454032E+08  2.0441143425E+08
   252873 -1.7931682447E+08  2.0435739586E+08
   252973 -1.7822773647E+08  2.0456709711E+08
   253073 -1.7835320492E+08  2.0460734461E+08
   253173 -1.7847484434E+08  2.0442555405E+08
   253273 -1.7832585602E+08  2.0440377441E+08
   253373 -1.7681883601E+08  2.0446118361E+08
   253473 -1.7796082309E+08  2.0448516729E+08
   253573 -1.7753920223E+08  2.0446415126E+08
   253673 -1.7960621282E+08  2.0438293280E+08
   253773 -1.7977287853E+08  2.0448977670E+08
   253873 -1.7969335263E+08  2.0441171057E+08
   253973 -1.8027591958E+08  2.0444633963E+08
   254073 -1.7953059889E+08  2.0431412918E+08
   254173 -1.7909215874E+08  2.0431267521E+08
   254273 -1.7967048058E+08  2.0454200384E+08
   254373 -1.7728318301E+08  2.0430200434E+08
   254473 -1.7883949694E+08  2.0440670562E+08
   254573 -1.7917491864E+08  2.0443172069E+08
   254673 -1.7930108276E+08  2.0442629479E+08
   254773 -1.7780688295E+08  2.0442092298E+08
