 ######
    34607 -1.6507106499E+07  2.2982504720E+09
    34707 -1.5617878906E+07  1.0775470058E+07
    34807 -1.6561083093E+07  1.0758216604E+07
    34907 -1.5746354299E+07  1.0746310041E+07
    35007 -1.6234239100E+07  1.0745274372E+07
    35107 -1.4850944588E+07  1.0755177290E+07
    35207 -1.6515868802E+07  1.0755483680E+07
    35307 -1.5459781816E+07  1.0757795511E+07
    35407 -1.5931440197E+07  1.0765987640E+07
    35507 -1.5185992733E+07  1.0768646426E+07
    35607 -1.6511026608E+07  1.0776476371E+07
    35707 -1.5576700970E+07  1.0768100401E+07
    35807 -1.6763926258E+07  1.0759292596E+07
    35907 -1.6732026220E+07  1.0760120029E+07
    36007 -1.5019005415E+07  1.0758564384E+07
    36107 -1.5896554820E+07  1.0767776124E+07
    36207 -1.6641513761E+07  1.0775484444E+07
    36307 -1.6997945715E+07  1.0762712426E+07
    36407 -1.5430047772E+07  1.0758393221E+07
    36507 -1.4893311052E+07  1.0751529625E+07
    36607 -1.4791547824E+07  1.0756166476E+07
    36707 -1.5706999424E+07  1.0744338763E+07
    36807 -1.5850548157E+07  1.0749574535E+07
    36907 -1.6537036725E+07  1.0751437340E+07
    37007 -1.5155817310E+07  1.0741530797E+07
    37107 -1.6401688365E+07  1.0736720541E+07
    37207 -1.5790674152E+07  1.0741799989E+07
    37307 -1.5651551641E+07  1.0747939493E+07
    37407 -1.5664107875E+07  1.0739792191E+07
    37507 -1.6972031402E+07  1.0738873306E+07
    37607 -1.5747174195E+07  1.0746871753E+07
    37707 -1.5982308380E+07  1.0749532293E+07
    37807 -1.5172179349E+07  1.0754837146E+07
    37907 -1.6590975637E+07  1.0750912637E+07
    38007 -1.5192676515E+07  1.0754494517E+07
    38107 -1.5661275316E+07  1.0747850807E+07
    38207 -1.4231098829E+07  1.0744909421E+07
    38307 -1.4936831790E+07  1.0745888864E+07
    38407 -1.4991745472E+07  1.0744920345E+07
    38507 -1.6030586796E+07  1.0742131617E+07
    38607 -1.4918873133E+07  1.0729943114E+07
    38707 -1.6664560204E+07  1.0728864437E+07
    38807 -1.6766026796E+07  1.0737780621E+07
    38907 -1.6601251200E+07  1.0743343827E+07
    39007 -1.6249151395E+07  1.0759027819E+07
    39107 -1.7211740830E+07  1.0763823881E+07
    39207 -1.5239569942E+07  1.0762301059E+07
    39307 -1.5510282489E+07  1.0759654234E+07
    39407 -1.6498468465E+07  1.0756590437E+07
    39507 -1.5575952463E+07  1.0750617448E+07
    39607 -1.5361787800E+07  1.0753257644E+07
    39707 -1.5655559555E+07  1.0751771293E+07
    39807 -1.4931363838E+07  1.0756436967E+07
    39907 -1.4798554196E+07  1.0757117279E+07
    40007 -1.5776562824E+07  1.0760386874E+07
    40107 -1.5636956863E+07  1.0754439637E+07
    40207 -1.4869223045E+07  1.0756373093E+07
    40307 -1.5183073285E+07  1.0763697401E+07
    40407 -1.6101608864E+07  1.0771288640E+07
    40507 -1.6066210875E+07  1.0765152586E+07
    40607 -1.6461987853E+07  1.0769519513E+07
    40707 -1.5537336609E+07  1.0763361491E+07
    40807 -1.4627094495E+07  1.0744344260E+07
    40907 -1.6106399042E+07  1.0736858719E+07
    41007 -1.5593291706E+07  1.0729738863E+07
    41107 -1.5673576554E+07  1.0731867843E+07
    41207 -1.6083128065E+07  1.0729190224E+07
    41307 -1.5313903909E+07  1.0719831195E+07
    41407 -1.5236899052E+07  1.0719063502E+07
    41507 -1.5779646643E+07  1.0731977541E+07
    41607 -1.5528808569E+07  1.0735009411E+07
    41707 -1.5372667696E+07  1.0725795238E+07
    41807 -1.5794029485E+07  1.0733202837E+07
    41907 -1.5667152363E+07  1.0740611877E+07
    42007 -1.6736415308E+07  1.0745378280E+07
    42107 -1.5200136955E+07  1.0750750099E+07
    42207 -1.5238726436E+07  1.0745686432E+07
    42307 -1.5053784241E+07  1.0754738623E+07
    42407 -1.5774363545E+07  1.0759836709E+07
    42507 -1.5177374041E+07  1.0746761822E+07
    42607 -1.6420057960E+07  1.0730421658E+07
    42707 -1.5815562872E+07  1.0719447127E+07
    42807 -1.5080832680E+07  1.0725097096E+07
    42907 -1.6117165015E+07  1.0736918527E+07
    43007 -1.5118740809E+07  1.0732574441E+07
    43107 -1.4937035294E+07  1.0731927486E+07
    43207 -1.5526269656E+07  1.0726082363E+07
    43307 -1.4872998015E+07  1.0723575880E+07
    43407 -1.5840822058E+07  1.0740256084E+07
    43507 -1.6223946668E+07  1.0750889433E+07
    43607 -1.6771870786E+07  1.0760908307E+07
    43707 -1.5251587677E+07  1.0752364483E+07
    43807 -1.5711978233E+07  1.0745905612E+07
    43907 -1.6597039587E+07  1.0749398930E+07
    44007 -1.6140373260E+07  1.0749298157E+07
    44107 -1.6419028980E+07  1.0748494175E+07
    44207 -1.5340619562E+07  1.0742627292E+07
    44307 -1.6149086215E+07  1.0737981559E+07
    44407 -1.6803591280E+07  1.0728556518E+07
    44507 -1.4759328129E+07  1.0735930710E+07
    44607 -1.6964026801E+07  1.0734876056E+07
    44707 -1.5106760143E+07  1.0725872604E+07
    44807 -1.6046145985E+07  1.0722744765E+07
    44907 -1.6474552012E+07  1.0727141488E+07
    45007 -1.5840145581E+07  1.0735093331E+07
    45107 -1.5734205921E+07  1.0743069878E+07
    45207 -1.5556742824E+07  1.0746938503E+07
    45307 -1.6114198946E+07  1.0741533060E+07
    45407 -1.5575757874E+07  1.0748202698E+07
    45507 -1.5376704657E+07  1.0753223258E+07
    45607 -1.5576787111E+07  1.0750774143E+07
    45707 -1.6554845832E+07  1.0752044916E+07
    45807 -1.5968250308E+07  1.0757330645E+07
    45907 -1.5956780393E+07  1.0761934842E+07
    46007 -1.5843577256E+07  1.0759796420E+07
    46107 -1.6325237499E+07  1.0749424432E+07
    46207 -1.5280737889E+07  1.0740265473E+07
    46307 -1.5199175109E+07  1.0745341895E+07
    46407 -1.5600222410E+07  1.0749015048E+07
    46507 -1.5248674509E+07  1.0745984818E+07
    46607 -1.6019561060E+07  1.0748958934E+07
    46707 -1.5063593859E+07  1.0751194970E+07
    46807 -1.6643645723E+07  1.0749784769E+07
    46907 -1.6283815779E+07  1.0746201590E+07
    47007 -1.5906996990E+07  1.0749553081E+07
    47107 -1.6670501309E+07  1.0737091227E+07
    47207 -1.5791567361E+07  1.0726678565E+07
    47307 -1.5989220341E+07  1.0738063452E+07
    47407 -1.6532923262E+07  1.0737115487E+07
    47507 -1.6513269327E+07  1.0738520286E+07
    47607 -1.6320015282E+07  1.0737239667E+07
    47707 -1.5655017806E+07  1.0720637020E+07
    47807 -1.4773672152E+07  1.0713509994E+07
    47907 -1.6056619994E+07  1.0732856390E+07
    48007 -1.6475999947E+07  1.0744708194E+07
    48107 -1.5972243178E+07  1.0754093417E+07
    48207 -1.6531055050E+07  1.0766688708E+07
    48307 -1.7712911233E+07  1.0771021858E+07
    48407 -1.6062624098E+07  1.0759420052E+07
    48507 -1.6397649327E+07  1.0771325518E+07
    48607 -1.5753373338E+07  1.0759181973E+07
    48707 -1.5783010328E+07  1.0749891027E+07
    48807 -1.5382207778E+07  1.0746280740E+07
    48907 -1.5405964864E+07  1.0755080852E+07
    49007 -1.7061983428E+07  1.0751276778E+07
    49107 -1.6005156634E+07  1.0755165305E+07
    49207 -1.5434758077E+07  1.0763861222E+07
    49307 -1.5037778139E+07  1.0768840780E+07
    49407 -1.5748585298E+07  1.0769632273E+07
    49507 -1.5445341840E+07  1.0761998374E+07
    49607 -1.6664742721E+07  1.0756308762E+07
    49707 -1.4426224745E+07  1.0751778130E+07
    49807 -1.6126896386E+07  1.0753135385E+07
    49907 -1.5629782417E+07  1.0764323931E+07
    50007 -1.5595740312E+07  1.0761975516E+07
    50107 -1.6158945295E+07  1.0758820264E+07
    50207 -1.5591264508E+07  1.0764088018E+07
    50307 -1.6025104747E+07  1.0759330260E+07
    50407 -1.4943603063E+07  1.0770182557E+07
    50507 -1.6248576153E+07  1.0771170154E+07
    50607 -1.5442949325E+07  1.0760860704E+07
    50707 -1.5231122503E+07  1.0747593778E+07
    50807 -1.5676864729E+07  1.0745287495E+07
    50907 -1.5546966794E+07  1.0743068380E+07
    51007 -1.5623247900E+07  1.0752138668E+07
    51107 -1.5002798392E+07  1.0759195664E+07
    51207 -1.5553927024E+07  1.0761215999E+07
    51307 -1.5727109318E+07  1.0757290847E+07
    51407 -1.5981894467E+07  1.0758451586E+07
    51507 -1.6482236497E+07  1.0761536615E+07
    51607 -1.4802303663E+07  1.0766929090E+07
    51707 -1.5157615751E+07  1.0778663856E+07
    51807 -1.5440900040E+07  1.0767018151E+07
    51907 -1.5494462479E+07  1.0772620288E+07
    52007 -1.5137636104E+07  1.0780071227E+07
    52107 -1.6518915211E+07  1.0780843099E+07
    52207 -1.5710175704E+07  1.0783484371E+07
    52307 -1.5122516043E+07  1.0772232428E+07
    52407 -1.5702412524E+07  1.0763497809E+07
    52507 -1.5827008773E+07  1.0772372008E+07
    52607 -1.5019779496E+07  1.0761117397E+07
    52707 -1.6903495580E+07  1.0755484368E+07
    52807 -1.7637216932E+07  1.0746412942E+07
    52907 -1.6686479891E+07  1.0742183337E+07
    53007 -1.5886325144E+07  1.0748684633E+07
    53107 -1.5913547706E+07  1.0753778952E+07
    53207 -1.5183802034E+07  1.0748724922E+07
    53307 -1.5655800882E+07  1.0744989599E+07
    53407 -1.5500837459E+07  1.0747996203E+07
    53507 -1.5911141152E+07  1.0731004735E+07
    53607 -1.6126283712E+07  1.0732290132E+07
    53707 -1.5342657436E+07  1.0734620238E+07
    53807 -1.6501547569E+07  1.0727257837E+07
    53907 -1.6403350490E+07  1.0722497538E+07
    54007 -1.5428537357E+07  1.0728817222E+07
    54107 -1.4890559641E+07  1.0736256871E+07
    54207 -1.5900323932E+07  1.0753658043E+07
    54307 -1.5462935812E+07  1.0764036282E+07
    54407 -1.5364152833E+07  1.0770488311E+07
    54507 -1.5792570258E+07  1.0762344077E+07
    54607 -1.5429758397E+07  1.0752070695E+07
    54707 -1.4627781942E+07  1.0756101409E+07
    54807 -1.6766098519E+07  1.0762275754E+07
    54907 -1.6285957242E+07  1.0758164729E+07
    55007 -1.4990482186E+07  1.0765365346E+07
    55107 -1.5545642537E+07  1.0755439351E+07
    55207 -1.5531159290E+07  1.0751472759E+07
    55307 -1.6428501686E+07  1.0761353056E+07
    55407 -1.6795058407E+07  1.0750659428E+07
    55507 -1.6499630039E+07  1.0756312398E+07
    55607 -1.5949532974E+07  1.0759937366E+07
    55707 -1.6572913825E+07  1.0758037538E+07
    55807 -1.6149868542E+07  1.0765670841E+07
    55907 -1.5869440769E+07  1.0769022370E+07
    56007 -1.6440867351E+07  1.0771563959E+07
    56107 -1.4810060605E+07  1.0765652459E+07
    56207 -1.5986820332E+07  1.0768333127E+07
    56307 -1.5805065030E+07  1.0757493216E+07
    56407 -1.5620859419E+07  1.0745634946E+07
    56507 -1.5543605683E+07  1.0736835887E+07
    56607 -1.5123362919E+07  1.0735394937E+07
    56707 -1.6066276365E+07  1.0740188036E+07
    56807 -1.5381651618E+07  1.0741605611E+07
    56907 -1.6418140229E+07  1.0745301746E+07
    57007 -1.5877525181E+07  1.0746701182E+07
    57107 -1.6570340035E+07  1.0749860993E+07
    57207 -1.6600630386E+07  1.0752116683E+07
    57307 -1.5859572148E+07  1.0738936882E+07
    57407 -1.4980471901E+07  1.0735268688E+07
    57507 -1.5907604353E+07  1.0741829071E+07
    57607 -1.5884933833E+07  1.0745032565E+07
    57707 -1.6281422690E+07  1.0755131857E+07
    57807 -1.5130727735E+07  1.0764624059E+07
    57907 -1.5862352472E+07  1.0761488864E+07
    58007 -1.5782498802E+07  1.0753245309E+07
    58107 -1.6677433952E+07  1.0754631678E+07
    58207 -1.7018452110E+07  1.0746342637E+07
    58307 -1.6214981413E+07  1.0752058424E+07
    58407 -1.5887266926E+07  1.0752664182E+07
    58507 -1.4607463932E+07  1.0759542203E+07
    58607 -1.5888654376E+07  1.0745151416E+07
    58707 -1.5398894768E+07  1.0749790782E+07
    58807 -1.6381956380E+07  1.0744454808E+07
    58907 -1.5608326676E+07  1.0736242615E+07
    59007 -1.6456392705E+07  1.0745343768E+07
    59107 -1.5983209074E+07  1.0755389069E+07
    59207 -1.5982095418E+07  1.0754424643E+07
    59307 -1.5480489224E+07  1.0757529171E+07
    59407 -1.7430435452E+07  1.0763193125E+07
    59507 -1.4071622336E+07  1.0757206655E+07
    59607 -1.5733599217E+07  1.0760064560E+07
    59707 -1.5767381548E+07  1.0766983041E+07
    59807 -1.5917996944E+07  1.0762663200E+07
    59907 -1.6864056670E+07  1.0761461393E+07
    60007 -1.6875861209E+07  1.0764794073E+07
    60107 -1.6498346628E+07  1.0749177311E+07
    60207 -1.5467519692E+07  1.0734810457E+07
    60307 -1.4775433998E+07  1.0732711692E+07
    60407 -1.6149277277E+07  1.0723383898E+07
    60507 -1.6082594457E+07  1.0722652361E+07
    60607 -1.6243918740E+07  1.0717832426E+07
    60707 -1.4964764569E+07  1.0710780492E+07
    60807 -1.4875518234E+07  1.0718327542E+07
    60907 -1.6448885317E+07  1.0733420694E+07
    61007 -1.5909324990E+07  1.0736986920E+07
    61107 -1.6224450806E+07  1.0739504003E+07
    61207 -1.5986626904E+07  1.0748459055E+07
    61307 -1.6921096769E+07  1.0756037548E+07
    61407 -1.5805730663E+07  1.0753459816E+07
    61507 -1.5585669606E+07  1.0749916487E+07
    61607 -1.6364578152E+07  1.0753178092E+07
    61707 -1.5100095411E+07  1.0757820537E+07
    61807 -1.7048468327E+07  1.0755256593E+07
    61907 -1.5725638570E+07  1.0745486191E+07
    62007 -1.6616041784E+07  1.0748838029E+07
    62107 -1.6872206271E+07  1.0754567262E+07
    62207 -1.5604235456E+07  1.0758388673E+07
    62307 -1.5424956631E+07  1.0741324056E+07
    62407 -1.6053742434E+07  1.0749371958E+07
    62507 -1.4854301351E+07  1.0744477496E+07
    62607 -1.5730418340E+07  1.0746461877E+07
    62707 -1.5670966501E+07  1.0748670658E+07
    62807 -1.5380367303E+07  1.0748100051E+07
    62907 -1.5994585886E+07  1.0744099223E+07
    63007 -1.5087004446E+07  1.0741076605E+07
    63107 -1.5245886781E+07  1.0745650714E+07
    63207 -1.5761789619E+07  1.0754672486E+07
    63307 -1.6643071497E+07  1.0750557908E+07
    63407 -1.5916082588E+07  1.0754761342E+07
    63507 -1.6068310300E+07  1.0756073072E+07
    63607 -1.5409454185E+07  1.0752347258E+07
    63707 -1.5693536000E+07  1.0755309975E+07
    63807 -1.6339449272E+07  1.0754047543E+07
    63907 -1.5400270004E+07  1.0751863806E+07
    64007 -1.5295007824E+07  1.0756306546E+07
    64107 -1.5028744246E+07  1.0768111336E+07
    64207 -1.5917994537E+07  1.0767960538E+07
    64307 -1.4461416739E+07  1.0773914405E+07
    64407 -1.6029602758E+07  1.0763757560E+07
    64507 -1.6133341990E+07  1.0750721613E+07
    64607 -1.5748304752E+07  1.0754836335E+07
    64707 -1.6188738846E+07  1.0769417413E+07
    64807 -1.5849792310E+07  1.0782515868E+07
    64907 -1.6737883742E+07  1.0783448451E+07
    65007 -1.6013262447E+07  1.0778915542E+07
    65107 -1.6011546551E+07  1.0788319403E+07
    65207 -1.6189991013E+07  1.0793255934E+07
    65307 -1.5656525027E+07  1.0785566410E+07
    65407 -1.5456157420E+07  1.0768545338E+07
    65507 -1.6822886066E+07  1.0768947258E+07
    65607 -1.5700675585E+07  1.0764158114E+07
    65707 -1.4540120760E+07  1.0758055919E+07
    65807 -1.6165806360E+07  1.0759598137E+07
    65907 -1.5638879336E+07  1.0742230577E+07
    66007 -1.7501619434E+07  1.0749466883E+07
    66107 -1.5990530979E+07  1.0756973500E+07
    66207 -1.5621230421E+07  1.0757852674E+07
    66307 -1.5879362146E+07  1.0755403703E+07
    66407 -1.5163107353E+07  1.0752992475E+07
    66507 -1.5691336674E+07  1.0757837085E+07
    66607 -1.6659424528E+07  1.0777928204E+07
    66707 -1.4686206100E+07  1.0782824353E+07
    66807 -1.4716387080E+07  1.0781534104E+07
    66907 -1.5169839561E+07  1.0780335635E+07
    67007 -1.6854932577E+07  1.0773591345E+07
    67107 -1.5592156426E+07  1.0767835402E+07
    67207 -1.5310622910E+07  1.0774474876E+07
    67307 -1.4580121898E+07  1.0774279783E+07
    67407 -1.5060612615E+07  1.0761877363E+07
    67507 -1.5384251711E+07  1.0760665631E+07
    67607 -1.6176530493E+07  1.0764341192E+07
    67707 -1.5157397748E+07  1.0764930999E+07
    67807 -1.5638765634E+07  1.0771891923E+07
    67907 -1.6026848018E+07  1.0781407758E+07
    68007 -1.6170271494E+07  1.0786984479E+07
    68107 -1.6053462956E+07  1.0780773112E+07
    68207 -1.6238413773E+07  1.0768460669E+07
    68307 -1.6201971010E+07  1.0764394868E+07
    68407 -1.5095111513E+07  1.0768351262E+07
    68507 -1.5476600246E+07  1.0766228159E+07
    68607 -1.5988842193E+07  1.0762348959E+07
    68707 -1.6151835561E+07  1.0760393813E+07
    68807 -1.4789729637E+07  1.0764692185E+07
    68907 -1.6003819824E+07  1.0762269618E+07
    69007 -1.4857773910E+07  1.0754946835E+07
    69107 -1.5435735149E+07  1.0764324781E+07
    69207 -1.5368822206E+07  1.0769961472E+07
    69307 -1.6102980763E+07  1.0765654340E+07
    69407 -1.6303321942E+07  1.0757354419E+07
    69507 -1.5534752880E+07  1.0748663797E+07
    69607 -1.6501586043E+07  1.0741533108E+07
    69707 -1.6191564361E+07  1.0736014575E+07
    69807 -1.5415286489E+07  1.0723603517E+07
    69907 -1.5152249012E+07  1.0729684332E+07
    70007 -1.5268645449E+07  1.0735348768E+07
    70107 -1.5725501517E+07  1.0745718489E+07
    70207 -1.5457748457E+07  1.0743108538E+07
    70307 -1.5543347327E+07  1.0752214342E+07
    70407 -1.4742800446E+07  1.0760661346E+07
    70507 -1.4441933637E+07  1.0759498847E+07
    70607 -1.5513653395E+07  1.0767345412E+07
    70707 -1.5858237827E+07  1.0757914326E+07
    70807 -1.5227635272E+07  1.0753998224E+07
    70907 -1.5708448983E+07  1.0754668086E+07
    71007 -1.5418135921E+07  1.0765493530E+07
    71107 -1.5561553986E+07  1.0749820451E+07
    71207 -1.5855163694E+07  1.0747218087E+07
    71307 -1.5297440326E+07  1.0739193387E+07
    71407 -1.5317422712E+07  1.0747429442E+07
    71507 -1.6026979738E+07  1.0746563499E+07
    71607 -1.5485285952E+07  1.0745166788E+07
    71707 -1.6231324276E+07  1.0740066045E+07
    71807 -1.5297975190E+07  1.0735062695E+07
    71907 -1.5061689916E+07  1.0731256732E+07
    72007 -1.6409243437E+07  1.0741494687E+07
    72107 -1.6173501827E+07  1.0744077106E+07
    72207 -1.6143669055E+07  1.0745016407E+07
    72307 -1.5792377737E+07  1.0751110529E+07
    72407 -1.5343571333E+07  1.0756325606E+07
    72507 -1.6317794693E+07  1.0754577188E+07
    72607 -1.6059957772E+07  1.0751343811E+07
    72707 -1.5688054407E+07  1.0755218697E+07
    72807 -1.5326846787E+07  1.0754875913E+07
    72907 -1.5708366449E+07  1.0747156820E+07
    73007 -1.6128468241E+07  1.0729069845E+07
    73107 -1.6257055411E+07  1.0715766123E+07
    73207 -1.5508002048E+07  1.0721454971E+07
    73307 -1.5621325533E+07  1.0728679763E+07
    73407 -1.5585418033E+07  1.0729106821E+07
    73507 -1.6469029290E+07  1.0724797233E+07
    73607 -1.5756009280E+07  1.0724989667E+07
    73707 -1.5417064845E+07  1.0729318472E+07
    73807 -1.5901141861E+07  1.0729618865E+07
    73907 -1.5346943302E+07  1.0727261726E+07
    74007 -1.6274746126E+07  1.0721291987E+07
    74107 -1.6770661834E+07  1.0722977731E+07
    74207 -1.6654036060E+07  1.0726024236E+07
    74307 -1.5521902422E+07  1.0726586543E+07
    74407 -1.4953261629E+07  1.0723318419E+07
    74507 -1.6105823373E+07  1.0720082736E+07
    74607 -1.6376940675E+07  1.0711782675E+07
    74707 -1.5527031258E+07  1.0712747729E+07
    74807 -1.5613802127E+07  1.0716936951E+07
    74907 -1.5633183615E+07  1.0712583711E+07
    75007 -1.4973067705E+07  1.0708781574E+07
    75107 -1.7017771607E+07  1.0707621796E+07
    75207 -1.5722939425E+07  1.0716068487E+07
    75307 -1.6460570244E+07  1.0723072875E+07
    75407 -1.5774762509E+07  1.0724383754E+07
    75507 -1.7554689682E+07  1.0732992700E+07
    75607 -1.5472410990E+07  1.0739720261E+07
    75707 -1.7455741562E+07  1.0744729452E+07
    75807 -1.5083728543E+07  1.0744718837E+07
    75907 -1.5952721391E+07  1.0753823968E+07
    76007 -1.4788678563E+07  1.0752686225E+07
    76107 -1.5986939784E+07  1.0743635912E+07
    76207 -1.6759670361E+07  1.0735379939E+07
    76307 -1.5560696374E+07  1.0722649749E+07
    76407 -1.6793656801E+07  1.0726946619E+07
    76507 -1.6366368340E+07  1.0735146780E+07
    76607 -1.5232498232E+07  1.0730383060E+07
    76707 -1.5062979354E+07  1.0734371281E+07
    76807 -1.5820626106E+07  1.0740667051E+07
    76907 -1.5676798660E+07  1.0746816335E+07
    77007 -1.5394893090E+07  1.0744924924E+07
    77107 -1.6721790709E+07  1.0731840186E+07
    77207 -1.6345550929E+07  1.0742205874E+07
    77307 -1.5379377312E+07  1.0748020537E+07
    77407 -1.5853873349E+07  1.0749036862E+07
    77507 -1.5195203551E+07  1.0750465029E+07
    77607 -1.7205809884E+07  1.0761437214E+07
    77707 -1.6248854005E+07  1.0766088329E+07
    77807 -1.6011171058E+07  1.0768246580E+07
    77907 -1.5387851927E+07  1.0763802899E+07
    78007 -1.5671294121E+07  1.0757826627E+07
    78107 -1.5920754196E+07  1.0763745478E+07
    78207 -1.5996991139E+07  1.0761445830E+07
    78307 -1.5769670326E+07  1.0756642765E+07
    78407 -1.5525061806E+07  1.0757879933E+07
    78507 -1.5997615394E+07  1.0761368992E+07
    78607 -1.5816183924E+07  1.0765246053E+07
    78707 -1.6076638601E+07  1.0759587515E+07
    78807 -1.6957561418E+07  1.0762880567E+07
    78907 -1.5331559101E+07  1.0767017160E+07
    79007 -1.5449500278E+07  1.0751137399E+07
    79107 -1.6407278618E+07  1.0742376313E+07
    79207 -1.5900139898E+07  1.0738937219E+07
    79307 -1.5433986485E+07  1.0733012813E+07
    79407 -1.5883221746E+07  1.0744474539E+07
    79507 -1.5302641769E+07  1.0745490344E+07
    79607 -1.5901977048E+07  1.0749735507E+07
    79707 -1.5947020931E+07  1.0747614314E+07
    79807 -1.5995569665E+07  1.0751826141E+07
    79907 -1.4809972197E+07  1.0752537647E+07
    80007 -1.5984785583E+07  1.0756831567E+07
    80107 -1.5266437535E+07  1.0756034448E+07
    80207 -1.6406143427E+07  1.0761394899E+07
    80307 -1.6199434653E+07  1.0748280514E+07
    80407 -1.5836076168E+07  1.0752016012E+07
    80507 -1.5511144325E+07  1.0744662791E+07
    80607 -1.5765135665E+07  1.0745001216E+07
    80707 -1.5598672620E+07  1.0744124535E+07
    80807 -1.6061977991E+07  1.0738236390E+07
    80907 -1.5813970352E+07  1.0726654231E+07
    81007 -1.4266804956E+07  1.0713331260E+07
    81107 -1.6355220264E+07  1.0716466299E+07
    81207 -1.6532129863E+07  1.0724295113E+07
    81307 -1.7050646650E+07  1.0715942007E+07
    81407 -1.6309222224E+07  1.0717070619E+07
    81507 -1.5696550584E+07  1.0720929060E+07
    81607 -1.5646323665E+07  1.0711754165E+07
    81707 -1.7157512521E+07  1.0717936429E+07
    81807 -1.5617679582E+07  1.0725119205E+07
    81907 -1.5434748480E+07  1.0741726558E+07
    82007 -1.6234133694E+07  1.0749824087E+07
    82107 -1.5582110866E+07  1.0760681702E+07
    82207 -1.5308489521E+07  1.0754174120E+07
    82307 -1.6567296167E+07  1.0758040231E+07
    82407 -1.5593280986E+07  1.0766627048E+07
    82507 -1.6097257990E+07  1.0759107481E+07
    82607 -1.4472461623E+07  1.0757006702E+07
    82707 -1.5361106059E+07  1.0748777621E+07
    82807 -1.5517511576E+07  1.0736502347E+07
    82907 -1.4809631660E+07  1.0732981877E+07
    83007 -1.5658006671E+07  1.0728431590E+07
    83107 -1.6169393655E+07  1.0717974963E+07
    83207 -1.6000986803E+07  1.0715050829E+07
    83307 -1.5877695134E+07  1.0717088307E+07
    83407 -1.7098949317E+07  1.0715479929E+07
    83507 -1.6923104682E+07  1.0720933374E+07
    83607 -1.6305650476E+07  1.0747891394E+07
    83707 -1.6910206705E+07  1.0767003667E+07
    83807 -1.6696138928E+07  1.0757215037E+07
    83907 -1.6446922016E+07  1.0746592007E+07
    84007 -1.5965295944E+07  1.0749914613E+07
    84107 -1.6226904223E+07  1.0737580508E+07
    84207 -1.5010200278E+07  1.0736274661E+07
    84307 -1.5823982817E+07  1.0735998772E+07
    84407 -1.6675978079E+07  1.0753297918E+07
    84507 -1.6353085862E+07  1.0769512032E+07
    84607 -1.6542436214E+07  1.0778071641E+07
    84707 -1.5705989930E+07  1.0771161646E+07
    84807 -1.5377508891E+07  1.0754625403E+07
    84907 -1.4895354655E+07  1.0758785007E+07
    85007 -1.5960559987E+07  1.0762884807E+07
    85107 -1.6674462544E+07  1.0767002500E+07
    85207 -1.5632586720E+07  1.0774232017E+07
    85307 -1.6452890002E+07  1.0749459224E+07
    85407 -1.5280021528E+07  1.0751051947E+07
    85507 -1.5780619114E+07  1.0743045909E+07
    85607 -1.5740267488E+07  1.0745728361E+07
    85707 -1.6130660080E+07  1.0753947571E+07
    85807 -1.5861410842E+07  1.0759336744E+07
    85907 -1.5642264989E+07  1.0752705029E+07
    86007 -1.6316390275E+07  1.0751669310E+07
    86107 -1.6177768433E+07  1.0749939629E+07
    86207 -1.5562431910E+07  1.0754336625E+07
    86307 -1.4947399879E+07  1.0757910762E+07
    86407 -1.5393211014E+07  1.0759939513E+07
    86507 -1.6324133700E+07  1.0759185238E+07
    86607 -1.5424935006E+07  1.0751275400E+07
    86707 -1.6517830593E+07  1.0750278319E+07
    86807 -1.6559080141E+07  1.0742677043E+07
    86907 -1.6006565090E+07  1.0735123702E+07
    87007 -1.6666107027E+07  1.0743044301E+07
    87107 -1.5888668980E+07  1.0747900833E+07
    87207 -1.5117688555E+07  1.0743197844E+07
    87307 -1.5392236027E+07  1.0742524270E+07
    87407 -1.5586850185E+07  1.0746456826E+07
    87507 -1.4430324570E+07  1.0740503230E+07
    87607 -1.6238255578E+07  1.0735628769E+07
    87707 -1.6465538869E+07  1.0736969242E+07
    87807 -1.5329647497E+07  1.0738247959E+07
    87907 -1.5802784786E+07  1.0736476660E+07
    88007 -1.5570005345E+07  1.0726391669E+07
    88107 -1.4770215371E+07  1.0721456108E+07
    88207 -1.6479903550E+07  1.0715170384E+07
    88307 -1.4595531982E+07  1.0717984674E+07
    88407 -1.5874446132E+07  1.0728238445E+07
    88507 -1.4749203151E+07  1.0735370172E+07
    88607 -1.5109393128E+07  1.0746160042E+07
    88707 -1.6482548990E+07  1.0754124900E+07
    88807 -1.6544850294E+07  1.0753763619E+07
    88907 -1.6424011833E+07  1.0744586530E+07
    89007 -1.5975905951E+07  1.0750702907E+07
    89107 -1.6034500756E+07  1.0763124520E+07
    89207 -1.5496865085E+07  1.0753338748E+07
    89307 -1.5687759962E+07  1.0752530334E+07
    89407 -1.6426372439E+07  1.0747149296E+07
    89507 -1.7197695795E+07  1.0755223024E+07
    89607 -1.7199146595E+07  1.0742541156E+07
    89707 -1.5839257975E+07  1.0751785852E+07
    89807 -1.4885771310E+07  1.0759081635E+07
    89907 -1.5076559611E+07  1.0752587822E+07
    90007 -1.5720396217E+07  1.0747972276E+07
    90107 -1.5685380104E+07  1.0740124601E+07
    90207 -1.6281162853E+07  1.0733099913E+07
    90307 -1.6537583492E+07  1.0749151292E+07
    90407 -1.5868048149E+07  1.0743173806E+07
    90507 -1.5823958477E+07  1.0732823797E+07
    90607 -1.5913987532E+07  1.0738491768E+07
    90707 -1.5873448604E+07  1.0745406637E+07
    90807 -1.6864515551E+07  1.0755448120E+07
    90907 -1.6319906736E+07  1.0751006473E+07
    91007 -1.5565020073E+07  1.0742343090E+07
    91107 -1.5777279374E+07  1.0737300367E+07
    91207 -1.6573066734E+07  1.0746330283E+07
    91307 -1.5648017797E+07  1.0761269215E+07
    91407 -1.5330446998E+07  1.0757514284E+07
    91507 -1.5913672016E+07  1.0753541734E+07
    91607 -1.5780396561E+07  1.0748334486E+07
    91707 -1.5077671362E+07  1.0753987321E+07
    91807 -1.5142867185E+07  1.0750913811E+07
    91907 -1.5270046138E+07  1.0746320247E+07
    92007 -1.5973379703E+07  1.0761670321E+07
    92107 -1.7564921499E+07  1.0770513111E+07
    92207 -1.6957226822E+07  1.0761978084E+07
    92307 -1.5783407626E+07  1.0747700421E+07
    92407 -1.5484754545E+07  1.0747348544E+07
    92507 -1.5513698383E+07  1.0742102251E+07
    92607 -1.4912809546E+07  1.0735952873E+07
    92707 -1.6611865590E+07  1.0727353369E+07
    92807 -1.6384273865E+07  1.0734489945E+07
    92907 -1.6430066491E+07  1.0740105808E+07
    93007 -1.5664592322E+07  1.0738130730E+07
    93107 -1.6419515513E+07  1.0748950477E+07
    93207 -1.5568460326E+07  1.0759641334E+07
    93307 -1.5995995244E+07  1.0759735048E+07
    93407 -1.5912899377E+07  1.0759796734E+07
    93507 -1.5942635873E+07  1.0756783054E+07
    93607 -1.5815030454E+07  1.0758118808E+07
    93707 -1.7283608708E+07  1.0770350476E+07
    93807 -1.5306013484E+07  1.0770127730E+07
    93907 -1.5682121372E+07  1.0761564102E+07
    94007 -1.5737182897E+07  1.0753543473E+07
    94107 -1.5766147756E+07  1.0753370973E+07
    94207 -1.7821083636E+07  1.0764151885E+07
    94307 -1.6097915250E+07  1.0764309327E+07
    94407 -1.5395848222E+07  1.0774214651E+07
    94507 -1.6384446953E+07  1.0776368149E+07
    94607 -1.5755000796E+07  1.0768686398E+07
    94707 -1.5748742246E+07  1.0758745769E+07
    94807 -1.4522411709E+07  1.0747532062E+07
    94907 -1.6867457644E+07  1.0753493641E+07
    95007 -1.6255839809E+07  1.0759825162E+07
    95107 -1.6126757399E+07  1.0766052295E+07
    95207 -1.4904809686E+07  1.0772219602E+07
    95307 -1.5284376895E+07  1.0771164726E+07
    95407 -1.6416638114E+07  1.0776279328E+07
    95507 -1.6618842697E+07  1.0784740007E+07
    95607 -1.6728076016E+07  1.0797580924E+07
    95707 -1.5985304340E+07  1.0799213543E+07
    95807 -1.7035912756E+07  1.0792160469E+07
    95907 -1.5207938149E+07  1.0793732610E+07
    96007 -1.6944628334E+07  1.0777802687E+07
    96107 -1.5546475691E+07  1.0757971013E+07
    96207 -1.5836428673E+07  1.0751442451E+07
    96307 -1.6792434582E+07  1.0749804821E+07
    96407 -1.5316842612E+07  1.0748380574E+07
    96507 -1.5609002915E+07  1.0747382457E+07
    96607 -1.6244009512E+07  1.0749979225E+07
    96707 -1.5045430858E+07  1.0741069497E+07
    96807 -1.6228718121E+07  1.0733478301E+07
    96907 -1.5787226525E+07  1.0740662431E+07
    97007 -1.5797843233E+07  1.0747538785E+07
    97107 -1.5320182245E+07  1.0755383473E+07
    97207 -1.5903905685E+07  1.0752057217E+07
    97307 -1.5805956693E+07  1.0743139650E+07
    97407 -1.6290533551E+07  1.0736266119E+07
    97507 -1.5276639226E+07  1.0731543006E+07
    97607 -1.5961755073E+07  1.0751723297E+07
    97707 -1.5682631690E+07  1.0762004858E+07
    97807 -1.6788339811E+07  1.0765022839E+07
    97907 -1.5410669184E+07  1.0771103569E+07
    98007 -1.6148620327E+07  1.0771473870E+07
    98107 -1.4564236296E+07  1.0779349610E+07
    98207 -1.5576169876E+07  1.0771585182E+07
    98307 -1.6165643081E+07  1.0762231677E+07
    98407 -1.5064394137E+07  1.0762666449E+07
    98507 -1.6284139398E+07  1.0762381983E+07
    98607 -1.7194662526E+07  1.0760293926E+07
    98707 -1.5504220899E+07  1.0763340733E+07
    98807 -1.5753124209E+07  1.0777678218E+07
    98907 -1.7346230880E+07  1.0776454998E+07
    99007 -1.6014474259E+07  1.0770008276E+07
    99107 -1.6452192460E+07  1.0770919191E+07
    99207 -1.6130249090E+07  1.0766084114E+07
    99307 -1.5860185408E+07  1.0755825705E+07
    99407 -1.5816079219E+07  1.0753971267E+07
    99507 -1.6422488432E+07  1.0755659203E+07
    99607 -1.5118155206E+07  1.0746582600E+07
    99707 -1.6212173513E+07  1.0755226321E+07
    99807 -1.6099424700E+07  1.0754232465E+07
    99907 -1.6266455767E+07  1.0752562046E+07
   100007 -1.6614425734E+07  1.0763324599E+07
   100107 -1.5753357069E+07  1.0753761473E+07
   100207 -1.5136313483E+07  1.0762162919E+07
   100307 -1.6125778146E+07  1.0761353734E+07
   100407 -1.4724878636E+07  1.0758191834E+07
   100507 -1.5665065997E+07  1.0765938178E+07
   100607 -1.7557810015E+07  1.0760149962E+07
   100707 -1.5750985599E+07  1.0750219320E+07
   100807 -1.4983416967E+07  1.0759806688E+07
   100907 -1.6605410003E+07  1.0755187643E+07
   101007 -1.5821343709E+07  1.0756616644E+07
   101107 -1.6227551119E+07  1.0763023557E+07
   101207 -1.6131150210E+07  1.0773328170E+07
   101307 -1.6391541634E+07  1.0764890355E+07
   101407 -1.6444511267E+07  1.0750741075E+07
   101507 -1.6769340417E+07  1.0754481555E+07
   101607 -1.6460779626E+07  1.0750273545E+07
   101707 -1.6702063211E+07  1.0739636598E+07
   101807 -1.6291176157E+07  1.0728083515E+07
   101907 -1.5859259267E+07  1.0732486998E+07
   102007 -1.6651342442E+07  1.0739146119E+07
   102107 -1.6119226581E+07  1.0744554535E+07
   102207 -1.5734798415E+07  1.0742698078E+07
   102307 -1.4553770250E+07  1.0738639024E+07
   102407 -1.5185596525E+07  1.0739056488E+07
   102507 -1.5859343318E+07  1.0727855491E+07
   102607 -1.5251060180E+07  1.0731485743E+07
   102707 -1.6662021489E+07  1.0731486627E+07
   102807 -1.4932400842E+07  1.0737514772E+07
   102907 -1.5292405285E+07  1.0727898101E+07
   103007 -1.5552018572E+07  1.0715753160E+07
   103107 -1.6617459004E+07  1.0724418050E+07
   103207 -1.5361314946E+07  1.0724210907E+07
   103307 -1.6666912016E+07  1.0726246255E+07
   103407 -1.6404639212E+07  1.0727082958E+07
   103507 -1.5702345530E+07  1.0716818857E+07
   103607 -1.5247299155E+07  1.0724880363E+07
   103707 -1.4751078322E+07  1.0722455516E+07
   103807 -1.6403951088E+07  1.0715237773E+07
   103907 -1.5634517230E+07  1.0717960314E+07
   104007 -1.7422154687E+07  1.0725413826E+07
   104107 -1.5521579924E+07  1.0724160693E+07
   104207 -1.5313075601E+07  1.0734644564E+07
   104307 -1.6257716591E+07  1.0748309456E+07
   104407 -1.5422637075E+07  1.0757503026E+07
   104507 -1.4640423489E+07  1.0761634389E+07
   104607 -1.6280274050E+07  1.0760457267E+07
   104707 -1.5815587988E+07  1.0746186494E+07
   104807 -1.5351334736E+07  1.0741979822E+07
   104907 -1.4759988844E+07  1.0749424766E+07
   105007 -1.5139494130E+07  1.0759022558E+07
   105107 -1.5639623091E+07  1.0758344589E+07
   105207 -1.6210773293E+07  1.0755158495E+07
   105307 -1.5850747417E+07  1.0737965798E+07
   105407 -1.5813771048E+07  1.0732920419E+07
   105507 -1.5479019106E+07  1.0734839684E+07
   105607 -1.6211744204E+07  1.0737036595E+07
   105707 -1.5327075582E+07  1.0738336674E+07
   105807 -1.5474743109E+07  1.0738967449E+07
   105907 -1.6372965784E+07  1.0745704310E+07
   106007 -1.6613635514E+07  1.0754480074E+07
   106107 -1.5471285232E+07  1.0768884770E+07
   106207 -1.6477992687E+07  1.0764865160E+07
   106307 -1.5578726979E+07  1.0751921646E+07
   106407 -1.5956737935E+07  1.0758304039E+07
   106507 -1.5414184940E+07  1.0756607494E+07
   106607 -1.6493108049E+07  1.0753932520E+07
   106707 -1.5241695843E+07  1.0753113983E+07
   106807 -1.4698533913E+07  1.0758113860E+07
   106907 -1.5293610836E+07  1.0756867250E+07
   107007 -1.5660388291E+07  1.0766835174E+07
   107107 -1.4952348822E+07  1.0775873033E+07
   107207 -1.6438131200E+07  1.0783316748E+07
   107307 -1.5852534313E+07  1.0782393980E+07
   107407 -1.6074379493E+07  1.0776331473E+07
   107507 -1.5788546265E+07  1.0775308717E+07
   107607 -1.5764742795E+07  1.0763888591E+07
   107707 -1.6265117380E+07  1.0762155143E+07
   107807 -1.5584490185E+07  1.0761207093E+07
   107907 -1.6250853672E+07  1.0759059893E+07
   108007 -1.6675244950E+07  1.0769139054E+07
   108107 -1.6044112025E+07  1.0776339574E+07
   108207 -1.5885676499E+07  1.0775202129E+07
   108307 -1.5623560521E+07  1.0769208566E+07
   108407 -1.7204749947E+07  1.0774015587E+07
   108507 -1.6437493789E+07  1.0764015316E+07
   108607 -1.5962547495E+07  1.0767988169E+07
   108707 -1.5611928201E+07  1.0766291799E+07
   108807 -1.4441935970E+07  1.0758659447E+07
   108907 -1.5953508243E+07  1.0761024152E+07
   109007 -1.6057675692E+07  1.0766514400E+07
   109107 -1.5757243606E+07  1.0764216897E+07
   109207 -1.5825475003E+07  1.0756747186E+07
   109307 -1.5405658445E+07  1.0746106416E+07
   109407 -1.5094643286E+07  1.0757155205E+07
   109507 -1.5742130476E+07  1.0759430390E+07
   109607 -1.6740904747E+07  1.0760739623E+07
   109707 -1.6634264416E+07  1.0750992509E+07
   109807 -1.6319065508E+07  1.0752054170E+07
   109907 -1.5879577711E+07  1.0753997942E+07
   110007 -1.7354866544E+07  1.0752019336E+07
   110107 -1.5970378185E+07  1.0748116094E+07
   110207 -1.6427016090E+07  1.0741879770E+07
   110307 -1.7540615055E+07  1.0744213696E+07
   110407 -1.6013274337E+07  1.0747549315E+07
   110507 -1.5622665437E+07  1.0751272110E+07
   110607 -1.5889681143E+07  1.0758288715E+07
   110707 -1.7085504407E+07  1.0754374477E+07
   110807 -1.5776311214E+07  1.0750648531E+07
   110907 -1.5367724368E+07  1.0762070305E+07
   111007 -1.6789519606E+07  1.0768778665E+07
   111107 -1.5953246753E+07  1.0782898487E+07
   111207 -1.6235839232E+07  1.0781531827E+07
   111307 -1.6663124569E+07  1.0776786391E+07
   111407 -1.6621214071E+07  1.0772869187E+07
   111507 -1.6099473814E+07  1.0770304979E+07
   111607 -1.6328742703E+07  1.0770689225E+07
   111707 -1.6586212956E+07  1.0771991714E+07
   111807 -1.4647768930E+07  1.0763191059E+07
   111907 -1.6316261092E+07  1.0752492383E+07
   112007 -1.5710716606E+07  1.0754514314E+07
   112107 -1.7050396998E+07  1.0768196700E+07
   112207 -1.6484354950E+07  1.0760526289E+07
   112307 -1.4632406942E+07  1.0746122401E+07
   112407 -1.6657151139E+07  1.0733240325E+07
   112507 -1.5948409643E+07  1.0735249322E+07
   112607 -1.4955285415E+07  1.0750047195E+07
   112707 -1.6851024863E+07  1.0749839684E+07
   112807 -1.5447651411E+07  1.0747107294E+07
   112907 -1.6416654657E+07  1.0745223984E+07
   113007 -1.6186860186E+07  1.0744937872E+07
   113107 -1.5403605356E+07  1.0758102423E+07
   113207 -1.6900830234E+07  1.0752843303E+07
   113307 -1.6115410376E+07  1.0761391922E+07
   113407 -1.5129177171E+07  1.0773610746E+07
   113507 -1.6163790743E+07  1.0773404626E+07
   113607 -1.5893137716E+07  1.0770810012E+07
   113707 -1.5904017963E+07  1.0768361419E+07
   113807 -1.5862374507E+07  1.0763967761E+07
   113907 -1.4973678889E+07  1.0758153535E+07
   114007 -1.5161082381E+07  1.0749433957E+07
   114107 -1.6369740567E+07  1.0753127919E+07
   114207 -1.4863537479E+07  1.0758639088E+07
   114307 -1.6170485262E+07  1.0763100881E+07
   114407 -1.4703779782E+07  1.0760338119E+07
   114507 -1.5890689607E+07  1.0750968619E+07
   114607 -1.7829873905E+07  1.0763398679E+07
   114707 -1.4771073083E+07  1.0777151836E+07
   114807 -1.7118513897E+07  1.0766960852E+07
   114907 -1.5919871371E+07  1.0761361419E+07
   115007 -1.5994492488E+07  1.0761756431E+07
   115107 -1.6250217890E+07  1.0756685385E+07
   115207 -1.6318358266E+07  1.0753506610E+07
   115307 -1.6808270102E+07  1.0742513977E+07
   115407 -1.5064723796E+07  1.0734562854E+07
   115507 -1.5690806958E+07  1.0741190997E+07
   115607 -1.6438769868E+07  1.0735972941E+07
   115707 -1.7030391884E+07  1.0727660244E+07
   115807 -1.5752202317E+07  1.0739677984E+07
   115907 -1.6637723416E+07  1.0741646684E+07
   116007 -1.5944574097E+07  1.0737867998E+07
   116107 -1.5929036324E+07  1.0733972499E+07
   116207 -1.5863555144E+07  1.0728524753E+07
   116307 -1.6473278407E+07  1.0723699545E+07
   116407 -1.6996434991E+07  1.0731322290E+07
   116507 -1.6020084962E+07  1.0739595303E+07
   116607 -1.5687427755E+07  1.0745891564E+07
   116707 -1.6354501359E+07  1.0742369720E+07
   116807 -1.6498780668E+07  1.0731763232E+07
   116907 -1.5560578961E+07  1.0725003389E+07
   117007 -1.6299815598E+07  1.0736209411E+07
   117107 -1.5125329743E+07  1.0741523353E+07
   117207 -1.5311354698E+07  1.0747653917E+07
   117307 -1.5711986681E+07  1.0751691935E+07
   117407 -1.5893805900E+07  1.0759766456E+07
   117507 -1.4856170470E+07  1.0763607586E+07
   117607 -1.5661351067E+07  1.0770881221E+07
   117707 -1.6823775387E+07  1.0771048303E+07
   117807 -1.6997993372E+07  1.0774230403E+07
   117907 -1.5194557867E+07  1.0765409064E+07
   118007 -1.5820369816E+07  1.0763077763E+07
   118107 -1.5228085215E+07  1.0770138199E+07
   118207 -1.5586892045E+07  1.0777742234E+07
   118307 -1.5704564249E+07  1.0783550600E+07
   118407 -1.5974268571E+07  1.0791734175E+07
   118507 -1.6405476143E+07  1.0796271047E+07
   118607 -1.6479843855E+07  1.0798377213E+07
   118707 -1.4851673991E+07  1.0791667374E+07
   118807 -1.4831069440E+07  1.0803524333E+07
   118907 -1.6358607147E+07  1.0799412880E+07
   119007 -1.5005405409E+07  1.0775276947E+07
   119107 -1.6289890600E+07  1.0762371479E+07
   119207 -1.4814015276E+07  1.0758058983E+07
   119307 -1.5638771600E+07  1.0752032217E+07
   119407 -1.5909410151E+07  1.0741401135E+07
   119507 -1.5038259698E+07  1.0742892325E+07
   119607 -1.5757404287E+07  1.0752131583E+07
   119707 -1.4991768748E+07  1.0747807149E+07
   119807 -1.5117315553E+07  1.0751804086E+07
   119907 -1.6124110684E+07  1.0756275229E+07
   120007 -1.6265335933E+07  1.0762073821E+07
   120107 -1.5901204089E+07  1.0765974595E+07
   120207 -1.5750212357E+07  1.0782847488E+07
   120307 -1.6484819102E+07  1.0783657151E+07
   120407 -1.5860196366E+07  1.0775594190E+07
   120507 -1.6363726712E+07  1.0767524344E+07
   120607 -1.5390167903E+07  1.0744269746E+07
   120707 -1.4973798457E+07  1.0726720570E+07
   120807 -1.6613400667E+07  1.0724542118E+07
   120907 -1.5613243963E+07  1.0729732697E+07
   121007 -1.6766719593E+07  1.0726537462E+07
   121107 -1.6364836700E+07  1.0710905188E+07
   121207 -1.6278623766E+07  1.0705155800E+07
   121307 -1.6091714208E+07  1.0707898311E+07
   121407 -1.5137642243E+07  1.0707902751E+07
   121507 -1.5279652970E+07  1.0734019125E+07
   121607 -1.6875796229E+07  1.0736608800E+07
   121707 -1.6196708087E+07  1.0730468307E+07
   121807 -1.5755862513E+07  1.0738398148E+07
   121907 -1.5732196067E+07  1.0742155893E+07
   122007 -1.5948715915E+07  1.0742739529E+07
   122107 -1.5165385506E+07  1.0741999439E+07
   122207 -1.5633603161E+07  1.0732839711E+07
   122307 -1.6103252941E+07  1.0732212195E+07
   122407 -1.6530759012E+07  1.0741696892E+07
   122507 -1.5400150418E+07  1.0753879967E+07
   122607 -1.5324421637E+07  1.0755705605E+07
   122707 -1.4901664027E+07  1.0754756482E+07
   122807 -1.6023881933E+07  1.0759139780E+07
   122907 -1.5660831375E+07  1.0757251585E+07
   123007 -1.5435433168E+07  1.0758657692E+07
   123107 -1.6847558326E+07  1.0762602446E+07
   123207 -1.6075163942E+07  1.0771662008E+07
   123307 -1.5938450453E+07  1.0789263749E+07
   123407 -1.6046445434E+07  1.0794750483E+07
   123507 -1.5510316663E+07  1.0779358056E+07
   123607 -1.4743670376E+07  1.0761519889E+07
   123707 -1.6686566477E+07  1.0765174756E+07
   123807 -1.5152947163E+07  1.0771422025E+07
   123907 -1.6837986416E+07  1.0760742916E+07
   124007 -1.5494915001E+07  1.0771553703E+07
   124107 -1.6527564726E+07  1.0776986140E+07
   124207 -1.6531158039E+07  1.0783289603E+07
   124307 -1.5334688985E+07  1.0782348657E+07
   124407 -1.5432617506E+07  1.0786366451E+07
   124507 -1.4932415206E+07  1.0782630556E+07
   124607 -1.5668448692E+07  1.0773560385E+07
   124707 -1.6164487348E+07  1.0774283710E+07
   124807 -1.5759106062E+07  1.0780868276E+07
   124907 -1.5778474998E+07  1.0771573996E+07
   125007 -1.5909427664E+07  1.0761371415E+07
   125107 -1.6545938559E+07  1.0758557722E+07
   125207 -1.6314586694E+07  1.0761229645E+07
   125307 -1.6420524827E+07  1.0749942218E+07
   125407 -1.6286352215E+07  1.0752600424E+07
   125507 -1.6040959876E+07  1.0747654932E+07
   125607 -1.5663523531E+07  1.0747678374E+07
   125707 -1.5703139446E+07  1.0752556903E+07
   125807 -1.4934190582E+07  1.0744923397E+07
   125907 -1.5618554551E+07  1.0748545380E+07
   126007 -1.6202420004E+07  1.0761944376E+07
   126107 -1.6818964154E+07  1.0762291891E+07
   126207 -1.5377078889E+07  1.0765743642E+07
   126307 -1.5871177166E+07  1.0761348690E+07
   126407 -1.7015297448E+07  1.0763304702E+07
   126507 -1.5287861813E+07  1.0754830313E+07
   126607 -1.7530977083E+07  1.0760489065E+07
   126707 -1.5705302711E+07  1.0757194709E+07
   126807 -1.7796388022E+07  1.0755126704E+07
   126907 -1.6048926361E+07  1.0743105113E+07
   127007 -1.6140954061E+07  1.0744830875E+07
   127107 -1.4788435417E+07  1.0753259994E+07
   127207 -1.4936653399E+07  1.0762985162E+07
   127307 -1.4553714488E+07  1.0756508171E+07
   127407 -1.6578762680E+07  1.0742497039E+07
   127507 -1.4993480873E+07  1.0736534238E+07
   127607 -1.5514704578E+07  1.0735619383E+07
   127707 -1.5215669539E+07  1.0734350226E+07
   127807 -1.5516211536E+07  1.0735458733E+07
   127907 -1.5924783440E+07  1.0745906595E+07
   128007 -1.6692794819E+07  1.0741876283E+07
   128107 -1.5410145275E+07  1.0741116773E+07
   128207 -1.5159034254E+07  1.0755564014E+07
   128307 -1.5981222385E+07  1.0750663203E+07
   128407 -1.5402424126E+07  1.0747552785E+07
   128507 -1.5011157329E+07  1.0749908644E+07
   128607 -1.6160808493E+07  1.0763122917E+07
   128707 -1.5810053750E+07  1.0758462421E+07
   128807 -1.6664621559E+07  1.0740138403E+07
   128907 -1.5363775490E+07  1.0741290416E+07
   129007 -1.5378332362E+07  1.0747878579E+07
   129107 -1.5014058866E+07  1.0749895949E+07
   129207 -1.6407949364E+07  1.0749359574E+07
   129307 -1.6175308785E+07  1.0741449786E+07
   129407 -1.5272993589E+07  1.0739035006E+07
   129507 -1.6576296591E+07  1.0734969939E+07
   129607 -1.5342162298E+07  1.0738002086E+07
   129707 -1.5935946322E+07  1.0740234144E+07
   129807 -1.5770056140E+07  1.0749970588E+07
   129907 -1.6852822610E+07  1.0749219942E+07
   130007 -1.6337508540E+07  1.0742661687E+07
   130107 -1.5523284768E+07  1.0733160929E+07
   130207 -1.6673582107E+07  1.0739142551E+07
   130307 -1.5485879112E+07  1.0748916624E+07
   130407 -1.5556346213E+07  1.0747232466E+07
   130507 -1.6728879328E+07  1.0758161755E+07
   130607 -1.5152709236E+07  1.0762160712E+07
   130707 -1.5447005360E+07  1.0768603764E+07
   130807 -1.5418695657E+07  1.0765498437E+07
   130907 -1.7225635968E+07  1.0750530235E+07
   131007 -1.5947159153E+07  1.0747121222E+07
   131107 -1.6274907137E+07  1.0746859819E+07
   131207 -1.6991431466E+07  1.0742417069E+07
   131307 -1.5798547883E+07  1.0743083524E+07
   131407 -1.4960558876E+07  1.0737643738E+07
   131507 -1.7055483759E+07  1.0730210282E+07
   131607 -1.5882908367E+07  1.0741769786E+07
   131707 -1.5649032659E+07  1.0760498921E+07
   131807 -1.6592624473E+07  1.0763231306E+07
   131907 -1.5697793317E+07  1.0753943414E+07
   132007 -1.6110453287E+07  1.0758149595E+07
   132107 -1.5092474788E+07  1.0760480802E+07
   132207 -1.5355445020E+07  1.0759799550E+07
   132307 -1.6474133206E+07  1.0768078099E+07
   132407 -1.5778297834E+07  1.0765808366E+07
   132507 -1.6456513418E+07  1.0782778883E+07
   132607 -1.6153885492E+07  1.0797567267E+07
   132707 -1.6133400241E+07  1.0792200913E+07
   132807 -1.4724654040E+07  1.0785359759E+07
   132907 -1.5664390507E+07  1.0781501638E+07
   133007 -1.5919610765E+07  1.0779732625E+07
   133107 -1.5176731390E+07  1.0775631811E+07
   133207 -1.6165571546E+07  1.0767307980E+07
   133307 -1.5759659354E+07  1.0773421783E+07
   133407 -1.5796801999E+07  1.0758572130E+07
   133507 -1.5869647404E+07  1.0745738999E+07
   133607 -1.5713072628E+07  1.0748678121E+07
   133707 -1.6044746162E+07  1.0745432721E+07
   133807 -1.5818343975E+07  1.0721607730E+07
   133907 -1.6614336268E+07  1.0726304403E+07
   134007 -1.6450431004E+07  1.0736952220E+07
   134107 -1.6048925355E+07  1.0730696679E+07
   134207 -1.6345577453E+07  1.0726642790E+07
   134307 -1.5922987872E+07  1.0725862054E+07
   134407 -1.4896990684E+07  1.0729334578E+07
   134507 -1.6056375630E+07  1.0732983920E+07
   134607 -1.4723458228E+07  1.0737812305E+07
   134707 -1.5551744370E+07  1.0748482264E+07
   134807 -1.5481224129E+07  1.0753074607E+07
   134907 -1.5798451510E+07  1.0750914678E+07
   135007 -1.6587459538E+07  1.0745042223E+07
   135107 -1.5542455968E+07  1.0737637939E+07
   135207 -1.6007672101E+07  1.0739276861E+07
   135307 -1.5337124350E+07  1.0743870448E+07
   135407 -1.7083777423E+07  1.0755358314E+07
   135507 -1.6844016551E+07  1.0763079092E+07
   135607 -1.6572282023E+07  1.0761555037E+07
   135707 -1.6024384214E+07  1.0758484350E+07
   135807 -1.5438838074E+07  1.0750190169E+07
   135907 -1.7129939473E+07  1.0746566850E+07
   136007 -1.6335338609E+07  1.0738855298E+07
   136107 -1.5825464653E+07  1.0744346778E+07
   136207 -1.6588511535E+07  1.0738410087E+07
   136307 -1.4975077164E+07  1.0747192870E+07
   136407 -1.5368756498E+07  1.0743041196E+07
   136507 -1.5946959963E+07  1.0755436209E+07
   136607 -1.5830583278E+07  1.0759561816E+07
   136707 -1.6203155089E+07  1.0769672882E+07
   136807 -1.4796361460E+07  1.0763246866E+07
   136907 -1.5148917784E+07  1.0759335782E+07
   137007 -1.6183046488E+07  1.0764762663E+07
   137107 -1.5058857146E+07  1.0772622746E+07
   137207 -1.6072527531E+07  1.0777995771E+07
   137307 -1.4884064614E+07  1.0792183886E+07
   137407 -1.6569927442E+07  1.0772392222E+07
   137507 -1.5903439414E+07  1.0764857366E+07
   137607 -1.4387116570E+07  1.0766049667E+07
   137707 -1.5674638501E+07  1.0761472840E+07
   137807 -1.6365655499E+07  1.0758434500E+07
   137907 -1.5395762661E+07  1.0762087564E+07
   138007 -1.5811644687E+07  1.0753054233E+07
   138107 -1.6483552459E+07  1.0752215502E+07
   138207 -1.5728240495E+07  1.0753219137E+07
   138307 -1.7045746421E+07  1.0747300829E+07
   138407 -1.6672197898E+07  1.0753172158E+07
   138507 -1.4997929800E+07  1.0749694298E+07
   138607 -1.6725826416E+07  1.0752838313E+07
   138707 -1.6364405227E+07  1.0743878032E+07
   138807 -1.6158813325E+07  1.0747836743E+07
   138907 -1.5882895847E+07  1.0746863655E+07
   139007 -1.6377429264E+07  1.0745864079E+07
   139107 -1.5282607256E+07  1.0747745601E+07
   139207 -1.6010275307E+07  1.0736930303E+07
   139307 -1.6426756765E+07  1.0743167247E+07
   139407 -1.5492731034E+07  1.0735899838E+07
   139507 -1.5038700651E+07  1.0731044884E+07
   139607 -1.5553704465E+07  1.0740687430E+07
   139707 -1.6789448332E+07  1.0745248862E+07
   139807 -1.6472667616E+07  1.0739594423E+07
   139907 -1.4879764086E+07  1.0739100111E+07
   140007 -1.6089369231E+07  1.0737198350E+07
   140107 -1.5596849581E+07  1.0744205984E+07
   140207 -1.6282090069E+07  1.0745406426E+07
   140307 -1.5963955639E+07  1.0763824779E+07
   140407 -1.6974168015E+07  1.0745057821E+07
   140507 -1.6088554367E+07  1.0747351284E+07
   140607 -1.5661479117E+07  1.0753821455E+07
   140707 -1.5221652775E+07  1.0756159842E+07
   140807 -1.5071001019E+07  1.0760745252E+07
   140907 -1.5889839119E+07  1.0758737129E+07
   141007 -1.5297043819E+07  1.0743177214E+07
   141107 -1.5156475169E+07  1.0727201047E+07
   141207 -1.6171558150E+07  1.0721169728E+07
   141307 -1.6780122711E+07  1.0724718913E+07
   141407 -1.4316149181E+07  1.0731089751E+07
   141507 -1.5274690853E+07  1.0729493465E+07
   141607 -1.5237775797E+07  1.0726724560E+07
   141707 -1.6493281503E+07  1.0722448731E+07
   141807 -1.5820013735E+07  1.0718452456E+07
   141907 -1.5499900798E+07  1.0719757412E+07
   142007 -1.6560642482E+07  1.0719284280E+07
   142107 -1.7243276636E+07  1.0730994371E+07
   142207 -1.5511611616E+07  1.0722457463E+07
   142307 -1.5922111623E+07  1.0715204930E+07
   142407 -1.4349093842E+07  1.0729950180E+07
   142507 -1.5002427952E+07  1.0727599951E+07
   142607 -1.5765097328E+07  1.0736620499E+07
   142707 -1.5847103909E+07  1.0738077411E+07
   142807 -1.6203509257E+07  1.0740885242E+07
   142907 -1.5780826624E+07  1.0751004323E+07
   143007 -1.5756316419E+07  1.0732847486E+07
   143107 -1.5610526159E+07  1.0730175034E+07
   143207 -1.7898038533E+07  1.0732660710E+07
   143307 -1.5615891030E+07  1.0733075040E+07
   143407 -1.4801091808E+07  1.0732234648E+07
   143507 -1.6527469014E+07  1.0743595655E+07
   143607 -1.6817292157E+07  1.0749957780E+07
   143707 -1.5388658652E+07  1.0754127280E+07
   143807 -1.5965730498E+07  1.0747032785E+07
   143907 -1.7631363676E+07  1.0735648674E+07
   144007 -1.5122286501E+07  1.0732847856E+07
   144107 -1.5827958167E+07  1.0730371357E+07
   144207 -1.5522218392E+07  1.0719993993E+07
   144307 -1.4465432690E+07  1.0719275070E+07
   144407 -1.6980928528E+07  1.0728749964E+07
   144507 -1.5151565598E+07  1.0737471518E+07
   144607 -1.6162023051E+07  1.0731341915E+07
   144707 -1.5744471001E+07  1.0725980586E+07
   144807 -1.6038446246E+07  1.0735985999E+07
   144907 -1.6005047585E+07  1.0740338434E+07
   145007 -1.5926270293E+07  1.0730058560E+07
   145107 -1.6150879126E+07  1.0752128774E+07
   145207 -1.5656718492E+07  1.0755420426E+07
   145307 -1.5004184846E+07  1.0749103513E+07
   145407 -1.5984198948E+07  1.0746590929E+07
   145507 -1.4991107246E+07  1.0755738506E+07
   145607 -1.6468136762E+07  1.0750961499E+07
   145707 -1.5473624393E+07  1.0751974504E+07
   145807 -1.6333329093E+07  1.0758302604E+07
   145907 -1.5491117049E+07  1.0760742585E+07
   146007 -1.4895836595E+07  1.0755444982E+07
   146107 -1.6492784769E+07  1.0752801864E+07
   146207 -1.5856751638E+07  1.0756546740E+07
   146307 -1.6744192135E+07  1.0763993039E+07
   146407 -1.5930924990E+07  1.0756624036E+07
   146507 -1.5296245751E+07  1.0750224276E+07
   146607 -1.5569540728E+07  1.0741542502E+07
   146707 -1.7398638107E+07  1.0735536313E+07
   146807 -1.6831470886E+07  1.0720015136E+07
   146907 -1.5827782803E+07  1.0716810779E+07
   147007 -1.5000937463E+07  1.0727880701E+07
   147107 -1.6068867755E+07  1.0729472628E+07
   147207 -1.6032354333E+07  1.0735167940E+07
   147307 -1.5688065910E+07  1.0731546949E+07
   147407 -1.5975255012E+07  1.0724147888E+07
   147507 -1.5337928703E+07  1.0728061799E+07
   147607 -1.6318233683E+07  1.0736461392E+07
   147707 -1.5925479361E+07  1.0736499805E+07
   147807 -1.5559737503E+07  1.0740336520E+07
   147907 -1.6181166198E+07  1.0748920060E+07
   148007 -1.5523464216E+07  1.0746232863E+07
   148107 -1.6621178822E+07  1.0748493068E+07
   148207 -1.6122141711E+07  1.0747682527E+07
   148307 -1.6852954541E+07  1.0725075101E+07
   148407 -1.6470882198E+07  1.0731756656E+07
   148507 -1.5287129292E+07  1.0733692813E+07
   148607 -1.5240998901E+07  1.0735848416E+07
   148707 -1.5877766698E+07  1.0739672183E+07
   148807 -1.5961576479E+07  1.0731247765E+07
   148907 -1.6351953212E+07  1.0729294836E+07
   149007 -1.5035748078E+07  1.0732191126E+07
   149107 -1.5827370142E+07  1.0733018737E+07
   149207 -1.6763840635E+07  1.0733140449E+07
   149307 -1.7600941768E+07  1.0738666422E+07
   149407 -1.6238215521E+07  1.0744722418E+07
   149507 -1.5742437402E+07  1.0746129876E+07
   149607 -1.6516832692E+07  1.0740749255E+07
   149707 -1.6530784686E+07  1.0744697679E+07
   149807 -1.5149899079E+07  1.0762478640E+07
   149907 -1.6544464631E+07  1.0762412534E+07
   150007 -1.5990762475E+07  1.0757159524E+07
   150107 -1.6440802622E+07  1.0748842439E+07
   150207 -1.6559571514E+07  1.0744621289E+07
   150307 -1.6087723437E+07  1.0738184020E+07
   150407 -1.5506761913E+07  1.0737233860E+07
   150507 -1.4833858301E+07  1.0732436608E+07
   150607 -1.4600729925E+07  1.0732905958E+07
   150707 -1.5285294968E+07  1.0731342786E+07
   150807 -1.4977574127E+07  1.0740081712E+07
   150907 -1.6290141814E+07  1.0748899330E+07
   151007 -1.4684475054E+07  1.0752318446E+07
   151107 -1.6974253542E+07  1.0746970484E+07
   151207 -1.5530825800E+07  1.0747682093E+07
   151307 -1.4466047787E+07  1.0726353646E+07
   151407 -1.6123200150E+07  1.0728024352E+07
   151507 -1.6481770563E+07  1.0736233474E+07
   151607 -1.5254756557E+07  1.0734085452E+07
   151707 -1.4785019831E+07  1.0741728561E+07
   151807 -1.5843263427E+07  1.0729579747E+07
   151907 -1.6315031989E+07  1.0741980029E+07
   152007 -1.6778669814E+07  1.0739321848E+07
   152107 -1.5335492887E+07  1.0743739262E+07
   152207 -1.5780558836E+07  1.0734670752E+07
   152307 -1.4214841278E+07  1.0738527128E+07
   152407 -1.6332299711E+07  1.0730207289E+07
   152507 -1.6237683828E+07  1.0724502332E+07
   152607 -1.6660167082E+07  1.0720008183E+07
   152707 -1.4344007887E+07  1.0725596655E+07
   152807 -1.4992885146E+07  1.0736215828E+07
   152907 -1.5644807441E+07  1.0740402526E+07
   153007 -1.6566557011E+07  1.0747685641E+07
   153107 -1.5186224370E+07  1.0756641913E+07
   153207 -1.6695346570E+07  1.0761632046E+07
   153307 -1.5326862080E+07  1.0746998798E+07
   153407 -1.5219562750E+07  1.0744716541E+07
   153507 -1.5889040464E+07  1.0744066776E+07
   153607 -1.6199277438E+07  1.0738144259E+07
   153707 -1.5509884027E+07  1.0740054275E+07
   153807 -1.5881391715E+07  1.0734762596E+07
   153907 -1.5783496183E+07  1.0727247764E+07
   154007 -1.7262192161E+07  1.0726176640E+07
   154107 -1.6031411286E+07  1.0722774852E+07
   154207 -1.4933229843E+07  1.0729196699E+07
   154307 -1.4663863709E+07  1.0731722350E+07
   154407 -1.6065019263E+07  1.0735487138E+07
   154507 -1.5945754279E+07  1.0744286252E+07
   154607 -1.5254232918E+07  1.0748861401E+07
   154707 -1.6283165667E+07  1.0737434432E+07
   154807 -1.6055558387E+07  1.0745208736E+07
   154907 -1.6153940962E+07  1.0748099158E+07
   155007 -1.6467157830E+07  1.0742653852E+07
   155107 -1.5763242380E+07  1.0737276063E+07
   155207 -1.7002912289E+07  1.0743882617E+07
   155307 -1.4760885629E+07  1.0741481313E+07
   155407 -1.4964935164E+07  1.0739470612E+07
   155507 -1.5842448740E+07  1.0749086248E+07
   155607 -1.5352551852E+07  1.0756419409E+07
   155707 -1.6517399313E+07  1.0739301767E+07
   155807 -1.4662114693E+07  1.0742699994E+07
   155907 -1.6462964565E+07  1.0742353276E+07
   156007 -1.5905374313E+07  1.0737859490E+07
   156107 -1.6222725239E+07  1.0717475703E+07
   156207 -1.6620837654E+07  1.0699227995E+07
   156307 -1.6205783097E+07  1.0710364756E+07
   156407 -1.5679571272E+07  1.0708693529E+07
   156507 -1.5683034029E+07  1.0711169242E+07
   156607 -1.4562325769E+07  1.0712512922E+07
   156707 -1.6780532448E+07  1.0715999873E+07
   156807 -1.6042148405E+07  1.0708045333E+07
   156907 -1.6415010572E+07  1.0716663932E+07
   157007 -1.5748013682E+07  1.0727224879E+07
   157107 -1.5570727228E+07  1.0727484739E+07
   157207 -1.5607593819E+07  1.0730452421E+07
   157307 -1.6090099208E+07  1.0724308373E+07
   157407 -1.6968021511E+07  1.0735213964E+07
   157507 -1.6325870683E+07  1.0724985817E+07
   157607 -1.5138896813E+07  1.0727386198E+07
   157707 -1.6034125484E+07  1.0715560079E+07
   157807 -1.6042981122E+07  1.0719220597E+07
   157907 -1.5389916540E+07  1.0731078268E+07
   158007 -1.6147629004E+07  1.0737425209E+07
   158107 -1.6495609846E+07  1.0750959464E+07
   158207 -1.5243461933E+07  1.0755024317E+07
   158307 -1.5562658515E+07  1.0749640261E+07
   158407 -1.5752799495E+07  1.0764189301E+07
   158507 -1.6464932404E+07  1.0768073478E+07
   158607 -1.5955189231E+07  1.0760480865E+07
   158707 -1.6390904235E+07  1.0757982998E+07
   158807 -1.6446570250E+07  1.0753345180E+07
   158907 -1.5978623213E+07  1.0739793333E+07
   159007 -1.5562798932E+07  1.0732471848E+07
   159107 -1.6491545420E+07  1.0738518003E+07
   159207 -1.6305968355E+07  1.0740076386E+07
   159307 -1.6078162870E+07  1.0737508338E+07
   159407 -1.6142324397E+07  1.0740360079E+07
   159507 -1.5630042155E+07  1.0726205803E+07
   159607 -1.5800564355E+07  1.0723116161E+07
   159707 -1.5657264903E+07  1.0735804614E+07
   159807 -1.5041538901E+07  1.0731880321E+07
   159907 -1.5823766567E+07  1.0733636279E+07
   160007 -1.5437864223E+07  1.0728310922E+07
   160107 -1.5492195972E+07  1.0731858160E+07
   160207 -1.5252605259E+07  1.0741605171E+07
   160307 -1.4589282113E+07  1.0746405265E+07
   160407 -1.6779791911E+07  1.0739450451E+07
   160507 -1.6522790067E+07  1.0745102074E+07
   160607 -1.5609756212E+07  1.0741156706E+07
   160707 -1.4492891681E+07  1.0738626758E+07
   160807 -1.5742963059E+07  1.0749952276E+07
   160907 -1.5874268599E+07  1.0754594588E+07
   161007 -1.5334123521E+07  1.0752029633E+07
   161107 -1.5224605957E+07  1.0741701971E+07
   161207 -1.5573801426E+07  1.0738543859E+07
   161307 -1.5415867095E+07  1.0744026652E+07
   161407 -1.5354319172E+07  1.0742346202E+07
   161507 -1.6573060940E+07  1.0740737615E+07
   161607 -1.5013945739E+07  1.0750387041E+07
   161707 -1.6743587563E+07  1.0745940840E+07
   161807 -1.5365663566E+07  1.0728105231E+07
   161907 -1.4921200657E+07  1.0742376227E+07
   162007 -1.5610902950E+07  1.0745707479E+07
   162107 -1.6014429116E+07  1.0741950251E+07
   162207 -1.5376149284E+07  1.0740290026E+07
   162307 -1.6464310758E+07  1.0740919489E+07
   162407 -1.5911614985E+07  1.0739441854E+07
   162507 -1.6035100477E+07  1.0737479798E+07
   162607 -1.6585684002E+07  1.0738378247E+07
   162707 -1.5180123407E+07  1.0741911500E+07
   162807 -1.6103604229E+07  1.0746133956E+07
   162907 -1.6207299162E+07  1.0741347192E+07
   163007 -1.5971145509E+07  1.0742801945E+07
   163107 -1.5679184415E+07  1.0735801782E+07
   163207 -1.5526502002E+07  1.0728947980E+07
   163307 -1.6823639848E+07  1.0734797222E+07
   163407 -1.6735943123E+07  1.0731034649E+07
   163507 -1.5924962968E+07  1.0724445696E+07
   163607 -1.6418079873E+07  1.0718785798E+07
   163707 -1.6318473962E+07  1.0718020262E+07
   163807 -1.6405131244E+07  1.0721024297E+07
   163907 -1.5588375160E+07  1.0723410359E+07
   164007 -1.6628749247E+07  1.0715406784E+07
   164107 -1.5129146229E+07  1.0721192429E+07
   164207 -1.5753083881E+07  1.0715075028E+07
   164307 -1.5543118773E+07  1.0720558518E+07
   164407 -1.6714687221E+07  1.0726987424E+07
   164507 -1.4972769394E+07  1.0729947962E+07
   164607 -1.6134091535E+07  1.0734410354E+07
   164707 -1.5582523722E+07  1.0730789733E+07
   164807 -1.5653325338E+07  1.0732288241E+07
   164907 -1.6169289144E+07  1.0734094940E+07
   165007 -1.5897087568E+07  1.0731322626E+07
   165107 -1.5375866798E+07  1.0741109181E+07
   165207 -1.6308405427E+07  1.0729952035E+07
   165307 -1.6036160737E+07  1.0722433526E+07
   165407 -1.6192346488E+07  1.0728546337E+07
   165507 -1.6734708422E+07  1.0736039747E+07
   165607 -1.6594951017E+07  1.0735128295E+07
   165707 -1.5696385983E+07  1.0735600457E+07
   165807 -1.5017227520E+07  1.0736545360E+07
   165907 -1.5307732886E+07  1.0738442859E+07
   166007 -1.5494207735E+07  1.0727572863E+07
   166107 -1.5171054069E+07  1.0723488157E+07
   166207 -1.5541721483E+07  1.0722421040E+07
   166307 -1.6528054750E+07  1.0731887158E+07
   166407 -1.5585025017E+07  1.0744660499E+07
   166507 -1.4943878569E+07  1.0753085841E+07
   166607 -1.6313370836E+07  1.0759057365E+07
   166707 -1.6218038180E+07  1.0770047061E+07
   166807 -1.6969025386E+07  1.0773443311E+07
   166907 -1.5590792375E+07  1.0758215046E+07
   167007 -1.6707692137E+07  1.0741029887E+07
   167107 -1.5501532535E+07  1.0741889681E+07
   167207 -1.6310925056E+07  1.0746919395E+07
   167307 -1.5073638576E+07  1.0744620376E+07
   167407 -1.5568704464E+07  1.0747284019E+07
   167507 -1.6349955473E+07  1.0743592980E+07
   167607 -1.3922120845E+07  1.0748050330E+07
   167707 -1.4695628624E+07  1.0751863497E+07
   167807 -1.5719575709E+07  1.0754584492E+07
   167907 -1.5710607385E+07  1.0754342492E+07
   168007 -1.6100085766E+07  1.0751000976E+07
   168107 -1.5629606323E+07  1.0755347250E+07
   168207 -1.5562614336E+07  1.0763660918E+07
   168307 -1.5963053821E+07  1.0768939689E+07
   168407 -1.6154084667E+07  1.0754539582E+07
   168507 -1.5566200227E+07  1.0745398380E+07
   168607 -1.6769630104E+07  1.0758577457E+07
   168707 -1.5817341476E+07  1.0762516566E+07
   168807 -1.5626113805E+07  1.0761143758E+07
   168907 -1.7027730224E+07  1.0756937565E+07
   169007 -1.5960109978E+07  1.0756493086E+07
   169107 -1.6747436748E+07  1.0759939958E+07
   169207 -1.6424891689E+07  1.0767774713E+07
   169307 -1.4643286839E+07  1.0752083622E+07
   169407 -1.6632367614E+07  1.0746042957E+07
   169507 -1.6040347692E+07  1.0747045686E+07
   169607 -1.5251457271E+07  1.0755381176E+07
   169707 -1.6398849189E+07  1.0750979272E+07
   169807 -1.6883672460E+07  1.0758214155E+07
   169907 -1.6268268774E+07  1.0746076665E+07
   170007 -1.7163724177E+07  1.0740363231E+07
   170107 -1.4544246790E+07  1.0753470917E+07
   170207 -1.5991992530E+07  1.0758195628E+07
   170307 -1.5385441487E+07  1.0765536906E+07
   170407 -1.6600977808E+07  1.0767597431E+07
   170507 -1.5003831158E+07  1.0783970944E+07
   170607 -1.4986618341E+07  1.0769682079E+07
   170707 -1.6743698552E+07  1.0758969798E+07
   170807 -1.5736387692E+07  1.0751373013E+07
   170907 -1.5133168175E+07  1.0748462325E+07
   171007 -1.5560548889E+07  1.0749882207E+07
   171107 -1.5456141117E+07  1.0756295161E+07
   171207 -1.5315557008E+07  1.0767935558E+07
   171307 -1.5503240840E+07  1.0762466848E+07
   171407 -1.5783648977E+07  1.0758742094E+07
   171507 -1.5737163259E+07  1.0758394588E+07
   171607 -1.5958710016E+07  1.0765561851E+07
   171707 -1.6606339204E+07  1.0768747036E+07
   171807 -1.6038515212E+07  1.0770604786E+07
   171907 -1.6144952804E+07  1.0773882036E+07
   172007 -1.5963055585E+07  1.0777485050E+07
   172107 -1.6278844643E+07  1.0778329728E+07
   172207 -1.6840249763E+07  1.0778235218E+07
   172307 -1.5807193015E+07  1.0769819669E+07
   172407 -1.5363031830E+07  1.0763309643E+07
   172507 -1.5588522616E+07  1.0761095441E+07
   172607 -1.5913479405E+07  1.0759844857E+07
   172707 -1.5698762893E+07  1.0761877960E+07
   172807 -1.4569131235E+07  1.0765442256E+07
   172907 -1.5217968823E+07  1.0761805618E+07
   173007 -1.6432241199E+07  1.0769610940E+07
   173107 -1.6254647347E+07  1.0762708986E+07
   173207 -1.5367745011E+07  1.0746335274E+07
   173307 -1.6716153130E+07  1.0743369753E+07
   173407 -1.6170700068E+07  1.0742617895E+07
   173507 -1.5176473489E+07  1.0725831147E+07
   173607 -1.5884407623E+07  1.0726825809E+07
   173707 -1.4567157549E+07  1.0743178995E+07
   173807 -1.5245603139E+07  1.0744504421E+07
   173907 -1.6812553100E+07  1.0735242980E+07
   174007 -1.5757948738E+07  1.0727337446E+07
   174107 -1.5880201223E+07  1.0736716729E+07
   174207 -1.6428926818E+07  1.0740374317E+07
   174307 -1.5753791540E+07  1.0744256070E+07
   174407 -1.6173459515E+07  1.0750813506E+07
   174507 -1.6913534359E+07  1.0752132549E+07
   174607 -1.5412053767E+07  1.0753150396E+07
   174707 -1.5176304121E+07  1.0746046287E+07
   174807 -1.7145227391E+07  1.0748664456E+07
   174907 -1.5816162282E+07  1.0751821226E+07
   175007 -1.4700789911E+07  1.0751143628E+07
   175107 -1.5458863732E+07  1.0739006495E+07
   175207 -1.5116413148E+07  1.0743262864E+07
   175307 -1.4883537457E+07  1.0754635382E+07
   175407 -1.6386390992E+07  1.0758728965E+07
   175507 -1.6721176819E+07  1.0751577786E+07
   175607 -1.6443554066E+07  1.0739471655E+07
   175707 -1.5941611897E+07  1.0734333444E+07
   175807 -1.6012474042E+07  1.0738160012E+07
   175907 -1.5322383719E+07  1.0746407854E+07
   176007 -1.5624098366E+07  1.0745569760E+07
   176107 -1.5335690970E+07  1.0731588465E+07
   176207 -1.5806465196E+07  1.0724754999E+07
   176307 -1.5317299946E+07  1.0724114944E+07
   176407 -1.5498379507E+07  1.0718766867E+07
   176507 -1.6443059721E+07  1.0731681516E+07
   176607 -1.6025189995E+07  1.0739830418E+07
   176707 -1.4948392936E+07  1.0738972825E+07
   176807 -1.5823461626E+07  1.0731824873E+07
   176907 -1.5720682566E+07  1.0746607738E+07
   177007 -1.5549663513E+07  1.0759331970E+07
   177107 -1.7487908298E+07  1.0758966715E+07
   177207 -1.6125495040E+07  1.0761774482E+07
   177307 -1.5721522886E+07  1.0756136650E+07
   177407 -1.5083030268E+07  1.0748482072E+07
   177507 -1.6078363965E+07  1.0746586095E+07
   177607 -1.5190414332E+07  1.0747977152E+07
   177707 -1.6254327981E+07  1.0740094597E+07
   177807 -1.5959443855E+07  1.0748025295E+07
   177907 -1.6390195623E+07  1.0754513540E+07
   178007 -1.6424531146E+07  1.0750330970E+07
   178107 -1.5062926378E+07  1.0740192617E+07
   178207 -1.5319348112E+07  1.0751792896E+07
   178307 -1.5634520376E+07  1.0757439241E+07
   178407 -1.6037788186E+07  1.0764696732E+07
   178507 -1.5856786354E+07  1.0761566046E+07
   178607 -1.6386667140E+07  1.0750493559E+07
   178707 -1.5391888051E+07  1.0756146638E+07
   178807 -1.6909594920E+07  1.0747249370E+07
   178907 -1.6235838567E+07  1.0751819990E+07
   179007 -1.5426365395E+07  1.0756379543E+07
   179107 -1.5782784746E+07  1.0749002442E+07
   179207 -1.6035719729E+07  1.0747123627E+07
   179307 -1.5063528844E+07  1.0746536900E+07
   179407 -1.6239535816E+07  1.0746388150E+07
   179507 -1.6275871051E+07  1.0746698443E+07
   179607 -1.6707729144E+07  1.0747627323E+07
   179707 -1.6691295990E+07  1.0754120579E+07
   179807 -1.6211763412E+07  1.0759720512E+07
   179907 -1.6302282690E+07  1.0752673489E+07
   180007 -1.5518441920E+07  1.0749182110E+07
   180107 -1.6105023959E+07  1.0744003913E+07
   180207 -1.6459898434E+07  1.0748116056E+07
   180307 -1.5781730378E+07  1.0737908910E+07
   180407 -1.6128466933E+07  1.0743471020E+07
   180507 -1.5351277661E+07  1.0730970693E+07
   180607 -1.6059783027E+07  1.0720760641E+07
   180707 -1.5164006745E+07  1.0720035318E+07
   180807 -1.5788694169E+07  1.0724393997E+07
   180907 -1.4784887098E+07  1.0738865197E+07
   181007 -1.5247487203E+07  1.0737065515E+07
   181107 -1.5434522184E+07  1.0741914420E+07
   181207 -1.4836065869E+07  1.0738707809E+07
   181307 -1.6884037343E+07  1.0741797064E+07
   181407 -1.6124678152E+07  1.0752294423E+07
   181507 -1.6098206239E+07  1.0758314870E+07
   181607 -1.5802598204E+07  1.0752761903E+07
   181707 -1.5305747055E+07  1.0759579821E+07
   181807 -1.6780139505E+07  1.0769200644E+07
   181907 -1.5509270710E+07  1.0765619894E+07
   182007 -1.7673649647E+07  1.0755363345E+07
   182107 -1.6068684791E+07  1.0739174264E+07
   182207 -1.6701379102E+07  1.0748016526E+07
   182307 -1.5406935435E+07  1.0742023627E+07
   182407 -1.6466102222E+07  1.0735063019E+07
   182507 -1.6404938444E+07  1.0745880052E+07
   182607 -1.6799035716E+07  1.0742767598E+07
   182707 -1.5597836034E+07  1.0739087956E+07
   182807 -1.4994213237E+07  1.0740983067E+07
   182907 -1.6223130220E+07  1.0735042229E+07
   183007 -1.5870367593E+07  1.0746743552E+07
   183107 -1.5365494844E+07  1.0751313260E+07
   183207 -1.4957373315E+07  1.0744686928E+07
   183307 -1.6040094952E+07  1.0748098712E+07
   183407 -1.5923232982E+07  1.0748096461E+07
   183507 -1.6504671200E+07  1.0748750400E+07
   183607 -1.6240035266E+07  1.0752848696E+07
   183707 -1.6898927099E+07  1.0743594152E+07
   183807 -1.5357405573E+07  1.0733363696E+07
   183907 -1.4891313914E+07  1.0725045205E+07
   184007 -1.5184945774E+07  1.0724668080E+07
   184107 -1.5605469708E+07  1.0735979758E+07
   184207 -1.6124801248E+07  1.0757338007E+07
   184307 -1.6759889491E+07  1.0767012209E+07
   184407 -1.6871482840E+07  1.0769611916E+07
   184507 -1.6040728860E+07  1.0756787598E+07
   184607 -1.5433449514E+07  1.0742265612E+07
   184707 -1.6274495176E+07  1.0749514419E+07
   184807 -1.4840350443E+07  1.0748966022E+07
   184907 -1.5690530486E+07  1.0743474973E+07
   185007 -1.5416023256E+07  1.0737584784E+07
   185107 -1.6218141505E+07  1.0730649310E+07
   185207 -1.6051556338E+07  1.0728019126E+07
   185307 -1.6471505823E+07  1.0733994535E+07
   185407 -1.5741267628E+07  1.0745391913E+07
   185507 -1.5194167854E+07  1.0745983253E+07
   185607 -1.5984204602E+07  1.0738369240E+07
   185707 -1.5428568979E+07  1.0738993095E+07
   185807 -1.4888500764E+07  1.0745884467E+07
   185907 -1.4809421559E+07  1.0758610342E+07
   186007 -1.6300965876E+07  1.0755386786E+07
   186107 -1.5417699050E+07  1.0752852973E+07
   186207 -1.6732437175E+07  1.0758408559E+07
   186307 -1.5430377575E+07  1.0755206892E+07
   186407 -1.6058694912E+07  1.0745079258E+07
   186507 -1.7019180465E+07  1.0740702995E+07
   186607 -1.5757609463E+07  1.0736724631E+07
   186707 -1.5398408962E+07  1.0738988658E+07
   186807 -1.5114331980E+07  1.0727740272E+07
   186907 -1.7197429239E+07  1.0725623044E+07
   187007 -1.6051698405E+07  1.0725478045E+07
   187107 -1.5764561132E+07  1.0737669842E+07
   187207 -1.5765629137E+07  1.0756274494E+07
   187307 -1.5247972409E+07  1.0754965435E+07
   187407 -1.5774185163E+07  1.0758460090E+07
   187507 -1.5374314224E+07  1.0757396009E+07
   187607 -1.5031520490E+07  1.0748259521E+07
   187707 -1.5489658450E+07  1.0739425906E+07
   187807 -1.5818828362E+07  1.0746438920E+07
   187907 -1.5512964877E+07  1.0746658512E+07
   188007 -1.6061267730E+07  1.0731314965E+07
   188107 -1.6403511082E+07  1.0740185126E+07
   188207 -1.6056989717E+07  1.0737507264E+07
   188307 -1.5679586353E+07  1.0725333330E+07
   188407 -1.5536261707E+07  1.0731058271E+07
   188507 -1.4631288352E+07  1.0724643574E+07
   188607 -1.5055299020E+07  1.0723516495E+07
   188707 -1.6533201329E+07  1.0726058244E+07
   188807 -1.6512467769E+07  1.0723640295E+07
   188907 -1.6238928022E+07  1.0724111594E+07
   189007 -1.5952491160E+07  1.0720881013E+07
   189107 -1.6765020579E+07  1.0726692327E+07
   189207 -1.6131300784E+07  1.0735220882E+07
   189307 -1.5740020301E+07  1.0734095582E+07
   189407 -1.5734515155E+07  1.0730744078E+07
   189507 -1.7161892963E+07  1.0720262289E+07
   189607 -1.7922960282E+07  1.0736602858E+07
   189707 -1.5772532666E+07  1.0740889455E+07
   189807 -1.5943484725E+07  1.0739933398E+07
   189907 -1.6759281724E+07  1.0745633994E+07
   190007 -1.5198654087E+07  1.0755632310E+07
   190107 -1.6016951633E+07  1.0748979095E+07
   190207 -1.6677696729E+07  1.0739679006E+07
   190307 -1.5709956448E+07  1.0739201248E+07
   190407 -1.6211327306E+07  1.0740922812E+07
   190507 -1.5540890012E+07  1.0741602919E+07
   190607 -1.5413443822E+07  1.0736003048E+07
   190707 -1.5428585326E+07  1.0719773005E+07
   190807 -1.5185655227E+07  1.0722749763E+07
   190907 -1.6670540995E+07  1.0734493591E+07
   191007 -1.4672294124E+07  1.0742766271E+07
   191107 -1.6182488317E+07  1.0747508109E+07
   191207 -1.6006349220E+07  1.0742431601E+07
   191307 -1.5779749272E+07  1.0750366204E+07
   191407 -1.5554119667E+07  1.0752542026E+07
   191507 -1.6719076503E+07  1.0748925355E+07
   191607 -1.5124547127E+07  1.0755467652E+07
   191707 -1.5465976422E+07  1.0756761726E+07
   191807 -1.5133080447E+07  1.0756814366E+07
   191907 -1.6122392066E+07  1.0746365758E+07
   192007 -1.5996136069E+07  1.0738718009E+07
   192107 -1.5382237093E+07  1.0731042048E+07
   192207 -1.4806048571E+07  1.0721805492E+07
   192307 -1.5955278446E+07  1.0721852394E+07
   192407 -1.6510793393E+07  1.0729221632E+07
   192507 -1.6132698029E+07  1.0730547647E+07
   192607 -1.7116716615E+07  1.0732530176E+07
   192707 -1.5759448415E+07  1.0731616321E+07
   192807 -1.6069825114E+07  1.0730403566E+07
   192907 -1.5290442615E+07  1.0735056524E+07
   193007 -1.5809788996E+07  1.0731303538E+07
   193107 -1.4995010780E+07  1.0734343973E+07
   193207 -1.5655618108E+07  1.0734134306E+07
   193307 -1.6458460369E+07  1.0730934832E+07
   193407 -1.7075228318E+07  1.0743638862E+07
   193507 -1.5299271575E+07  1.0748625325E+07
   193607 -1.6227564061E+07  1.0744295875E+07
   193707 -1.4796633533E+07  1.0731112870E+07
   193807 -1.4765376620E+07  1.0728822795E+07
   193907 -1.5106967591E+07  1.0736417279E+07
   194007 -1.6719069252E+07  1.0745735198E+07
   194107 -1.5509490299E+07  1.0745823341E+07
   194207 -1.6261013815E+07  1.0740761838E+07
   194307 -1.5221896829E+07  1.0736396732E+07
   194407 -1.4646177872E+07  1.0729837697E+07
   194507 -1.5814793262E+07  1.0715785231E+07
   194607 -1.6766448915E+07  1.0719243295E+07
   194707 -1.5360921507E+07  1.0720580663E+07
   194807 -1.7009762217E+07  1.0722038424E+07
   194907 -1.7029230688E+07  1.0718246141E+07
   195007 -1.6013937410E+07  1.0721033649E+07
   195107 -1.6029414783E+07  1.0731915564E+07
   195207 -1.5689953083E+07  1.0740194754E+07
   195307 -1.5422639515E+07  1.0734704410E+07
   195407 -1.5460801869E+07  1.0729415609E+07
   195507 -1.4791340986E+07  1.0734535385E+07
   195607 -1.6457739779E+07  1.0734546781E+07
   195707 -1.5641047587E+07  1.0746477346E+07
   195807 -1.5540606644E+07  1.0740675720E+07
   195907 -1.6332871144E+07  1.0744032363E+07
   196007 -1.6052706957E+07  1.0743613585E+07
   196107 -1.6375837573E+07  1.0753523744E+07
   196207 -1.6258791677E+07  1.0761967836E+07
   196307 -1.6933769527E+07  1.0776983149E+07
   196407 -1.6062571718E+07  1.0781012626E+07
   196507 -1.5858530390E+07  1.0775041338E+07
   196607 -1.5575032814E+07  1.0768032718E+07
   196707 -1.5100710139E+07  1.0760908751E+07
   196807 -1.5231350450E+07  1.0759661414E+07
   196907 -1.4914941011E+07  1.0757117730E+07
   197007 -1.5798488868E+07  1.0752191358E+07
   197107 -1.6271398436E+07  1.0749930002E+07
   197207 -1.6521573890E+07  1.0743804898E+07
   197307 -1.5717696647E+07  1.0735561454E+07
   197407 -1.7011428453E+07  1.0741161520E+07
   197507 -1.5839613784E+07  1.0734853521E+07
   197607 -1.5719585701E+07  1.0731348046E+07
   197707 -1.5486327374E+07  1.0741677742E+07
   197807 -1.5620620119E+07  1.0753928908E+07
   197907 -1.5586541633E+07  1.0761567098E+07
   198007 -1.6008267019E+07  1.0764219340E+07
   198107 -1.6233599537E+07  1.0759926320E+07
   198207 -1.5685295456E+07  1.0760797932E+07
   198307 -1.5340401486E+07  1.0752248456E+07
   198407 -1.6527373669E+07  1.0754683276E+07
   198507 -1.5872836955E+07  1.0750037880E+07
   198607 -1.6086281810E+07  1.0741347060E+07
   198707 -1.6061356532E+07  1.0740746653E+07
   198807 -1.6311288953E+07  1.0744196460E+07
   198907 -1.6506796148E+07  1.0759324664E+07
   199007 -1.5773735217E+07  1.0755544333E+07
   199107 -1.5782376297E+07  1.0756425073E+07
   199207 -1.5761993689E+07  1.0737954361E+07
   199307 -1.4767906946E+07  1.0736461406E+07
   199407 -1.6436544770E+07  1.0737558990E+07
   199507 -1.6166460904E+07  1.0739332197E+07
   199607 -1.5628750225E+07  1.0748561335E+07
   199707 -1.5758289432E+07  1.0748228472E+07
   199807 -1.6457712311E+07  1.0747595642E+07
   199907 -1.4781092721E+07  1.0760527049E+07
   200007 -1.5502051406E+07  1.0758946424E+07
   200107 -1.5063390504E+07  1.0756224552E+07
   200207 -1.5538706884E+07  1.0761454141E+07
   200307 -1.5645116734E+07  1.0754289996E+07
   200407 -1.6099875098E+07  1.0752365321E+07
   200507 -1.6023806227E+07  1.0764143040E+07
   200607 -1.4863405192E+07  1.0761967212E+07
   200707 -1.6130574274E+07  1.0762462927E+07
   200807 -1.6220778721E+07  1.0752927533E+07
   200907 -1.5264859206E+07  1.0757581530E+07
   201007 -1.5614736013E+07  1.0754044417E+07
   201107 -1.6337666126E+07  1.0751214650E+07
   201207 -1.5537400797E+07  1.0747252663E+07
   201307 -1.6812844460E+07  1.0737986330E+07
   201407 -1.4311150293E+07  1.0723335322E+07
   201507 -1.7360479314E+07  1.0708877409E+07
   201607 -1.7069839174E+07  1.0712556947E+07
   201707 -1.6210834460E+07  1.0708909456E+07
   201807 -1.5830697180E+07  1.0701452016E+07
   201907 -1.5220306882E+07  1.0706156505E+07
   202007 -1.6377677598E+07  1.0722219397E+07
   202107 -1.5374775991E+07  1.0716880335E+07
   202207 -1.5290238946E+07  1.0717571777E+07
   202307 -1.6494377932E+07  1.0719265455E+07
   202407 -1.5927963512E+07  1.0713182344E+07
   202507 -1.6218060537E+07  1.0709221496E+07
   202607 -1.5816127713E+07  1.0717130776E+07
   202707 -1.5903029421E+07  1.0721136664E+07
   202807 -1.6100229433E+07  1.0723238900E+07
   202907 -1.5504244254E+07  1.0726126839E+07
   203007 -1.6387616540E+07  1.0735546453E+07
   203107 -1.6123553485E+07  1.0735370286E+07
   203207 -1.5823529497E+07  1.0739687143E+07
   203307 -1.5320337688E+07  1.0746710652E+07
   203407 -1.6378157704E+07  1.0756090409E+07
   203507 -1.5256395891E+07  1.0767157167E+07
   203607 -1.5662056884E+07  1.0765561835E+07
   203707 -1.5894036719E+07  1.0767504119E+07
   203807 -1.5380456781E+07  1.0752755557E+07
   203907 -1.4715459307E+07  1.0746657975E+07
   204007 -1.5073225467E+07  1.0739675429E+07
   204107 -1.6160738127E+07  1.0747606410E+07
   204207 -1.5883993495E+07  1.0755567108E+07
   204307 -1.5161074393E+07  1.0748048923E+07
   204407 -1.5817797646E+07  1.0751395037E+07
   204507 -1.7004875048E+07  1.0750678029E+07
   204607 -1.5366524325E+07  1.0746487040E+07
   204707 -1.5769821940E+07  1.0745550169E+07
   204807 -1.4935844742E+07  1.0746368768E+07
   204907 -1.5488321170E+07  1.0764574970E+07
   205007 -1.5577624929E+07  1.0769888688E+07
   205107 -1.5414545809E+07  1.0765448793E+07
   205207 -1.5256522252E+07  1.0778267007E+07
   205307 -1.4819803992E+07  1.0775275805E+07
   205407 -1.5629834777E+07  1.0779879912E+07
   205507 -1.4626899139E+07  1.0774758378E+07
   205607 -1.5860016057E+07  1.0770011393E+07
   205707 -1.5184038936E+07  1.0758313994E+07
   205807 -1.5662237835E+07  1.0755977381E+07
   205907 -1.6130571437E+07  1.0759887682E+07
   206007 -1.5615223641E+07  1.0767908874E+07
   206107 -1.5422841588E+07  1.0768525236E+07
   206207 -1.5648227734E+07  1.0759714579E+07
   206307 -1.6268411226E+07  1.0755074084E+07
   206407 -1.6224372836E+07  1.0747865720E+07
   206507 -1.5718314108E+07  1.0764466328E+07
   206607 -1.6096127680E+07  1.0750092303E+07
   206707 -1.4913197496E+07  1.0747219681E+07
   206807 -1.5630589953E+07  1.0748037038E+07
   206907 -1.4947318232E+07  1.0758048792E+07
   207007 -1.5986876899E+07  1.0760828107E+07
   207107 -1.5044054826E+07  1.0751315252E+07
   207207 -1.5341015538E+07  1.0757354518E+07
   207307 -1.5766065098E+07  1.0772210546E+07
   207407 -1.5632795079E+07  1.0764006680E+07
   207507 -1.4921138973E+07  1.0759265808E+07
   207607 -1.6121523453E+07  1.0774136234E+07
   207707 -1.5694688685E+07  1.0774959446E+07
   207807 -1.4607809358E+07  1.0768719489E+07
   207907 -1.4458294950E+07  1.0757266698E+07
   208007 -1.6058453964E+07  1.0745710674E+07
   208107 -1.6074416933E+07  1.0736617844E+07
   208207 -1.5272471309E+07  1.0752300154E+07
   208307 -1.6152134828E+07  1.0745464141E+07
   208407 -1.5312042787E+07  1.0739468546E+07
   208507 -1.4917175071E+07  1.0729204016E+07
   208607 -1.4887646916E+07  1.0721298930E+07
   208707 -1.5768210421E+07  1.0710690922E+07
   208807 -1.5761374991E+07  1.0707999268E+07
   208907 -1.5853731024E+07  1.0706312189E+07
   209007 -1.6137425248E+07  1.0717895680E+07
   209107 -1.5100788646E+07  1.0716277986E+07
   209207 -1.6006401592E+07  1.0719444460E+07
   209307 -1.5891428897E+07  1.0732687998E+07
   209407 -1.6220136372E+07  1.0744496627E+07
   209507 -1.6576500939E+07  1.0745408063E+07
   209607 -1.5773490040E+07  1.0745152741E+07
   209707 -1.5608138045E+07  1.0739764346E+07
   209807 -1.5669794584E+07  1.0739943356E+07
   209907 -1.6020309506E+07  1.0746547800E+07
   210007 -1.5376561653E+07  1.0752823976E+07
   210107 -1.5042064239E+07  1.0761462931E+07
   210207 -1.4937383909E+07  1.0764834311E+07
   210307 -1.5990247162E+07  1.0758837870E+07
   210407 -1.6020382078E+07  1.0755608935E+07
   210507 -1.5733544683E+07  1.0750133902E+07
   210607 -1.5682020810E+07  1.0739304015E+07
   210707 -1.6138872397E+07  1.0732590926E+07
   210807 -1.4781659252E+07  1.0738882945E+07
   210907 -1.5859191436E+07  1.0735963781E+07
   211007 -1.6529084935E+07  1.0744292220E+07
   211107 -1.6804350258E+07  1.0746672384E+07
   211207 -1.5666401189E+07  1.0744889739E+07
   211307 -1.4988836242E+07  1.0738562620E+07
   211407 -1.4958721565E+07  1.0744464880E+07
   211507 -1.5292204332E+07  1.0755217980E+07
   211607 -1.6080407511E+07  1.0758991350E+07
   211707 -1.6655331679E+07  1.0768542823E+07
   211807 -1.6396856663E+07  1.0761790550E+07
   211907 -1.5337717897E+07  1.0759377018E+07
   212007 -1.5136625467E+07  1.0775179677E+07
   212107 -1.5982067636E+07  1.0759195368E+07
   212207 -1.6536386505E+07  1.0758381777E+07
   212307 -1.6029758848E+07  1.0762665753E+07
   212407 -1.5684548731E+07  1.0772771387E+07
   212507 -1.5674226846E+07  1.0757940804E+07
   212607 -1.5757748082E+07  1.0759350120E+07
   212707 -1.7228173002E+07  1.0762183176E+07
   212807 -1.6121611442E+07  1.0755677745E+07
   212907 -1.5282466381E+07  1.0751806081E+07
   213007 -1.5479167629E+07  1.0741631778E+07
   213107 -1.5717215951E+07  1.0742216243E+07
   213207 -1.7028029839E+07  1.0743999664E+07
   213307 -1.5852195848E+07  1.0753138824E+07
   213407 -1.6982669205E+07  1.0742092581E+07
   213507 -1.5835846772E+07  1.0743911864E+07
   213607 -1.6322818328E+07  1.0748007140E+07
   213707 -1.5975663479E+07  1.0740212916E+07
   213807 -1.5090992980E+07  1.0741927657E+07
   213907 -1.6388302974E+07  1.0743263141E+07
   214007 -1.5325180275E+07  1.0746822934E+07
   214107 -1.4878171493E+07  1.0743228123E+07
   214207 -1.5888271712E+07  1.0746620860E+07
   214307 -1.6625518182E+07  1.0748478238E+07
   214407 -1.6842749670E+07  1.0754762905E+07
   214507 -1.4781302689E+07  1.0757271861E+07
   214607 -1.6453018475E+07  1.0762808630E+07
   214707 -1.4840696568E+07  1.0770939854E+07
   214807 -1.5634402553E+07  1.0777467159E+07
   214907 -1.5398410147E+07  1.0756699865E+07
   215007 -1.5787518147E+07  1.0746300067E+07
   215107 -1.5768035609E+07  1.0732273067E+07
   215207 -1.5085246129E+07  1.0730345538E+07
   215307 -1.5079692963E+07  1.0728347019E+07
   215407 -1.5844232217E+07  1.0724906319E+07
   215507 -1.4981013820E+07  1.0735456468E+07
   215607 -1.6334766341E+07  1.0747901921E+07
   215707 -1.5694944545E+07  1.0748472044E+07
   215807 -1.5718200971E+07  1.0764049544E+07
   215907 -1.5693303586E+07  1.0774310722E+07
   216007 -1.6522363821E+07  1.0769337191E+07
   216107 -1.5443947203E+07  1.0750274935E+07
   216207 -1.6514313026E+07  1.0745487230E+07
   216307 -1.5523868289E+07  1.0740662583E+07
   216407 -1.6831170462E+07  1.0733025606E+07
   216507 -1.5012604326E+07  1.0729540781E+07
   216607 -1.6581932880E+07  1.0730863840E+07
   216707 -1.5819265405E+07  1.0731221044E+07
   216807 -1.6163029212E+07  1.0731035111E+07
   216907 -1.5679406724E+07  1.0727210036E+07
   217007 -1.5566385777E+07  1.0725144916E+07
   217107 -1.5183425918E+07  1.0722539047E+07
   217207 -1.5657476402E+07  1.0721690172E+07
   217307 -1.5333619768E+07  1.0727281752E+07
   217407 -1.6467349452E+07  1.0740422054E+07
   217507 -1.5919318251E+07  1.0746752530E+07
   217607 -1.5741760423E+07  1.0748212551E+07
   217707 -1.5269802529E+07  1.0748948925E+07
   217807 -1.4760670603E+07  1.0744111931E+07
   217907 -1.5850873846E+07  1.0744982406E+07
   218007 -1.5779709813E+07  1.0746476661E+07
   218107 -1.4831186063E+07  1.0749838534E+07
   218207 -1.5041797020E+07  1.0744718551E+07
   218307 -1.5322187225E+07  1.0740908591E+07
   218407 -1.6019663752E+07  1.0731238786E+07
   218507 -1.5954757466E+07  1.0736502286E+07
   218607 -1.6465872985E+07  1.0752800913E+07
   218707 -1.5988136813E+07  1.0752370789E+07
   218807 -1.7001214993E+07  1.0754727883E+07
   218907 -1.5343794839E+07  1.0748041795E+07
   219007 -1.6076690838E+07  1.0769258897E+07
   219107 -1.4604506476E+07  1.0780002293E+07
   219207 -1.5839187316E+07  1.0779172202E+07
   219307 -1.5618867102E+07  1.0781239393E+07
   219407 -1.6313224911E+07  1.0780123744E+07
   219507 -1.5671057800E+07  1.0774379163E+07
   219607 -1.5493217298E+07  1.0756586620E+07
   219707 -1.6836140963E+07  1.0762953507E+07
   219807 -1.4777270542E+07  1.0769674037E+07
   219907 -1.4828762976E+07  1.0766859880E+07
   220007 -1.5571628852E+07  1.0757513092E+07
   220107 -1.6449196528E+07  1.0737680350E+07
   220207 -1.5229732677E+07  1.0739103764E+07
   220307 -1.5314848566E+07  1.0750865211E+07
   220407 -1.6170320826E+07  1.0751819790E+07
   220507 -1.5742989731E+07  1.0751221862E+07
   220607 -1.5121347904E+07  1.0761726411E+07
   220707 -1.5378381713E+07  1.0757673318E+07
   220807 -1.5905607340E+07  1.0755685932E+07
   220907 -1.5683985841E+07  1.0757908922E+07
   221007 -1.5318332042E+07  1.0756799322E+07
   221107 -1.5417164588E+07  1.0752469558E+07
   221207 -1.5981402910E+07  1.0731114780E+07
   221307 -1.5455105305E+07  1.0717400945E+07
   221407 -1.5999973214E+07  1.0719267819E+07
   221507 -1.5876556604E+07  1.0719543829E+07
   221607 -1.6994749160E+07  1.0728710219E+07
   221707 -1.4681718008E+07  1.0742974032E+07
   221807 -1.4848711420E+07  1.0756140725E+07
   221907 -1.6124543056E+07  1.0764650722E+07
   222007 -1.5069214828E+07  1.0756721025E+07
   222107 -1.5783355492E+07  1.0764738959E+07
   222207 -1.7650475414E+07  1.0765403349E+07
   222307 -1.5758193438E+07  1.0771223054E+07
   222407 -1.5115358553E+07  1.0771308396E+07
   222507 -1.6301828153E+07  1.0762735816E+07
   222607 -1.6332415405E+07  1.0757210368E+07
   222707 -1.5887678532E+07  1.0754310529E+07
   222807 -1.5266488887E+07  1.0744141173E+07
   222907 -1.6947009442E+07  1.0741519210E+07
   223007 -1.6530566565E+07  1.0741622101E+07
   223107 -1.6086575873E+07  1.0739997356E+07
   223207 -1.5399395424E+07  1.0752133381E+07
   223307 -1.5375143926E+07  1.0751160751E+07
   223407 -1.5725776296E+07  1.0748284388E+07
   223507 -1.6713639752E+07  1.0747396496E+07
   223607 -1.5470257513E+07  1.0761967347E+07
   223707 -1.5534275795E+07  1.0759145608E+07
   223807 -1.6131174979E+07  1.0752669262E+07
   223907 -1.6873178362E+07  1.0745140942E+07
   224007 -1.6854874264E+07  1.0737679803E+07
   224107 -1.6371744010E+07  1.0734278924E+07
   224207 -1.5235024126E+07  1.0734753564E+07
   224307 -1.5862249168E+07  1.0738587451E+07
   224407 -1.5543688492E+07  1.0742204966E+07
   224507 -1.5874653828E+07  1.0739711231E+07
   224607 -1.5884771927E+07  1.0749300669E+07
   224707 -1.5740773675E+07  1.0759264024E+07
   224807 -1.6145650215E+07  1.0758229702E+07
   224907 -1.6171562717E+07  1.0758943972E+07
   225007 -1.5717751483E+07  1.0764371342E+07
   225107 -1.5586989740E+07  1.0769046286E+07
