 ######
     5100 -2.9295512958E+07  2.4702818688E+10
     5200 -2.9132533267E+07  4.8604209452E+08
     5300 -2.9337568560E+07  4.8567944577E+08
     5400 -2.9680414492E+07  4.8563008070E+08
     5500 -2.9212587739E+07  4.8519341519E+08
     5600 -3.1074735538E+07  7.2607870345E+08
     5700 -3.5865002482E+07  7.2552745471E+08
     5800 -3.8988967364E+07  7.2471707902E+08
     5900 -4.0647173211E+07  7.2549251166E+08
     6000 -4.1961309509E+07  7.2485766436E+08
     6100 -4.2522026220E+07  7.2603045707E+08
     6200 -4.3213455684E+07  7.2694189972E+08
     6300 -4.3907141027E+07  7.2695328601E+08
     6400 -4.4062156870E+07  7.2591830529E+08
     6500 -4.4238698133E+07  7.2527936934E+08
     6600 -4.4302675261E+07  7.2667483802E+08
     6700 -4.4409072808E+07  7.2727035463E+08
     6800 -4.4612287038E+07  7.2683731556E+08
     6900 -4.4673265645E+07  7.2819686938E+08
     7000 -4.4872328017E+07  7.2906657730E+08
     7100 -4.5305977858E+07  7.2931571348E+08
     7200 -4.5214637818E+07  7.2942015902E+08
     7300 -4.5090661197E+07  7.2819923431E+08
     7400 -4.4871820367E+07  7.2699293156E+08
     7500 -4.4869864645E+07  7.2834272871E+08
     7600 -4.4372121862E+07  7.2816424059E+08
     7700 -4.4706445715E+07  7.2768544864E+08
     7800 -4.4903195619E+07  7.2715208310E+08
     7900 -4.4868308382E+07  7.2685060223E+08
     8000 -4.4658739602E+07  7.2463299801E+08
     8100 -4.4792926202E+07  7.2346130168E+08
     8200 -4.4569225640E+07  7.2261188563E+08
     8300 -4.4787607628E+07  7.2220822305E+08
     8400 -4.4465341972E+07  7.2253964292E+08
     8500 -4.4376356629E+07  7.2256285177E+08
     8600 -4.4638423212E+07  8.0194014083E+08
     8700 -4.6164222639E+07  8.0312929086E+08
     8800 -4.7582467508E+07  8.0405135188E+08
     8900 -4.7955921243E+07  8.0325851305E+08
     9000 -4.8407080873E+07  8.0466725825E+08
     9100 -4.8966812992E+07  8.0594242060E+08
     9200 -4.9177613349E+07  8.0610321532E+08
     9300 -4.8834788477E+07  8.0638364638E+08
     9400 -4.9095775322E+07  8.0577695599E+08
     9500 -4.9376150853E+07  8.0551693774E+08
     9600 -4.9439471861E+07  8.0654035850E+08
     9700 -5.0015734212E+07  8.0664814340E+08
     9800 -4.9578987793E+07  8.0643833468E+08
     9900 -5.0114082015E+07  8.0682609727E+08
    10000 -5.0264576864E+07  8.0814985610E+08
    10100 -5.0431308524E+07  8.0953412611E+08
    10200 -5.0033844878E+07  8.0857370101E+08
    10300 -4.9787968781E+07  8.0701487902E+08
    10400 -5.0001629248E+07  8.0601006203E+08
    10500 -4.9979626098E+07  8.0405129145E+08
    10600 -4.9427197456E+07  8.0301380045E+08
    10700 -4.9593928363E+07  8.0343199610E+08
    10800 -4.9828803023E+07  8.0199645491E+08
    10900 -4.9602914183E+07  8.0006828548E+08
    11000 -4.9108190089E+07  7.9828533999E+08
    11100 -4.9276577121E+07  7.9893711772E+08
    11200 -4.9779755044E+07  8.0141292363E+08
    11300 -4.9478245177E+07  8.0218639407E+08
    11400 -4.9317563359E+07  8.0370032294E+08
    11500 -4.9397923938E+07  8.0429840237E+08
    11600 -5.0317917970E+07  8.3487519125E+08
    11700 -5.0434383737E+07  8.3492740493E+08
    11800 -5.1030708710E+07  8.3530514461E+08
    11900 -5.1155939338E+07  8.3717008191E+08
    12000 -5.1350101526E+07  8.3684016084E+08
    12100 -5.1416505081E+07  8.3581180430E+08
    12200 -5.1397707955E+07  8.3546584777E+08
    12300 -5.1420901011E+07  8.3491310170E+08
    12400 -5.1387446872E+07  8.3387995104E+08
    12500 -5.1368381407E+07  8.3567692788E+08
    12600 -5.1256803050E+07  8.3548870670E+08
    12700 -5.1434058813E+07  8.3607853929E+08
    12800 -5.1514738627E+07  8.3603407106E+08
    12900 -5.1140677078E+07  8.3443200131E+08
    13000 -5.1234514745E+07  8.3397499323E+08
    13100 -5.1495470402E+07  8.3276392600E+08
    13200 -5.1227499237E+07  8.3226151596E+08
    13300 -5.1430763366E+07  8.3210319417E+08
    13400 -5.1357234688E+07  8.3005372316E+08
    13500 -5.1190359015E+07  8.3019704728E+08
    13600 -5.1753319425E+07  8.3029191064E+08
    13700 -5.1877387039E+07  8.3096093492E+08
    13800 -5.0997239998E+07  8.3064746547E+08
    13900 -5.0981183715E+07  8.3006694555E+08
    14000 -5.1092120837E+07  8.3093330113E+08
    14100 -5.1582421466E+07  8.3261252449E+08
    14200 -5.1798181650E+07  8.3310168318E+08
    14300 -5.1593130862E+07  8.3386784546E+08
    14400 -5.1402924748E+07  8.3451865399E+08
    14500 -5.1588421813E+07  8.3506445119E+08
    14600 -5.1761373320E+07  8.3674978257E+08
    14700 -5.1493010813E+07  8.3605789959E+08
    14800 -5.2039821441E+07  8.3494515911E+08
    14900 -5.1506616110E+07  8.3455557436E+08
    15000 -5.1548132383E+07  8.3474080152E+08
    15100 -5.1479751231E+07  8.3428792093E+08
    15200 -5.1084121337E+07  8.3368985363E+08
    15300 -5.1647731333E+07  8.3362788890E+08
    15400 -5.1380065990E+07  8.3341372037E+08
    15500 -5.1914107853E+07  8.3378032697E+08
    15600 -5.1539909016E+07  8.3324617961E+08
    15700 -5.1488550122E+07  8.3341350686E+08
    15800 -5.1235040096E+07  8.3272001327E+08
    15900 -5.1933609535E+07  8.3254176867E+08
    16000 -5.1794419279E+07  8.3191484899E+08
    16100 -5.1288036925E+07  8.3179618962E+08
    16200 -5.1178824229E+07  8.3205301218E+08
    16300 -5.1679469705E+07  8.3298915454E+08
    16400 -5.1270193991E+07  8.3317323551E+08
    16500 -5.1428526900E+07  8.3253979240E+08
    16600 -5.1689169663E+07  8.3320600442E+08
    16700 -5.1422657318E+07  8.3336645098E+08
    16800 -5.1725952206E+07  8.3365861728E+08
    16900 -5.1896036416E+07  8.3329967227E+08
    17000 -5.1534615119E+07  8.3338016445E+08
    17100 -5.1420989138E+07  8.3416374092E+08
    17200 -5.0879888247E+07  8.3365950378E+08
    17300 -5.1624388411E+07  8.3409155996E+08
    17400 -5.1475364565E+07  8.3480421149E+08
    17500 -5.1429327222E+07  8.3473339201E+08
    17600 -5.1509902856E+07  8.3574337637E+08
    17700 -5.1544191015E+07  8.3542855149E+08
    17800 -5.1336250884E+07  8.3539348507E+08
    17900 -5.1573056295E+07  8.3548289047E+08
    18000 -5.1806811000E+07  8.3572965233E+08
    18100 -5.2126848414E+07  8.3619325564E+08
    18200 -5.1885015927E+07  8.3552312411E+08
    18300 -5.1570102388E+07  8.3485559241E+08
    18400 -5.1278832412E+07  8.3389152973E+08
    18500 -5.1559890491E+07  8.3301813093E+08
    18600 -5.1660065734E+07  8.3264350902E+08
    18700 -5.1478405561E+07  8.3282112997E+08
    18800 -5.1573024658E+07  8.3243156455E+08
    18900 -5.0958491947E+07  8.3238665031E+08
    19000 -5.1291741740E+07  8.3161421712E+08
    19100 -5.1517630890E+07  8.3116143811E+08
    19200 -5.1404620147E+07  8.3095703248E+08
    19300 -5.1185537677E+07  8.3084680829E+08
    19400 -5.1200535191E+07  8.3137393337E+08
    19500 -5.1799927940E+07  8.3084357395E+08
    19600 -5.1700520820E+07  8.3052574258E+08
    19700 -5.1935851449E+07  8.3086276018E+08
    19800 -5.1698595570E+07  8.3262900866E+08
    19900 -5.1166559013E+07  8.3238634566E+08
    20000 -5.1394885716E+07  8.3175587761E+08
    20100 -5.1575767167E+07  8.3227496888E+08
    20200 -5.1359423530E+07  8.3316779953E+08
    20300 -5.1409856819E+07  8.3412134551E+08
    20400 -5.1412660368E+07  8.3430526366E+08
    20500 -5.1768427610E+07  8.3458426970E+08
    20600 -5.2191319212E+07  8.3535708146E+08
    20700 -5.1153497012E+07  8.3550701428E+08
    20800 -5.1548510421E+07  8.3581393932E+08
    20900 -5.1967346465E+07  8.3626987431E+08
    21000 -5.2050017732E+07  8.3571189637E+08
    21100 -5.1737100893E+07  8.3570518477E+08
    21200 -5.1765884539E+07  8.3525692711E+08
    21300 -5.2204480154E+07  8.3535548669E+08
    21400 -5.2141589861E+07  8.3644021453E+08
    21500 -5.1866279919E+07  8.3598161160E+08
    21600 -5.1767998323E+07  8.3499284559E+08
    21700 -5.1490046602E+07  8.3603785156E+08
