 ######
     5100 -6.7093465705E+07  4.0964581415E+10
     5200 -6.7276977427E+07  7.9934465966E+08
     5300 -6.7713565034E+07  8.0070387895E+08
     5400 -6.9857293306E+07  8.0222821201E+08
     5500 -6.7480215727E+07  8.0166933894E+08
     5600 -6.7977965086E+07  8.0134522620E+08
     5700 -6.6020242085E+07  8.0164961731E+08
     5800 -6.7289789021E+07  8.0116149671E+08
     5900 -6.6445101718E+07  8.0163630033E+08
     6000 -6.8611829315E+07  8.0168129776E+08
     6100 -6.7293904633E+07  8.0096716553E+08
     6200 -6.7839879007E+07  8.0097288491E+08
     6300 -6.8621468379E+07  8.0025227017E+08
     6400 -6.6905742821E+07  7.9961426365E+08
     6500 -6.8298116604E+07  7.9944364674E+08
     6600 -6.7272963090E+07  7.9715682924E+08
     6700 -6.7344069208E+07  7.9781947090E+08
     6800 -6.6682319205E+07  7.9811665688E+08
     6900 -6.7661725425E+07  7.9848432157E+08
     7000 -6.7530944302E+07  7.9901692668E+08
     7100 -6.7154139116E+07  7.9905633155E+08
     7200 -6.6574132252E+07  7.9896385342E+08
     7300 -6.6244393368E+07  7.9773991072E+08
     7400 -6.6688083857E+07  7.9779165632E+08
     7500 -6.9796444303E+07  7.9727394388E+08
     7600 -6.8851639160E+07  7.9833309055E+08
     7700 -6.8026770824E+07  7.9786584072E+08
     7800 -6.8128783733E+07  7.9735539739E+08
     7900 -6.7365306675E+07  7.9739646955E+08
     8000 -6.7829280310E+07  7.9922899607E+08
     8100 -6.8125273965E+07  7.9992213642E+08
     8200 -6.9149992407E+07  8.0099754411E+08
     8300 -6.8636211059E+07  8.0142456817E+08
     8400 -6.8425320007E+07  8.0181963239E+08
     8500 -6.8295421648E+07  8.0245216822E+08
     8600 -6.8156303759E+07  8.0248598634E+08
     8700 -6.9122646312E+07  8.0360754877E+08
     8800 -6.7535809837E+07  8.0458205057E+08
     8900 -6.8237380584E+07  8.0344342900E+08
     9000 -6.7649000828E+07  8.0284751788E+08
     9100 -6.7489328821E+07  8.0219868314E+08
     9200 -6.6101529581E+07  8.0154445017E+08
     9300 -6.7327697752E+07  8.0021410609E+08
     9400 -6.7400858050E+07  8.0078684223E+08
     9500 -6.7447840287E+07  8.0079404233E+08
     9600 -6.8175787823E+07  7.9938183489E+08
     9700 -6.7363138539E+07  7.9883482486E+08
     9800 -6.8410018754E+07  7.9961977202E+08
     9900 -6.9589238722E+07  8.0071126046E+08
    10000 -6.8081028212E+07  8.0115290553E+08
    10100 -6.9586978755E+07  8.0115919599E+08
    10200 -6.7314642480E+07  8.0067883786E+08
    10300 -6.7968676629E+07  8.0166725248E+08
    10400 -6.7355390908E+07  8.0134153980E+08
    10500 -6.6932701997E+07  8.0061113991E+08
    10600 -6.8825158455E+07  8.0130910085E+08
    10700 -6.7642592727E+07  8.0108097091E+08
    10800 -6.7806353491E+07  7.9981643555E+08
    10900 -6.8987450676E+07  8.0035133205E+08
    11000 -6.8352099983E+07  8.0006563427E+08
    11100 -6.7178136209E+07  7.9968320784E+08
    11200 -6.7561767027E+07  7.9954020292E+08
    11300 -6.7423497680E+07  8.0076219068E+08
    11400 -6.9203753726E+07  8.0264298728E+08
    11500 -6.7745602375E+07  8.0248801711E+08
    11600 -6.8305509294E+07  8.0235310875E+08
    11700 -6.8589706689E+07  8.0179219968E+08
    11800 -6.8183799766E+07  8.0311442244E+08
    11900 -6.7941174628E+07  8.0415657148E+08
    12000 -6.6070954401E+07  8.0412534099E+08
    12100 -6.7585003443E+07  8.0315643396E+08
    12200 -6.8708224550E+07  8.0324461006E+08
    12300 -6.7369417718E+07  8.0321858936E+08
    12400 -6.7831931670E+07  8.0214559177E+08
    12500 -6.8913874912E+07  8.0266826000E+08
    12600 -6.8279139882E+07  8.0235956880E+08
    12700 -6.9703173322E+07  8.0127961818E+08
    12800 -6.9738081732E+07  8.0221555065E+08
    12900 -6.8447514321E+07  8.0295681991E+08
    13000 -6.9323193977E+07  8.0305432048E+08
    13100 -6.8541583109E+07  8.0272553590E+08
    13200 -6.9277166073E+07  8.0282202487E+08
    13300 -6.6686291813E+07  8.0268060335E+08
    13400 -6.9269232275E+07  8.0335222918E+08
    13500 -6.9468588304E+07  8.0278940338E+08
    13600 -6.7907883405E+07  8.0214364889E+08
    13700 -6.8249129914E+07  8.0377580559E+08
    13800 -6.6519064020E+07  8.0383128061E+08
    13900 -6.7419567119E+07  8.0274873049E+08
    14000 -6.7460603054E+07  8.0321477159E+08
    14100 -6.9876939274E+07  8.0378866951E+08
    14200 -6.8388630706E+07  8.0476218033E+08
    14300 -6.9295175199E+07  8.0484069340E+08
    14400 -6.7971308477E+07  8.0297688988E+08
    14500 -6.7054576391E+07  8.0279477434E+08
    14600 -6.6614863428E+07  8.0234768317E+08
    14700 -6.8684189301E+07  8.0264146764E+08
    14800 -6.5580752997E+07  8.0363837246E+08
    14900 -6.6565130132E+07  8.0499212989E+08
    15000 -6.7618249772E+07  8.0520643218E+08
    15100 -6.7948663686E+07  8.0414335144E+08
    15200 -6.8032352800E+07  8.0392410526E+08
    15300 -6.8414602217E+07  8.0335125446E+08
    15400 -6.8125601540E+07  8.0335049092E+08
    15500 -6.8492756892E+07  8.0281797241E+08
    15600 -6.9363328612E+07  8.0256505346E+08
    15700 -6.7922928104E+07  8.0202127546E+08
    15800 -6.8939577378E+07  8.0267120753E+08
    15900 -6.9157676906E+07  8.0284360701E+08
    16000 -6.9302683807E+07  8.0215776358E+08
    16100 -6.9548858113E+07  8.0212318694E+08
    16200 -6.7424580742E+07  8.0156724843E+08
    16300 -6.8620734492E+07  8.0232874892E+08
    16400 -7.0462073793E+07  8.0264746129E+08
    16500 -6.8772050234E+07  8.0189836926E+08
    16600 -6.9940513961E+07  8.0117887259E+08
    16700 -6.7407248297E+07  8.0183634762E+08
    16800 -6.8210692108E+07  8.0288315443E+08
    16900 -6.6643852767E+07  8.0477055476E+08
    17000 -6.9011807858E+07  8.0552067463E+08
    17100 -6.7610279951E+07  8.0525863656E+08
    17200 -6.7827886500E+07  8.0509546789E+08
    17300 -6.8943701763E+07  8.0530812893E+08
    17400 -6.8888388227E+07  8.0442331233E+08
    17500 -6.8652814530E+07  8.0369434942E+08
    17600 -6.9287042177E+07  8.0276361297E+08
    17700 -6.8181666713E+07  8.0139808354E+08
    17800 -6.7099120565E+07  8.0185138595E+08
    17900 -6.9238986115E+07  8.0211912393E+08
    18000 -6.7778177281E+07  8.0216370553E+08
    18100 -6.7372003640E+07  8.0231096129E+08
    18200 -6.6677775245E+07  8.0181994757E+08
    18300 -6.6154946698E+07  8.0320062010E+08
    18400 -6.7422366425E+07  8.0420677573E+08
    18500 -6.8009703808E+07  8.0494167164E+08
    18600 -6.7657047830E+07  8.0503859527E+08
    18700 -6.7655238288E+07  8.0490710409E+08
    18800 -6.7955201572E+07  8.0370852055E+08
    18900 -6.8431340364E+07  8.0383462697E+08
    19000 -6.6592561027E+07  8.0279401391E+08
    19100 -6.7500796371E+07  8.0246799733E+08
    19200 -6.8107603704E+07  8.0345380502E+08
    19300 -6.8570097529E+07  8.0443260625E+08
    19400 -6.8367373127E+07  8.0477295949E+08
    19500 -6.8046053068E+07  8.0438817545E+08
    19600 -6.8793340174E+07  8.0485262752E+08
    19700 -6.9830769710E+07  8.0519933353E+08
    19800 -6.7974745079E+07  8.0450422467E+08
    19900 -6.8411976972E+07  8.0416938326E+08
    20000 -6.7616658995E+07  8.0261565042E+08
    20100 -6.7450852911E+07  8.0237286665E+08
    20200 -6.6966700234E+07  8.0254635827E+08
    20300 -6.6402435082E+07  8.0268941340E+08
    20400 -6.7809184894E+07  8.0316235940E+08
    20500 -6.7876471896E+07  8.0327134391E+08
    20600 -6.7452429623E+07  8.0341001845E+08
    20700 -6.7966651197E+07  8.0313984094E+08
    20800 -6.6974111623E+07  8.0303332923E+08
    20900 -6.8483520862E+07  8.0369126743E+08
    21000 -6.7697971492E+07  8.0405465022E+08
    21100 -6.8858567019E+07  8.0468119129E+08
    21200 -6.8600250675E+07  8.0477709923E+08
    21300 -6.9331726946E+07  8.0469191261E+08
    21400 -6.6576094035E+07  8.0382275384E+08
    21500 -6.7754008546E+07  8.0363045234E+08
    21600 -6.6578484239E+07  8.0225222571E+08
    21700 -6.6260796444E+07  8.0125352641E+08
    21800 -6.8320582625E+07  8.0250753011E+08
    21900 -6.9869277488E+07  8.0333545476E+08
    22000 -6.8903622345E+07  8.0251833749E+08
    22100 -6.7756419439E+07  8.0187136050E+08
    22200 -6.8877501824E+07  8.0185342852E+08
    22300 -6.7784181820E+07  8.0226338057E+08
    22400 -6.8430599946E+07  8.0214727439E+08
    22500 -6.8211028142E+07  8.0186868621E+08
    22600 -6.7207087213E+07  8.0193418083E+08
    22700 -7.0006053434E+07  8.0318762671E+08
    22800 -6.8105519030E+07  8.0312953084E+08
    22900 -6.7622501825E+07  8.0339105314E+08
    23000 -6.8297609168E+07  8.0252899883E+08
    23100 -6.8699866002E+07  8.0091321109E+08
    23200 -6.8015657667E+07  8.0164122959E+08
    23300 -6.8477954917E+07  8.0087036585E+08
    23400 -6.8261062122E+07  8.0091608369E+08
    23500 -6.8642753921E+07  8.0243218807E+08
    23600 -6.6600077630E+07  8.0232697079E+08
    23700 -6.8364058534E+07  8.0242179296E+08
    23800 -6.7127913717E+07  8.0364071657E+08
    23900 -6.9236272380E+07  8.0283447394E+08
    24000 -6.9158517650E+07  8.0320081737E+08
    24100 -6.7144677043E+07  8.0327673539E+08
    24200 -6.8724791496E+07  8.0353658969E+08
    24300 -6.7364048699E+07  8.0385661255E+08
    24400 -6.7502143253E+07  8.0439780841E+08
    24500 -6.8318098191E+07  8.0496405992E+08
    24600 -6.6533161441E+07  8.0546396680E+08
    24700 -6.7023809845E+07  8.0573037451E+08
    24800 -6.6721788777E+07  8.0479792236E+08
    24900 -6.6962432534E+07  8.0489975552E+08
    25000 -6.8715013189E+07  8.0375699469E+08
    25100 -6.9391133941E+07  8.0297833282E+08
    25200 -6.8247854020E+07  8.0308127586E+08
    25300 -6.8122767351E+07  8.0376013214E+08
    25400 -6.8153650890E+07  8.0349426521E+08
    25500 -6.7863000126E+07  8.0369455407E+08
    25600 -6.6582759371E+07  8.0406146909E+08
    25700 -6.8434634669E+07  8.0425050136E+08
    25800 -6.6586455960E+07  8.0357629334E+08
    25900 -6.8082116998E+07  8.0245400410E+08
    26000 -6.6804469237E+07  8.0240327129E+08
    26100 -6.8597440953E+07  8.0308095255E+08
    26200 -6.7230199554E+07  8.0214006723E+08
    26300 -6.6743402079E+07  8.0259710223E+08
    26400 -6.8061807837E+07  8.0361449783E+08
    26500 -6.6647130804E+07  8.0353349178E+08
    26600 -6.7503182091E+07  8.0366781178E+08
    26700 -6.7074481948E+07  8.0440927737E+08
    26800 -6.8782353402E+07  8.0466291593E+08
    26900 -6.7333994493E+07  8.0439467031E+08
    27000 -6.6633906064E+07  8.0394633241E+08
    27100 -6.7822122671E+07  8.0210042256E+08
    27200 -6.8046217796E+07  8.0138092756E+08
    27300 -6.8446515761E+07  8.0221573256E+08
    27400 -6.8480796346E+07  8.0210031818E+08
    27500 -6.7255186604E+07  8.0137223854E+08
    27600 -6.8066678906E+07  8.0187885670E+08
    27700 -6.8430457433E+07  8.0091964858E+08
    27800 -6.7408043820E+07  8.0111702582E+08
    27900 -6.7519657780E+07  8.0128932321E+08
    28000 -6.5919214777E+07  8.0154350578E+08
    28100 -6.7061841598E+07  8.0224921704E+08
    28200 -6.6465170649E+07  8.0218128367E+08
    28300 -6.8592132925E+07  8.0242291984E+08
    28400 -6.7913920452E+07  8.0246079937E+08
    28500 -6.8185533817E+07  8.0341746759E+08
    28600 -6.8848194258E+07  8.0472055588E+08
    28700 -6.6962024707E+07  8.0572792416E+08
    28800 -6.8304256582E+07  8.0556847938E+08
    28900 -6.6976876510E+07  8.0668964570E+08
    29000 -6.8760892376E+07  8.0637041759E+08
    29100 -6.8893840824E+07  8.0577304057E+08
    29200 -6.7602260295E+07  8.0488288601E+08
    29300 -6.9133804146E+07  8.0461469642E+08
    29400 -6.7911834547E+07  8.0399045027E+08
    29500 -6.8847977004E+07  8.0267729257E+08
    29600 -6.7565037857E+07  8.0164704137E+08
    29700 -6.9176810562E+07  8.0019713415E+08
    29800 -6.9169804149E+07  7.9936642299E+08
    29900 -6.5854431760E+07  7.9937453887E+08
    30000 -6.7038593234E+07  8.0079498137E+08
    30100 -6.8205671646E+07  8.0144157125E+08
    30200 -6.7648122418E+07  8.0123238436E+08
    30300 -6.7435797906E+07  8.0168473069E+08
    30400 -6.8240519569E+07  8.0143742456E+08
    30500 -6.8458478230E+07  8.0188659524E+08
    30600 -6.8819469079E+07  8.0232970161E+08
    30700 -6.9051930900E+07  8.0337428065E+08
    30800 -6.7789365846E+07  8.0378061740E+08
    30900 -6.7131832343E+07  8.0347280408E+08
    31000 -6.8563849265E+07  8.0243177025E+08
    31100 -6.7876856797E+07  8.0189509981E+08
    31200 -6.8002434225E+07  8.0289931444E+08
    31300 -6.8262508253E+07  8.0299252411E+08
    31400 -6.5479638405E+07  8.0324885115E+08
    31500 -7.0820075181E+07  8.0379682726E+08
    31600 -6.6588608086E+07  8.0323343657E+08
    31700 -6.8555245851E+07  8.0320382623E+08
    31800 -7.0939819753E+07  8.0409577561E+08
    31900 -6.8152026334E+07  8.0372155119E+08
    32000 -6.8355100100E+07  8.0315720044E+08
    32100 -6.7399921601E+07  8.0327116378E+08
    32200 -6.8839621961E+07  8.0261789276E+08
    32300 -6.9625509699E+07  8.0245199786E+08
    32400 -6.9188499008E+07  8.0284339077E+08
    32500 -6.9514107407E+07  8.0347365846E+08
    32600 -7.0259219929E+07  8.0323903076E+08
    32700 -6.6914214672E+07  8.0331009324E+08
    32800 -6.7316484539E+07  8.0392937024E+08
    32900 -6.8603271264E+07  8.0275958119E+08
    33000 -6.5328807251E+07  8.0322063112E+08
    33100 -6.8782228404E+07  8.0248406786E+08
    33200 -6.8432416305E+07  8.0344567657E+08
    33300 -6.8093088035E+07  8.0295232808E+08
    33400 -6.8828569255E+07  8.0283962287E+08
    33500 -6.9973015465E+07  8.0204723139E+08
    33600 -6.7662151454E+07  8.0249409358E+08
    33700 -6.9091526992E+07  8.0279569187E+08
    33800 -6.7696112232E+07  8.0227376493E+08
    33900 -6.7900935089E+07  8.0166921516E+08
    34000 -6.7873006417E+07  8.0235051437E+08
    34100 -7.0002735411E+07  8.0154286820E+08
    34200 -6.8235616069E+07  8.0079532167E+08
    34300 -6.9182778356E+07  8.0071347340E+08
    34400 -6.7193160555E+07  8.0168496706E+08
    34500 -6.6028972039E+07  8.0208315463E+08
    34600 -6.8470858134E+07  8.0078407680E+08
    34700 -6.8769331056E+07  8.0128364998E+08
    34800 -6.7814365775E+07  8.0125168479E+08
    34900 -6.9887129234E+07  8.0094137615E+08
    35000 -6.8710579769E+07  8.0061795349E+08
    35100 -6.7255746886E+07  7.9950226763E+08
    35200 -7.0052315540E+07  7.9924791796E+08
    35300 -6.9720177701E+07  8.0054088974E+08
    35400 -6.7917331036E+07  8.0102545112E+08
    35500 -6.6830241193E+07  8.0165711604E+08
    35600 -6.7424978350E+07  8.0168436420E+08
    35700 -6.7451046114E+07  8.0134728966E+08
    35800 -6.7107360736E+07  8.0060957077E+08
    35900 -6.6470233439E+07  8.0110668788E+08
    36000 -6.7241572610E+07  8.0164751254E+08
    36100 -6.8421256517E+07  8.0171674666E+08
    36200 -6.8633459000E+07  8.0228446053E+08
    36300 -6.7441278843E+07  8.0193017576E+08
    36400 -6.7938012062E+07  8.0061011242E+08
    36500 -6.6515010937E+07  8.0031016575E+08
    36600 -6.8395918441E+07  8.0148469485E+08
    36700 -6.8553201904E+07  8.0285588007E+08
    36800 -6.6888776553E+07  8.0329405949E+08
    36900 -6.7939963155E+07  8.0359922413E+08
    37000 -6.7900322908E+07  8.0378944887E+08
    37100 -6.7912699715E+07  8.0360604093E+08
    37200 -6.6851515765E+07  8.0348666403E+08
    37300 -6.8356109987E+07  8.0410706889E+08
    37400 -6.8478360446E+07  8.0383582653E+08
    37500 -6.6973164427E+07  8.0367087773E+08
    37600 -6.6030358369E+07  8.0324027073E+08
    37700 -6.7423400701E+07  8.0384296362E+08
    37800 -6.6242587037E+07  8.0271547166E+08
    37900 -6.8246428819E+07  8.0236617644E+08
    38000 -6.7902994552E+07  8.0191193045E+08
    38100 -6.7600036920E+07  8.0242289935E+08
    38200 -6.8763582601E+07  8.0184298064E+08
    38300 -6.8178790108E+07  8.0249496089E+08
    38400 -6.7592532758E+07  8.0255871304E+08
    38500 -6.6850778531E+07  8.0265022013E+08
    38600 -6.6163137226E+07  8.0227835331E+08
    38700 -6.7006333080E+07  8.0230241976E+08
    38800 -6.6599717662E+07  8.0279465487E+08
    38900 -6.9340176209E+07  8.0304672844E+08
    39000 -6.8190983611E+07  8.0365229260E+08
    39100 -6.8972153348E+07  8.0317532864E+08
    39200 -6.7003462864E+07  8.0329013473E+08
    39300 -6.7592274819E+07  8.0226458761E+08
    39400 -6.8124473394E+07  8.0243021441E+08
    39500 -6.7737443983E+07  8.0219920467E+08
    39600 -6.8342198703E+07  8.0110910126E+08
    39700 -6.8069346783E+07  8.0030792561E+08
    39800 -6.7275888034E+07  8.0127773041E+08
    39900 -6.6426390044E+07  8.0069250841E+08
    40000 -6.8993042245E+07  8.0142147929E+08
    40100 -7.0635959265E+07  8.0150143628E+08
    40200 -6.8700704363E+07  8.0242197862E+08
    40300 -6.7354958922E+07  8.0356815946E+08
    40400 -6.7241274087E+07  8.0348574242E+08
    40500 -6.5578699143E+07  8.0315977452E+08
    40600 -6.8146340026E+07  8.0189332578E+08
    40700 -6.9041707828E+07  8.0294798837E+08
    40800 -6.9004351812E+07  8.0314327986E+08
    40900 -6.7765015765E+07  8.0351483845E+08
    41000 -6.9976541485E+07  8.0399532924E+08
    41100 -6.8407482423E+07  8.0462318684E+08
    41200 -7.0034920295E+07  8.0367926587E+08
    41300 -6.8984672687E+07  8.0356159160E+08
    41400 -6.7820832604E+07  8.0309806406E+08
    41500 -6.6806906686E+07  8.0254804618E+08
    41600 -6.7471879894E+07  8.0219520198E+08
    41700 -6.7809518463E+07  8.0138039899E+08
    41800 -6.7337499953E+07  8.0173353596E+08
    41900 -6.7775052049E+07  8.0220486674E+08
    42000 -6.7997271011E+07  8.0197434877E+08
    42100 -6.7623620474E+07  8.0259663514E+08
    42200 -6.8185466581E+07  8.0326672117E+08
    42300 -6.7530735763E+07  8.0361070623E+08
    42400 -6.6897183430E+07  8.0314787628E+08
    42500 -6.9684851083E+07  8.0245876089E+08
    42600 -6.9117580805E+07  8.0173921694E+08
    42700 -6.9040086677E+07  8.0177442625E+08
    42800 -6.7694575420E+07  8.0241335406E+08
    42900 -6.6693885129E+07  8.0192895485E+08
    43000 -6.8084748331E+07  8.0154711383E+08
    43100 -6.7027416311E+07  8.0094451492E+08
    43200 -6.7591018188E+07  8.0130880925E+08
    43300 -6.7652872838E+07  8.0099411169E+08
    43400 -6.5199055937E+07  8.0092550531E+08
    43500 -6.7711208602E+07  8.0170672510E+08
    43600 -6.5754589479E+07  8.0217951959E+08
    43700 -6.6992341911E+07  8.0211990422E+08
    43800 -6.7379752818E+07  8.0276887228E+08
    43900 -6.6634719205E+07  8.0230211424E+08
    44000 -6.7594354550E+07  8.0256159507E+08
    44100 -6.7749265802E+07  8.0233061808E+08
    44200 -6.6927776620E+07  8.0274636175E+08
    44300 -6.7713242085E+07  8.0278469530E+08
    44400 -6.6280937369E+07  8.0266413113E+08
    44500 -6.7583047661E+07  8.0158547551E+08
    44600 -6.7128580472E+07  8.0136112645E+08
    44700 -6.6956491855E+07  8.0204932873E+08
    44800 -6.8760567209E+07  8.0211795295E+08
    44900 -6.7618568134E+07  8.0211453011E+08
    45000 -6.7855570479E+07  8.0176665298E+08
    45100 -6.9577650749E+07  8.0184707453E+08
    45200 -6.8027281993E+07  8.0189206550E+08
    45300 -6.9355975712E+07  8.0202662729E+08
    45400 -6.7735837506E+07  8.0140916420E+08
    45500 -6.7805764638E+07  8.0103487061E+08
    45600 -6.7006592998E+07  8.0046306851E+08
    45700 -6.6653265838E+07  7.9970508539E+08
    45800 -6.8043815788E+07  7.9982710992E+08
    45900 -6.7656710369E+07  8.0101056721E+08
    46000 -6.7804400368E+07  8.0207937891E+08
    46100 -6.9136980121E+07  8.0225983974E+08
    46200 -6.7654550460E+07  8.0254590937E+08
    46300 -6.8619369251E+07  8.0234185129E+08
    46400 -6.7207489236E+07  8.0253532936E+08
    46500 -6.7062855022E+07  8.0226438629E+08
    46600 -6.8322874538E+07  8.0156445097E+08
    46700 -6.7911325641E+07  8.0114147221E+08
    46800 -6.8608185776E+07  8.0151731757E+08
    46900 -6.6683621821E+07  8.0178219139E+08
    47000 -6.7712922594E+07  8.0050730914E+08
    47100 -6.7143519278E+07  8.0072961899E+08
    47200 -6.8375136355E+07  8.0066069582E+08
    47300 -6.7429358564E+07  8.0030489969E+08
    47400 -6.8693040950E+07  8.0072853215E+08
    47500 -6.8347882779E+07  8.0175530347E+08
    47600 -6.7551235473E+07  8.0084812248E+08
    47700 -6.7045328575E+07  7.9927355724E+08
    47800 -6.8173961950E+07  7.9963834360E+08
    47900 -6.6446009817E+07  7.9968247583E+08
    48000 -6.9253655541E+07  8.0068688838E+08
    48100 -6.9167819631E+07  8.0184412528E+08
    48200 -6.7360936466E+07  8.0266728927E+08
    48300 -6.5760489956E+07  8.0328175094E+08
    48400 -6.8861479219E+07  8.0433491050E+08
    48500 -6.9660409321E+07  8.0391548932E+08
    48600 -6.9354029449E+07  8.0241717241E+08
    48700 -6.7145075481E+07  8.0176632940E+08
    48800 -6.7191646748E+07  8.0151038313E+08
    48900 -6.8232296579E+07  8.0271302130E+08
    49000 -6.7059050914E+07  8.0342797959E+08
    49100 -6.8790338587E+07  8.0420017382E+08
    49200 -6.8593230544E+07  8.0460283094E+08
    49300 -6.8887059474E+07  8.0471133532E+08
    49400 -6.9262840465E+07  8.0607104719E+08
    49500 -6.8628572321E+07  8.0577442947E+08
    49600 -6.7361580584E+07  8.0587870448E+08
    49700 -6.8575364396E+07  8.0551744390E+08
    49800 -6.8180452917E+07  8.0521300315E+08
    49900 -6.7467089507E+07  8.0444078347E+08
    50000 -6.7032096399E+07  8.0383681501E+08
    50100 -6.8047077791E+07  8.0443988603E+08
    50200 -6.8808284648E+07  8.0496107690E+08
    50300 -6.7815407150E+07  8.0489382343E+08
    50400 -6.9942137860E+07  8.0431201883E+08
    50500 -6.7923715257E+07  8.0320232770E+08
    50600 -6.8033543459E+07  8.0336032843E+08
    50700 -6.7800800643E+07  8.0357446458E+08
    50800 -6.9030331226E+07  8.0217040389E+08
    50900 -6.7359436271E+07  8.0207011309E+08
    51000 -6.5782262954E+07  8.0311452970E+08
    51100 -6.7025207319E+07  8.0248345193E+08
    51200 -6.9593386204E+07  8.0181083292E+08
    51300 -6.8127566906E+07  8.0252190384E+08
    51400 -6.8685730983E+07  8.0282818348E+08
    51500 -6.7038688050E+07  8.0366895232E+08
    51600 -6.7344532792E+07  8.0311475648E+08
    51700 -6.7774028414E+07  8.0283467081E+08
    51800 -6.6775360415E+07  8.0281049338E+08
    51900 -6.7436814182E+07  8.0301760502E+08
    52000 -6.5447660013E+07  8.0455326810E+08
    52100 -6.5521981000E+07  8.0496643051E+08
    52200 -6.7368483172E+07  8.0455834374E+08
    52300 -6.7794312298E+07  8.0451161337E+08
    52400 -6.7395663154E+07  8.0509895566E+08
    52500 -6.6564136443E+07  8.0438666457E+08
    52600 -6.7766335106E+07  8.0263492383E+08
    52700 -6.6857741491E+07  8.0214388075E+08
    52800 -6.8711835198E+07  8.0198244369E+08
    52900 -6.8356543878E+07  8.0225130831E+08
    53000 -6.7616012576E+07  8.0371902348E+08
    53100 -6.8359492136E+07  8.0304905640E+08
    53200 -6.6783652456E+07  8.0280408015E+08
    53300 -6.8004063150E+07  8.0202208733E+08
    53400 -6.7335477772E+07  8.0274931813E+08
    53500 -6.6335336441E+07  8.0330891034E+08
    53600 -6.6509621338E+07  8.0358201447E+08
    53700 -6.9438123785E+07  8.0508220037E+08
    53800 -6.9312572244E+07  8.0496850409E+08
    53900 -6.7496202651E+07  8.0555245294E+08
    54000 -6.6018878271E+07  8.0603388840E+08
    54100 -6.7040102536E+07  8.0524347875E+08
    54200 -6.6158225199E+07  8.0504479447E+08
    54300 -6.6476964009E+07  8.0399658990E+08
    54400 -6.6805055462E+07  8.0359989409E+08
    54500 -6.9613904937E+07  8.0362171388E+08
    54600 -6.8084829139E+07  8.0293821286E+08
    54700 -6.8194388157E+07  8.0213711935E+08
    54800 -6.9407597478E+07  8.0213183189E+08
    54900 -6.7686697905E+07  8.0324791581E+08
    55000 -6.6567199290E+07  8.0409347589E+08
    55100 -6.6357550429E+07  8.0551560317E+08
    55200 -6.7245745683E+07  8.0557206801E+08
    55300 -6.6663726124E+07  8.0555622025E+08
    55400 -6.7010269875E+07  8.0569286982E+08
    55500 -6.8232157290E+07  8.0487281088E+08
    55600 -6.9144606089E+07  8.0458922328E+08
    55700 -6.8181092220E+07  8.0513801995E+08
    55800 -6.7908174685E+07  8.0537487334E+08
    55900 -6.8843465094E+07  8.0548988541E+08
    56000 -6.7705198896E+07  8.0514052316E+08
    56100 -6.6808414906E+07  8.0580179760E+08
    56200 -6.9714481864E+07  8.0593723819E+08
    56300 -6.7728125031E+07  8.0603689817E+08
    56400 -6.7274705680E+07  8.0558493772E+08
    56500 -6.7829148428E+07  8.0539511083E+08
    56600 -6.9494842038E+07  8.0478378259E+08
    56700 -6.7318589267E+07  8.0390821675E+08
    56800 -6.8178868774E+07  8.0298807919E+08
    56900 -6.6994485896E+07  8.0081528741E+08
    57000 -6.5774462317E+07  8.0073212707E+08
    57100 -6.8600526166E+07  8.0080400373E+08
    57200 -6.9253039833E+07  8.0127962804E+08
    57300 -6.8405621299E+07  8.0182321942E+08
    57400 -6.8141974156E+07  8.0198163664E+08
    57500 -6.8815406301E+07  8.0170542978E+08
    57600 -6.9389331606E+07  8.0108061660E+08
    57700 -6.9342334378E+07  8.0094476603E+08
    57800 -6.7886533412E+07  8.0166969095E+08
    57900 -6.8446303824E+07  8.0265366895E+08
    58000 -6.9089858993E+07  8.0353589323E+08
    58100 -6.6738588609E+07  8.0331228706E+08
    58200 -6.8717430745E+07  8.0304975305E+08
    58300 -6.9999294400E+07  8.0302363437E+08
    58400 -6.8647586849E+07  8.0261299584E+08
    58500 -6.6094138452E+07  8.0255029025E+08
    58600 -6.7681698540E+07  8.0225507811E+08
    58700 -6.7692617223E+07  8.0256001167E+08
    58800 -6.8530566378E+07  8.0282543205E+08
    58900 -6.7865177057E+07  8.0283109963E+08
    59000 -6.6357939409E+07  8.0201274739E+08
    59100 -6.5906288742E+07  8.0181880048E+08
    59200 -6.6212791458E+07  8.0293130538E+08
    59300 -6.6429332596E+07  8.0254759082E+08
    59400 -6.7785330927E+07  8.0202329725E+08
    59500 -6.7758109644E+07  8.0206526157E+08
    59600 -6.8517160345E+07  8.0258077809E+08
    59700 -6.8382572241E+07  8.0237261693E+08
    59800 -6.7291246620E+07  8.0416010041E+08
    59900 -6.9716703089E+07  8.0446418727E+08
    60000 -6.8956655117E+07  8.0526673364E+08
    60100 -6.8763804828E+07  8.0571020495E+08
    60200 -6.8304568901E+07  8.0506580376E+08
    60300 -6.7370906895E+07  8.0458283244E+08
    60400 -6.7630361928E+07  8.0460298662E+08
    60500 -6.7217326455E+07  8.0493412464E+08
    60600 -6.8267988000E+07  8.0547607710E+08
    60700 -6.7938651357E+07  8.0610126139E+08
    60800 -6.8013983194E+07  8.0543459824E+08
    60900 -6.6708435571E+07  8.0442216758E+08
    61000 -6.8637484355E+07  8.0471449270E+08
    61100 -6.8349595107E+07  8.0379005742E+08
    61200 -6.8410679752E+07  8.0342002922E+08
    61300 -7.0380380369E+07  8.0307419011E+08
    61400 -6.8006984140E+07  8.0315861347E+08
    61500 -6.8158607581E+07  8.0315590506E+08
    61600 -6.8470522850E+07  8.0295281614E+08
    61700 -6.8682564266E+07  8.0125070040E+08
    61800 -6.7429546758E+07  8.0151973148E+08
    61900 -6.6438758199E+07  8.0209426152E+08
    62000 -6.7562483148E+07  8.0196577575E+08
    62100 -6.8576938603E+07  8.0248437609E+08
    62200 -6.7074552202E+07  8.0195328214E+08
    62300 -6.7045635498E+07  8.0184439647E+08
    62400 -6.6992078908E+07  8.0222232337E+08
    62500 -6.8186160528E+07  8.0259535966E+08
    62600 -6.7148989499E+07  8.0179171042E+08
    62700 -6.9201680488E+07  8.0192256356E+08
    62800 -6.7805584584E+07  8.0154915597E+08
    62900 -6.7382725811E+07  8.0063156645E+08
    63000 -6.7684506593E+07  8.0104630646E+08
    63100 -6.7160264251E+07  8.0214553220E+08
    63200 -6.8141538350E+07  8.0167632789E+08
    63300 -6.7638168981E+07  8.0125146565E+08
    63400 -6.7518289472E+07  8.0112013247E+08
    63500 -6.7749002894E+07  8.0100823512E+08
    63600 -6.6595685408E+07  8.0163223135E+08
    63700 -6.6201243908E+07  8.0121012658E+08
    63800 -6.5592494260E+07  8.0090825563E+08
    63900 -6.7709470277E+07  8.0066406059E+08
    64000 -6.7215365784E+07  8.0210972950E+08
    64100 -6.7959543410E+07  8.0276354033E+08
    64200 -6.9848772249E+07  8.0322361688E+08
    64300 -6.8809456444E+07  8.0442935368E+08
    64400 -6.8674729227E+07  8.0470307555E+08
    64500 -6.7225387700E+07  8.0317336980E+08
    64600 -6.9379711238E+07  8.0358122213E+08
    64700 -6.8478138942E+07  8.0426141052E+08
    64800 -6.7299453811E+07  8.0417884830E+08
    64900 -6.7701882483E+07  8.0333589298E+08
    65000 -6.9472050493E+07  8.0332774694E+08
    65100 -6.8799839585E+07  8.0355634731E+08
    65200 -6.8152795216E+07  8.0231138891E+08
    65300 -6.7230559113E+07  8.0118901669E+08
    65400 -6.8110780389E+07  7.9924302872E+08
    65500 -6.6317188004E+07  7.9903448759E+08
    65600 -6.7811723000E+07  7.9983417954E+08
    65700 -6.7300925798E+07  8.0103674880E+08
    65800 -6.7751384863E+07  8.0200588236E+08
    65900 -6.8529423800E+07  8.0248351079E+08
    66000 -6.7587112991E+07  8.0115692349E+08
    66100 -6.7666649639E+07  8.0116815994E+08
    66200 -6.6119383886E+07  8.0191222336E+08
    66300 -6.7370810168E+07  8.0239662987E+08
    66400 -6.8615414479E+07  8.0384200024E+08
    66500 -6.7150070738E+07  8.0426653525E+08
    66600 -6.8289650092E+07  8.0529148074E+08
    66700 -6.8915350881E+07  8.0636484646E+08
    66800 -6.9510171372E+07  8.0555527132E+08
    66900 -6.7569395547E+07  8.0429245612E+08
    67000 -6.8591135067E+07  8.0482517238E+08
    67100 -6.7369776660E+07  8.0454349917E+08
    67200 -6.7403106400E+07  8.0332867680E+08
    67300 -6.7826334513E+07  8.0322102426E+08
    67400 -6.6923851325E+07  8.0291428095E+08
    67500 -6.8383888001E+07  8.0291530885E+08
    67600 -6.8455167586E+07  8.0357356325E+08
    67700 -6.7156521977E+07  8.0289970335E+08
    67800 -6.7458793762E+07  8.0285999456E+08
    67900 -6.8074818534E+07  8.0304795094E+08
    68000 -6.6755355424E+07  8.0250073295E+08
    68100 -7.0302053962E+07  8.0222602199E+08
    68200 -6.6380555312E+07  8.0186535031E+08
    68300 -6.8402080454E+07  8.0234184029E+08
    68400 -6.5726832235E+07  8.0184502388E+08
    68500 -6.6652398096E+07  8.0165678334E+08
    68600 -6.7523586561E+07  8.0141308449E+08
    68700 -6.7896792697E+07  8.0090394912E+08
    68800 -6.7507900487E+07  8.0097832780E+08
    68900 -6.7478257500E+07  8.0147243938E+08
    69000 -6.6931231396E+07  8.0180340668E+08
    69100 -6.5985112403E+07  8.0168572478E+08
    69200 -6.7003544137E+07  8.0297638925E+08
    69300 -6.8077530491E+07  8.0431269409E+08
    69400 -6.7868604457E+07  8.0401502583E+08
    69500 -6.9011212718E+07  8.0444561306E+08
    69600 -6.8924922973E+07  8.0366782712E+08
    69700 -6.7928842823E+07  8.0343785300E+08
    69800 -6.8065539168E+07  8.0433872075E+08
    69900 -6.7880819480E+07  8.0344906655E+08
    70000 -6.8930797427E+07  8.0263437402E+08
    70100 -6.8207350827E+07  8.0157038744E+08
    70200 -6.8381087785E+07  8.0120601062E+08
    70300 -6.9545695554E+07  8.0171141933E+08
    70400 -6.8641597384E+07  8.0216491481E+08
    70500 -6.7226171617E+07  8.0084901272E+08
    70600 -6.8179998213E+07  8.0059518293E+08
    70700 -6.6583466069E+07  8.0066534815E+08
    70800 -6.9833927614E+07  8.0139992629E+08
    70900 -6.5920322860E+07  8.0112454958E+08
    71000 -6.6894220469E+07  8.0171728008E+08
    71100 -6.8799042437E+07  8.0214346937E+08
    71200 -6.7845353680E+07  8.0223512256E+08
    71300 -6.8532642331E+07  8.0165659890E+08
    71400 -6.8314944385E+07  8.0232737803E+08
    71500 -7.0497285063E+07  8.0301884874E+08
    71600 -6.9677700859E+07  8.0281960202E+08
    71700 -6.8340120734E+07  8.0350791159E+08
    71800 -6.7037391016E+07  8.0311456784E+08
    71900 -6.8465740571E+07  8.0357138751E+08
    72000 -7.0035309381E+07  8.0266672322E+08
    72100 -6.8889472322E+07  8.0190426305E+08
    72200 -6.7967625090E+07  8.0192617563E+08
    72300 -6.7975073400E+07  8.0226359251E+08
    72400 -6.8012846089E+07  8.0192528652E+08
    72500 -6.8457238635E+07  8.0190633402E+08
    72600 -6.7294811673E+07  8.0128895543E+08
    72700 -6.8095264041E+07  8.0143462580E+08
    72800 -6.9467463308E+07  8.0317431868E+08
    72900 -6.8326329145E+07  8.0301384430E+08
    73000 -6.9199243780E+07  8.0370496020E+08
    73100 -6.9148634060E+07  8.0346668679E+08
    73200 -6.8441772606E+07  8.0258365973E+08
    73300 -6.7234860941E+07  8.0245397168E+08
    73400 -6.7777962730E+07  8.0296775957E+08
    73500 -6.6999913539E+07  8.0347321927E+08
    73600 -6.8994522302E+07  8.0304558569E+08
    73700 -6.8735925570E+07  8.0273059832E+08
    73800 -6.8287788660E+07  8.0257412966E+08
    73900 -6.7674582020E+07  8.0276287096E+08
    74000 -6.8389257491E+07  8.0269671408E+08
    74100 -6.7614231064E+07  8.0310641695E+08
    74200 -6.8445612660E+07  8.0380498969E+08
    74300 -6.8446800017E+07  8.0441648978E+08
    74400 -6.7701308455E+07  8.0515585770E+08
    74500 -6.7526653459E+07  8.0549452497E+08
    74600 -6.8733634460E+07  8.0548565619E+08
    74700 -6.7165011389E+07  8.0469113788E+08
    74800 -6.8873935667E+07  8.0471982803E+08
    74900 -6.7561916952E+07  8.0462059720E+08
    75000 -6.7616987410E+07  8.0495427387E+08
    75100 -6.9259758216E+07  8.0564467959E+08
    75200 -6.8287846259E+07  8.0594907631E+08
    75300 -6.7614196848E+07  8.0517389907E+08
    75400 -6.8056295235E+07  8.0495101353E+08
    75500 -6.7626585957E+07  8.0358774532E+08
    75600 -6.9072741349E+07  8.0293814548E+08
    75700 -6.7971396911E+07  8.0366451322E+08
    75800 -6.7977465236E+07  8.0486464701E+08
    75900 -6.7459561029E+07  8.0470752706E+08
    76000 -6.7858403624E+07  8.0399883915E+08
    76100 -6.6341019981E+07  8.0232055183E+08
    76200 -6.8235257973E+07  8.0295782889E+08
    76300 -6.7814105404E+07  8.0342550293E+08
    76400 -6.8677537357E+07  8.0439654948E+08
    76500 -6.9298332607E+07  8.0407787437E+08
    76600 -6.7905931874E+07  8.0361472388E+08
    76700 -6.8988909295E+07  8.0351761001E+08
    76800 -6.8045600210E+07  8.0361974061E+08
    76900 -6.9077509009E+07  8.0314095980E+08
    77000 -6.9573700965E+07  8.0261473645E+08
    77100 -6.8584788326E+07  8.0218757580E+08
    77200 -6.7827010209E+07  8.0262132846E+08
    77300 -6.7513654808E+07  8.0260169729E+08
    77400 -6.9146694195E+07  8.0196173993E+08
    77500 -6.7784504924E+07  8.0199185276E+08
    77600 -6.6114664192E+07  8.0197780901E+08
    77700 -6.8074404793E+07  8.0236234095E+08
    77800 -6.6837066963E+07  8.0216393892E+08
    77900 -6.6152981054E+07  8.0087437730E+08
    78000 -6.7352964212E+07  8.0262017625E+08
    78100 -6.6759194521E+07  8.0374860395E+08
    78200 -6.7088938577E+07  8.0322626613E+08
    78300 -6.7981149205E+07  8.0261821829E+08
    78400 -6.7941283014E+07  8.0212219970E+08
    78500 -6.6382510142E+07  8.0210720948E+08
    78600 -6.8685355472E+07  8.0303898472E+08
    78700 -6.8525521388E+07  8.0273986003E+08
    78800 -6.7037662137E+07  8.0347473383E+08
    78900 -6.7033011446E+07  8.0303263091E+08
    79000 -6.9063795733E+07  8.0321655911E+08
    79100 -6.9005338485E+07  8.0321998401E+08
    79200 -6.8195693024E+07  8.0267218962E+08
    79300 -7.0687188847E+07  8.0120439489E+08
    79400 -6.9698038472E+07  8.0123845919E+08
    79500 -6.8721951632E+07  8.0088061782E+08
    79600 -6.6504971348E+07  7.9959926876E+08
    79700 -6.7925628474E+07  7.9874480343E+08
    79800 -6.6905332368E+07  8.0059792024E+08
    79900 -6.7827171516E+07  8.0106841557E+08
    80000 -6.9328151200E+07  8.0154101467E+08
    80100 -6.7915935821E+07  8.0214475309E+08
    80200 -6.8591834796E+07  8.0051696942E+08
    80300 -6.7447371225E+07  8.0074628899E+08
    80400 -6.9277341745E+07  8.0010610840E+08
    80500 -7.0231978926E+07  8.0073296355E+08
    80600 -6.8405233507E+07  8.0146260890E+08
    80700 -6.8509124095E+07  8.0220013401E+08
    80800 -6.8184693223E+07  8.0220574122E+08
    80900 -6.8531299027E+07  8.0255174014E+08
    81000 -6.7320094123E+07  8.0295509749E+08
    81100 -6.7723108279E+07  8.0226166345E+08
    81200 -6.7799912717E+07  8.0205211543E+08
    81300 -6.7988791792E+07  8.0315802726E+08
    81400 -6.8088055930E+07  8.0282242229E+08
    81500 -6.7814638083E+07  8.0238810048E+08
    81600 -6.6045969211E+07  8.0194466777E+08
    81700 -6.7264260959E+07  8.0151022253E+08
    81800 -6.7728041128E+07  8.0152364590E+08
    81900 -6.8624003926E+07  8.0180077645E+08
    82000 -6.8403637357E+07  8.0158020222E+08
    82100 -7.0271255637E+07  8.0079580181E+08
    82200 -6.7868253350E+07  8.0050426330E+08
    82300 -6.7504169399E+07  8.0085043304E+08
    82400 -6.8318931178E+07  8.0152835387E+08
    82500 -6.7355141794E+07  8.0093385118E+08
    82600 -6.7531392707E+07  8.0106028998E+08
    82700 -6.8215833156E+07  8.0113014639E+08
    82800 -6.8840705829E+07  8.0085083758E+08
    82900 -6.7624284787E+07  8.0133734128E+08
    83000 -6.5895484610E+07  8.0228284878E+08
    83100 -6.8364873884E+07  8.0210990418E+08
    83200 -6.9389980884E+07  8.0162166982E+08
    83300 -6.7073874889E+07  8.0264471018E+08
    83400 -6.8986693348E+07  8.0227750364E+08
    83500 -6.8571909490E+07  8.0264352450E+08
    83600 -6.8016273901E+07  8.0274370535E+08
    83700 -6.9498998011E+07  8.0416537543E+08
    83800 -6.7807254081E+07  8.0336753616E+08
    83900 -6.8263283600E+07  8.0284168177E+08
    84000 -6.7888527733E+07  8.0268951390E+08
    84100 -6.7194107742E+07  8.0275759328E+08
    84200 -6.8102336066E+07  8.0347500638E+08
    84300 -6.6738897965E+07  8.0403244338E+08
    84400 -6.8043207733E+07  8.0324532189E+08
    84500 -6.8142854241E+07  8.0317957856E+08
    84600 -6.7526003931E+07  8.0409713773E+08
    84700 -6.8198157520E+07  8.0455273972E+08
    84800 -6.7411961866E+07  8.0442476945E+08
    84900 -6.9116293171E+07  8.0361685792E+08
    85000 -6.7193158776E+07  8.0346861167E+08
    85100 -6.7825128294E+07  8.0295803412E+08
    85200 -6.7735590028E+07  8.0200091904E+08
    85300 -6.6969243736E+07  8.0239806514E+08
    85400 -6.8083580254E+07  8.0270852473E+08
    85500 -6.8653197839E+07  8.0303881682E+08
    85600 -6.7335029234E+07  8.0334646651E+08
    85700 -6.6899746278E+07  8.0334141751E+08
    85800 -6.8011399255E+07  8.0228694142E+08
    85900 -6.8644191157E+07  8.0092199154E+08
    86000 -6.9656261269E+07  7.9955186762E+08
    86100 -6.5973271742E+07  7.9917106495E+08
    86200 -6.7865744189E+07  7.9987008298E+08
    86300 -6.9482077001E+07  8.0015990664E+08
    86400 -6.8666320994E+07  7.9932445943E+08
    86500 -6.7418788286E+07  7.9827088399E+08
    86600 -6.7339597382E+07  7.9899134063E+08
    86700 -6.6929355093E+07  7.9936960382E+08
    86800 -6.8733590664E+07  7.9951584074E+08
    86900 -6.7109607288E+07  7.9985014155E+08
    87000 -6.7155407696E+07  8.0016831102E+08
    87100 -6.7552057545E+07  8.0055001072E+08
    87200 -6.8120193540E+07  8.0004812820E+08
    87300 -6.7368053672E+07  7.9947374935E+08
    87400 -6.7929769668E+07  7.9964138703E+08
    87500 -6.7725569452E+07  7.9979284323E+08
    87600 -6.8174255447E+07  7.9998896568E+08
    87700 -6.8085387440E+07  8.0004112066E+08
    87800 -6.9276675234E+07  8.0074354244E+08
    87900 -6.8846579617E+07  8.0150998878E+08
    88000 -6.9334689975E+07  8.0099190276E+08
    88100 -6.8824829301E+07  7.9986263539E+08
    88200 -6.7539860416E+07  7.9974512448E+08
    88300 -6.7332196585E+07  7.9964921611E+08
    88400 -6.7413418300E+07  7.9901001559E+08
    88500 -6.7831103804E+07  7.9949648031E+08
    88600 -6.8773104717E+07  8.0028016187E+08
    88700 -6.6627576833E+07  7.9984902484E+08
    88800 -6.7631341657E+07  8.0047992739E+08
    88900 -6.8239269593E+07  8.0100012824E+08
    89000 -6.7468383120E+07  8.0148140178E+08
    89100 -6.6852905037E+07  8.0058075970E+08
    89200 -6.8442852547E+07  8.0130147844E+08
    89300 -6.7708930814E+07  8.0162702773E+08
    89400 -6.7872659623E+07  8.0181491684E+08
    89500 -6.6915820013E+07  8.0194712514E+08
    89600 -6.8202067392E+07  8.0308402805E+08
    89700 -6.8409966936E+07  8.0195605983E+08
    89800 -6.7929207087E+07  8.0201465580E+08
    89900 -6.7996087410E+07  8.0248130361E+08
    90000 -6.7850773697E+07  8.0253898665E+08
    90100 -6.7423714138E+07  8.0266312906E+08
    90200 -6.6648728849E+07  8.0096383098E+08
    90300 -6.7611289612E+07  8.0119961399E+08
    90400 -6.7275918096E+07  8.0281502028E+08
    90500 -6.7504883053E+07  8.0349949463E+08
    90600 -6.7825393074E+07  8.0430770132E+08
    90700 -6.6513808100E+07  8.0425769945E+08
    90800 -6.7931701567E+07  8.0385428328E+08
    90900 -6.7161853636E+07  8.0413473100E+08
    91000 -6.7578402613E+07  8.0418149013E+08
    91100 -6.6982957257E+07  8.0359141438E+08
    91200 -6.8822485205E+07  8.0410944119E+08
    91300 -6.8179291721E+07  8.0403984080E+08
    91400 -6.7796821975E+07  8.0212068436E+08
    91500 -6.8135578712E+07  8.0191208989E+08
    91600 -6.6318717044E+07  8.0201698200E+08
    91700 -6.6475376899E+07  8.0247959431E+08
    91800 -6.7217636497E+07  8.0172724132E+08
    91900 -6.6437141636E+07  8.0107576313E+08
    92000 -6.7187119716E+07  8.0034213121E+08
    92100 -6.7222556932E+07  7.9975857708E+08
    92200 -6.7415981114E+07  7.9978591976E+08
    92300 -6.7104531077E+07  7.9978329008E+08
    92400 -6.7005869600E+07  7.9944830600E+08
    92500 -6.9105153561E+07  7.9874247762E+08
    92600 -6.9402524290E+07  7.9936286497E+08
    92700 -6.7672325293E+07  8.0031884439E+08
    92800 -6.6048187857E+07  8.0113836157E+08
    92900 -6.7371617351E+07  8.0130360277E+08
    93000 -6.7102223095E+07  8.0099797990E+08
    93100 -6.7836065864E+07  8.0033657141E+08
    93200 -6.8167848050E+07  7.9999386610E+08
    93300 -6.7701336442E+07  8.0057358248E+08
    93400 -6.8316208456E+07  8.0055082764E+08
    93500 -6.6807165491E+07  8.0106830385E+08
    93600 -6.7347211571E+07  8.0170901456E+08
    93700 -6.7515472387E+07  8.0148477786E+08
    93800 -6.7365676879E+07  8.0213284482E+08
    93900 -6.6801400078E+07  8.0292818930E+08
    94000 -6.8027164874E+07  8.0322261274E+08
    94100 -6.7297478023E+07  8.0260049688E+08
    94200 -6.6954798511E+07  8.0269523307E+08
    94300 -6.7390584608E+07  8.0370515848E+08
    94400 -6.8961289311E+07  8.0331387660E+08
    94500 -6.9290750465E+07  8.0282055105E+08
    94600 -6.7051422279E+07  8.0234072614E+08
    94700 -6.7064471317E+07  8.0303924028E+08
    94800 -6.9103454692E+07  8.0208079690E+08
    94900 -6.8545500824E+07  8.0239001064E+08
    95000 -6.8059312058E+07  8.0243379985E+08
    95100 -6.7537289114E+07  8.0223374656E+08
    95200 -6.8075785424E+07  8.0260363632E+08
    95300 -6.6389898605E+07  8.0218738092E+08
    95400 -6.8902091356E+07  8.0149168236E+08
    95500 -6.7063916870E+07  8.0162332045E+08
    95600 -6.8880461182E+07  8.0219937975E+08
    95700 -6.8169500767E+07  8.0313325020E+08
    95800 -6.9753157279E+07  8.0260147941E+08
    95900 -6.8681027835E+07  8.0181824205E+08
    96000 -6.9126080425E+07  8.0177491509E+08
    96100 -6.7864684395E+07  8.0191970604E+08
    96200 -6.7562379447E+07  8.0151460011E+08
    96300 -6.7004107188E+07  8.0197916824E+08
    96400 -6.6670992571E+07  8.0234251993E+08
    96500 -6.7751401077E+07  8.0154051445E+08
    96600 -6.8368355912E+07  8.0174076015E+08
    96700 -6.7887844890E+07  8.0156608433E+08
    96800 -6.8351149825E+07  8.0133543228E+08
    96900 -6.8856488104E+07  8.0244360798E+08
    97000 -6.6810425736E+07  8.0327310703E+08
    97100 -6.7252107185E+07  8.0296892050E+08
    97200 -6.7289674086E+07  8.0164429437E+08
    97300 -6.6944863866E+07  8.0089190593E+08
    97400 -6.6695587590E+07  8.0118245811E+08
    97500 -6.7609855999E+07  8.0131305232E+08
    97600 -6.5517699746E+07  8.0296119785E+08
    97700 -6.5810384553E+07  8.0302988492E+08
    97800 -6.7215957186E+07  8.0211714172E+08
    97900 -6.7128890610E+07  8.0156084267E+08
    98000 -6.8159474770E+07  8.0108090280E+08
    98100 -6.8567772156E+07  8.0147464698E+08
    98200 -6.7173481608E+07  8.0148986907E+08
    98300 -6.7127579468E+07  8.0258940478E+08
    98400 -6.7741850082E+07  8.0277319373E+08
    98500 -6.8147328266E+07  8.0268805505E+08
    98600 -6.6942006780E+07  8.0347076229E+08
    98700 -6.7922636854E+07  8.0278405836E+08
    98800 -6.7433191138E+07  8.0302859041E+08
    98900 -6.7238737149E+07  8.0414100730E+08
    99000 -6.7099539825E+07  8.0457091244E+08
    99100 -6.9129729841E+07  8.0424495099E+08
    99200 -6.7972396212E+07  8.0384308759E+08
    99300 -7.0939068615E+07  8.0340405097E+08
    99400 -6.8562573408E+07  8.0291525343E+08
    99500 -6.7888033627E+07  8.0188937433E+08
    99600 -6.9817701303E+07  8.0163263841E+08
    99700 -6.8714245735E+07  8.0163790460E+08
    99800 -6.8275369473E+07  8.0113942935E+08
    99900 -6.9719812149E+07  8.0122335036E+08
   100000 -6.7901927747E+07  8.0067569258E+08
   100100 -6.8477621477E+07  8.0067195822E+08
   100200 -6.8506093580E+07  8.0024086976E+08
   100300 -6.9007669210E+07  8.0132759307E+08
   100400 -6.8485338858E+07  8.0355533043E+08
   100500 -6.8559430835E+07  8.0287348246E+08
   100600 -6.7799399588E+07  8.0155963069E+08
   100700 -6.7770333219E+07  8.0099283177E+08
   100800 -6.6332693006E+07  7.9984239303E+08
   100900 -6.8759240360E+07  7.9874612552E+08
   101000 -6.8920369154E+07  7.9833457803E+08
   101100 -6.8413316307E+07  7.9942839275E+08
   101200 -6.8566832099E+07  7.9891151393E+08
   101300 -6.8745671705E+07  7.9896693182E+08
   101400 -6.8564142823E+07  8.0004402930E+08
   101500 -6.7710298543E+07  8.0054844684E+08
   101600 -6.7723954182E+07  7.9998158350E+08
   101700 -6.8836805436E+07  8.0050760643E+08
   101800 -6.5592915624E+07  8.0021802132E+08
   101900 -6.7855358582E+07  8.0071589490E+08
   102000 -6.7623043050E+07  8.0186279193E+08
   102100 -6.7068259591E+07  8.0228617931E+08
   102200 -6.9949632925E+07  8.0258406361E+08
   102300 -6.6969075578E+07  8.0269676045E+08
   102400 -6.8668669658E+07  8.0223031570E+08
   102500 -6.7994709793E+07  8.0288024206E+08
   102600 -6.7349537705E+07  8.0310013481E+08
   102700 -6.7894576707E+07  8.0356096692E+08
   102800 -6.8820770211E+07  8.0295680320E+08
   102900 -6.7242941348E+07  8.0315777634E+08
   103000 -6.9322118791E+07  8.0340594608E+08
   103100 -6.7591490221E+07  8.0289355095E+08
   103200 -6.7628225729E+07  8.0262408187E+08
   103300 -6.8034285706E+07  8.0413748971E+08
   103400 -6.6117098347E+07  8.0464639240E+08
   103500 -6.8251842129E+07  8.0412642289E+08
   103600 -6.7666053597E+07  8.0401710091E+08
   103700 -6.9700077814E+07  8.0407448293E+08
   103800 -6.8990579118E+07  8.0273588550E+08
   103900 -6.9419282671E+07  8.0239471530E+08
   104000 -6.9077312799E+07  8.0358216103E+08
   104100 -6.7973779463E+07  8.0431805595E+08
   104200 -6.8152419587E+07  8.0423008113E+08
   104300 -6.8887397637E+07  8.0371283911E+08
   104400 -6.7915922909E+07  8.0327141406E+08
   104500 -6.8798283647E+07  8.0318413798E+08
   104600 -6.7344507805E+07  8.0335623329E+08
   104700 -6.7920156223E+07  8.0386693003E+08
   104800 -6.6843995927E+07  8.0360719176E+08
   104900 -6.7736609554E+07  8.0246200481E+08
   105000 -6.6344045710E+07  8.0178510138E+08
   105100 -6.8387903816E+07  8.0096365231E+08
   105200 -6.6209335322E+07  8.0073953893E+08
   105300 -6.6543403014E+07  7.9986460118E+08
   105400 -6.7536025189E+07  8.0045725592E+08
   105500 -6.6841780950E+07  7.9975243265E+08
   105600 -6.7399470146E+07  7.9929474018E+08
   105700 -6.7353534003E+07  7.9870793632E+08
   105800 -6.7759507117E+07  7.9942384340E+08
   105900 -6.7364561023E+07  7.9933135875E+08
   106000 -6.8035108978E+07  7.9966200570E+08
   106100 -6.7360053906E+07  7.9993181125E+08
   106200 -6.5451669206E+07  7.9988520090E+08
   106300 -6.8324896853E+07  7.9962252917E+08
   106400 -6.6703900884E+07  7.9995923586E+08
   106500 -6.8981202353E+07  7.9982919629E+08
   106600 -6.8160350899E+07  7.9869013947E+08
   106700 -6.9418584012E+07  7.9851442828E+08
   106800 -7.0242623953E+07  7.9895606472E+08
   106900 -6.7525484215E+07  8.0016983869E+08
   107000 -6.8017085945E+07  8.0117502869E+08
   107100 -6.7834683604E+07  8.0115414334E+08
   107200 -6.7518880750E+07  8.0157052293E+08
   107300 -6.9262361172E+07  8.0192125871E+08
   107400 -6.6270377343E+07  8.0162150950E+08
   107500 -6.5781819189E+07  8.0248021960E+08
   107600 -6.6036588121E+07  8.0232507748E+08
   107700 -6.7930827833E+07  8.0204728699E+08
   107800 -6.7155932965E+07  8.0343993685E+08
   107900 -6.7183724763E+07  8.0249263981E+08
   108000 -6.8569713372E+07  8.0249507307E+08
   108100 -6.7734412928E+07  8.0281039782E+08
   108200 -6.8081301862E+07  8.0308806191E+08
   108300 -6.7564924569E+07  8.0253344088E+08
   108400 -6.7297221030E+07  8.0176390190E+08
   108500 -6.7706122732E+07  8.0180734165E+08
   108600 -6.7042970818E+07  8.0274553448E+08
   108700 -6.7134061071E+07  8.0305510645E+08
   108800 -7.0537413064E+07  8.0325424435E+08
   108900 -7.0115835512E+07  8.0439558248E+08
   109000 -6.7625212124E+07  8.0465421240E+08
   109100 -6.8686351192E+07  8.0416496551E+08
   109200 -6.8892933297E+07  8.0311243252E+08
   109300 -6.8773198518E+07  8.0270010882E+08
   109400 -6.8892504345E+07  8.0296758563E+08
   109500 -6.8959568949E+07  8.0305506308E+08
   109600 -6.8130767483E+07  8.0243173022E+08
   109700 -6.7919447724E+07  8.0254106341E+08
   109800 -6.8041540333E+07  8.0211888207E+08
   109900 -6.7028255917E+07  8.0222482024E+08
   110000 -6.7866477734E+07  8.0261661594E+08
   110100 -6.7056990639E+07  8.0276970228E+08
   110200 -6.7973701629E+07  8.0252061220E+08
   110300 -6.8633954144E+07  8.0123521293E+08
   110400 -6.8936256507E+07  7.9975028924E+08
   110500 -6.7620623245E+07  7.9959218552E+08
   110600 -6.9468084629E+07  7.9994218621E+08
   110700 -6.7045972682E+07  8.0096728362E+08
   110800 -6.7953335695E+07  8.0153381763E+08
   110900 -6.6541666906E+07  8.0172780143E+08
   111000 -6.8476689537E+07  8.0186795979E+08
   111100 -6.8098813263E+07  8.0177219738E+08
   111200 -6.5656900244E+07  8.0288335412E+08
   111300 -6.8423935236E+07  8.0308045327E+08
   111400 -6.6885896140E+07  8.0312275013E+08
   111500 -6.7730270030E+07  8.0249097517E+08
   111600 -6.7518496174E+07  8.0144663242E+08
   111700 -6.6952437917E+07  8.0118783200E+08
   111800 -6.7596911030E+07  8.0139980352E+08
   111900 -6.6984430445E+07  8.0227360155E+08
   112000 -6.6966017727E+07  8.0392638353E+08
   112100 -6.6365832104E+07  8.0325067210E+08
   112200 -6.7374232884E+07  8.0239091861E+08
   112300 -6.7929184298E+07  8.0224615278E+08
   112400 -6.7924265803E+07  8.0359380106E+08
   112500 -6.8870249123E+07  8.0349577412E+08
   112600 -6.8032570369E+07  8.0359517963E+08
   112700 -6.7326047196E+07  8.0188469323E+08
   112800 -6.7177353116E+07  8.0107717518E+08
   112900 -6.6370493929E+07  8.0161293208E+08
   113000 -6.7109339267E+07  8.0109404308E+08
   113100 -6.7645335983E+07  8.0031735739E+08
   113200 -6.7827838282E+07  8.0130167420E+08
   113300 -6.7045039299E+07  8.0117004026E+08
   113400 -6.7684175501E+07  8.0203667391E+08
   113500 -6.7469457857E+07  8.0185393704E+08
   113600 -6.8288381061E+07  8.0152058081E+08
   113700 -6.5177817747E+07  8.0039894056E+08
   113800 -6.9169495825E+07  8.0034974946E+08
   113900 -6.7368013372E+07  8.0088708771E+08
   114000 -6.6209002456E+07  7.9957961754E+08
   114100 -6.7443640653E+07  7.9972680838E+08
   114200 -6.7325695728E+07  8.0020810219E+08
   114300 -6.6993552410E+07  8.0052257560E+08
   114400 -6.7892712574E+07  8.0183584826E+08
   114500 -6.8594436774E+07  8.0349497470E+08
   114600 -6.8995019742E+07  8.0346190677E+08
   114700 -6.8337617601E+07  8.0314759564E+08
   114800 -6.7116375079E+07  8.0430685582E+08
   114900 -6.8434619529E+07  8.0502489537E+08
   115000 -6.9097488923E+07  8.0462511325E+08
   115100 -6.8486517621E+07  8.0437265340E+08
   115200 -6.8264730398E+07  8.0488109188E+08
   115300 -6.7405538846E+07  8.0532085191E+08
   115400 -6.9158400387E+07  8.0545532560E+08
   115500 -6.7446354059E+07  8.0538616952E+08
   115600 -6.7732856898E+07  8.0432257007E+08
   115700 -6.7257900028E+07  8.0287763246E+08
   115800 -6.9956798489E+07  8.0246767363E+08
   115900 -6.8049888388E+07  8.0346392006E+08
   116000 -6.9447671632E+07  8.0306883079E+08
   116100 -6.9325366633E+07  8.0393809934E+08
   116200 -6.7889198938E+07  8.0410524410E+08
   116300 -6.8010676564E+07  8.0302701355E+08
   116400 -6.8485481143E+07  8.0135172306E+08
   116500 -6.7492357681E+07  8.0070641518E+08
   116600 -6.6493585776E+07  8.0231939851E+08
   116700 -6.7836502869E+07  8.0264769899E+08
   116800 -6.7514548731E+07  8.0358089522E+08
   116900 -6.8836280924E+07  8.0429210506E+08
   117000 -6.7374653574E+07  8.0376578333E+08
   117100 -6.5802110764E+07  8.0205517792E+08
   117200 -6.8624181220E+07  8.0281859580E+08
   117300 -6.7086902997E+07  8.0332447033E+08
   117400 -6.5925263278E+07  8.0402673680E+08
   117500 -6.6966980837E+07  8.0448686174E+08
   117600 -6.7018294642E+07  8.0317609323E+08
   117700 -6.7338116835E+07  8.0207737504E+08
   117800 -6.7249027782E+07  8.0199825997E+08
   117900 -6.8109335062E+07  8.0349136446E+08
   118000 -6.7786119288E+07  8.0290708258E+08
   118100 -6.7634574594E+07  8.0208701896E+08
   118200 -6.8312967716E+07  8.0194040681E+08
   118300 -6.8109128492E+07  8.0195822312E+08
   118400 -6.7526523085E+07  8.0159239876E+08
   118500 -6.7825542260E+07  8.0070013626E+08
   118600 -6.6867440384E+07  8.0098632617E+08
   118700 -6.6455628631E+07  8.0160253648E+08
   118800 -6.9135281244E+07  8.0225974417E+08
   118900 -6.7861666045E+07  8.0189446850E+08
   119000 -6.7350083561E+07  8.0107417729E+08
   119100 -6.7004183859E+07  8.0210876266E+08
   119200 -6.8994194349E+07  8.0280757806E+08
   119300 -6.6917766582E+07  8.0352079714E+08
   119400 -6.7811947411E+07  8.0370951373E+08
   119500 -6.6084775320E+07  8.0281836675E+08
   119600 -6.7061164956E+07  8.0267043030E+08
   119700 -6.6832478768E+07  8.0207521402E+08
   119800 -6.9025633880E+07  8.0123647894E+08
   119900 -6.6743968105E+07  8.0097635142E+08
   120000 -6.7003747610E+07  8.0040706865E+08
   120100 -6.8718493425E+07  8.0061297209E+08
   120200 -6.7660520052E+07  7.9991241128E+08
   120300 -6.8100095248E+07  8.0059845494E+08
   120400 -6.7709546372E+07  8.0139453981E+08
   120500 -6.8409672636E+07  8.0065331749E+08
   120600 -6.7733496318E+07  8.0094785257E+08
   120700 -6.7241762528E+07  8.0099654449E+08
   120800 -6.6721307937E+07  8.0173697429E+08
   120900 -6.7752479908E+07  8.0227836229E+08
   121000 -6.8870467651E+07  8.0234245402E+08
   121100 -6.7349090988E+07  8.0193260165E+08
   121200 -6.5655123413E+07  8.0203241936E+08
   121300 -6.7482690684E+07  8.0178032524E+08
   121400 -6.8508948607E+07  8.0177340890E+08
   121500 -6.7142430878E+07  8.0253584695E+08
   121600 -6.7365859850E+07  8.0303479244E+08
   121700 -6.8019675882E+07  8.0265020962E+08
   121800 -6.7500527536E+07  8.0271798281E+08
   121900 -6.6657666079E+07  8.0290742263E+08
   122000 -6.8260595992E+07  8.0449171220E+08
   122100 -6.8297212716E+07  8.0421386183E+08
   122200 -6.9044618051E+07  8.0353921755E+08
   122300 -6.8579148261E+07  8.0252981631E+08
   122400 -6.9371581727E+07  8.0127017937E+08
   122500 -6.8590063786E+07  8.0140363117E+08
   122600 -6.9372307267E+07  8.0123511644E+08
   122700 -6.7105429327E+07  8.0105729200E+08
   122800 -6.7156244359E+07  8.0022388156E+08
   122900 -6.7431622319E+07  8.0050410999E+08
   123000 -6.7040389888E+07  8.0048154412E+08
   123100 -6.8629704084E+07  8.0065042700E+08
   123200 -6.8166378036E+07  8.0055973228E+08
   123300 -6.6797664399E+07  7.9937867405E+08
   123400 -7.0286516065E+07  7.9949892997E+08
   123500 -6.7006117478E+07  7.9939902515E+08
   123600 -6.7020035131E+07  7.9927778638E+08
   123700 -6.6509154144E+07  7.9882116421E+08
   123800 -6.7620692006E+07  7.9966199915E+08
   123900 -6.7266581050E+07  8.0052997468E+08
   124000 -6.7638343033E+07  8.0071239436E+08
   124100 -6.7290013555E+07  8.0032659622E+08
   124200 -6.8032189935E+07  7.9993807425E+08
   124300 -6.6322466855E+07  8.0090112577E+08
   124400 -6.8279852621E+07  8.0171234063E+08
   124500 -6.7768486856E+07  8.0174034300E+08
   124600 -6.7493584141E+07  8.0092855485E+08
   124700 -6.7987779889E+07  8.0200432743E+08
   124800 -6.8238782243E+07  8.0312678131E+08
   124900 -6.6702985550E+07  8.0312156786E+08
   125000 -6.7714522753E+07  8.0410662932E+08
   125100 -6.7334060436E+07  8.0517913895E+08
   125200 -6.7732398733E+07  8.0539341979E+08
   125300 -6.8844024851E+07  8.0533425684E+08
   125400 -6.8573791658E+07  8.0449640390E+08
   125500 -6.8385751167E+07  8.0355724960E+08
   125600 -6.8224053172E+07  8.0245849692E+08
   125700 -6.8715429630E+07  8.0287075601E+08
   125800 -6.8278285861E+07  8.0332238197E+08
   125900 -6.8517777470E+07  8.0334946580E+08
   126000 -6.7731428922E+07  8.0312143640E+08
   126100 -6.8981930292E+07  8.0290213062E+08
   126200 -6.8940294624E+07  8.0255922084E+08
   126300 -6.7970766137E+07  8.0246439450E+08
   126400 -6.6582966807E+07  8.0150022734E+08
   126500 -6.6866824089E+07  8.0127186652E+08
   126600 -6.6522813187E+07  8.0168727350E+08
   126700 -6.6369697971E+07  8.0168951179E+08
   126800 -6.6063738623E+07  8.0096447972E+08
   126900 -6.6899830251E+07  8.0089989553E+08
   127000 -6.5767823601E+07  8.0125417383E+08
   127100 -6.8874241326E+07  8.0095798808E+08
   127200 -6.8640118944E+07  8.0172703584E+08
   127300 -6.6794903475E+07  8.0236016945E+08
   127400 -6.8334487949E+07  8.0289996361E+08
   127500 -6.7858572782E+07  8.0247795108E+08
   127600 -6.9133227786E+07  8.0248055187E+08
   127700 -6.8850148706E+07  8.0283648274E+08
   127800 -6.7284950320E+07  8.0310221661E+08
   127900 -6.7153906446E+07  8.0326600287E+08
   128000 -6.7683804052E+07  8.0338674667E+08
   128100 -7.0273115761E+07  8.0290605900E+08
   128200 -6.7533055128E+07  8.0288083408E+08
   128300 -6.7313402692E+07  8.0372081276E+08
   128400 -6.7077936580E+07  8.0334999020E+08
   128500 -6.6815995162E+07  8.0369392001E+08
   128600 -6.7786216773E+07  8.0425064324E+08
   128700 -6.7672486155E+07  8.0381247123E+08
   128800 -6.7888618841E+07  8.0379330854E+08
   128900 -6.7359150433E+07  8.0298986243E+08
   129000 -6.6862899360E+07  8.0258395624E+08
   129100 -6.6837940993E+07  8.0233688595E+08
   129200 -6.7582966699E+07  8.0158191200E+08
   129300 -6.7062241835E+07  8.0159251327E+08
   129400 -6.7977625202E+07  8.0273370540E+08
   129500 -6.8830042416E+07  8.0411326335E+08
   129600 -6.7661059572E+07  8.0557488785E+08
   129700 -6.7276037356E+07  8.0430396488E+08
   129800 -6.9268467193E+07  8.0420995862E+08
   129900 -6.9142117487E+07  8.0480810059E+08
   130000 -6.8755401895E+07  8.0344483668E+08
   130100 -6.8477691322E+07  8.0353500390E+08
   130200 -6.7774824853E+07  8.0305745373E+08
   130300 -6.8347100821E+07  8.0234148828E+08
   130400 -6.6186899223E+07  8.0227880812E+08
   130500 -6.7522971213E+07  8.0204926201E+08
   130600 -6.7750724958E+07  8.0179327472E+08
   130700 -6.8240193551E+07  8.0190588275E+08
   130800 -6.8179042672E+07  8.0118085984E+08
   130900 -6.7800809961E+07  8.0131748849E+08
   131000 -6.8233200123E+07  8.0173218452E+08
   131100 -6.8012400211E+07  8.0223921696E+08
   131200 -6.7212099839E+07  8.0207164896E+08
   131300 -6.9092302661E+07  8.0351999620E+08
   131400 -6.6824437564E+07  8.0402608129E+08
   131500 -6.7569694044E+07  8.0329690272E+08
   131600 -6.8213407077E+07  8.0392280689E+08
   131700 -6.8057819139E+07  8.0349383308E+08
   131800 -6.8276206339E+07  8.0352624678E+08
   131900 -6.7424345696E+07  8.0392405548E+08
   132000 -6.8018121211E+07  8.0272835457E+08
   132100 -6.8419265773E+07  8.0255244942E+08
   132200 -6.8936950905E+07  8.0255159160E+08
   132300 -6.7249888900E+07  8.0212561410E+08
   132400 -6.7760843775E+07  8.0239334959E+08
   132500 -6.7586369174E+07  8.0295973029E+08
   132600 -6.8641036647E+07  8.0254459408E+08
   132700 -6.6300669289E+07  8.0270003208E+08
   132800 -6.8710336552E+07  8.0201032121E+08
   132900 -6.8542426644E+07  8.0197896811E+08
   133000 -6.7410810915E+07  8.0185849456E+08
   133100 -6.8684187887E+07  8.0165319022E+08
   133200 -6.6615321149E+07  8.0172995422E+08
   133300 -6.7492236104E+07  8.0226340202E+08
   133400 -6.6610979135E+07  8.0317040244E+08
   133500 -6.8529082773E+07  8.0489414245E+08
   133600 -6.8200450085E+07  8.0517467564E+08
   133700 -6.7346945172E+07  8.0381189484E+08
   133800 -6.6954762811E+07  8.0399354783E+08
   133900 -6.6958848808E+07  8.0287609868E+08
   134000 -6.5815427263E+07  8.0267601434E+08
   134100 -6.5598739085E+07  8.0205072572E+08
   134200 -6.7726000452E+07  8.0179828690E+08
   134300 -6.8238100603E+07  8.0299338858E+08
   134400 -6.6804159980E+07  8.0343990184E+08
   134500 -6.9536208200E+07  8.0361579321E+08
   134600 -6.7737556329E+07  8.0412565084E+08
   134700 -6.7851867508E+07  8.0512911156E+08
   134800 -7.0477449812E+07  8.0552384887E+08
   134900 -6.8836447973E+07  8.0531807598E+08
   135000 -6.8070491553E+07  8.0420507095E+08
   135100 -6.8954257121E+07  8.0373537502E+08
   135200 -6.6690736715E+07  8.0372730992E+08
   135300 -6.8074246273E+07  8.0250979241E+08
   135400 -6.7812906708E+07  8.0156273582E+08
   135500 -6.9802059706E+07  8.0224084819E+08
   135600 -6.9749365447E+07  8.0153787383E+08
   135700 -6.7792610318E+07  8.0124887701E+08
   135800 -6.8093785910E+07  8.0069987402E+08
   135900 -6.6845882536E+07  8.0004926952E+08
   136000 -6.7023348940E+07  8.0034280855E+08
   136100 -6.7880209754E+07  8.0039146304E+08
   136200 -6.5498470311E+07  7.9979817621E+08
   136300 -6.6773481682E+07  7.9995844042E+08
   136400 -6.6449715966E+07  8.0045003742E+08
   136500 -6.7615109775E+07  8.0147192022E+08
   136600 -6.7300975810E+07  8.0090073300E+08
   136700 -6.6689248403E+07  8.0046306551E+08
   136800 -6.7374424869E+07  8.0028736782E+08
   136900 -6.7222221257E+07  8.0054879383E+08
   137000 -6.6970860549E+07  8.0205397703E+08
   137100 -6.7337062976E+07  8.0298078485E+08
   137200 -6.5746680555E+07  8.0292152902E+08
   137300 -6.8235587346E+07  8.0258091093E+08
   137400 -6.7691805776E+07  8.0196369143E+08
   137500 -6.7915372850E+07  8.0155458141E+08
   137600 -6.8123353477E+07  8.0226992415E+08
   137700 -6.8403888320E+07  8.0265498452E+08
   137800 -6.8191806903E+07  8.0263683534E+08
   137900 -6.8185120381E+07  8.0330142313E+08
   138000 -6.8436635858E+07  8.0461282612E+08
   138100 -6.7636742575E+07  8.0427565847E+08
   138200 -6.9041667590E+07  8.0555263427E+08
   138300 -6.7844607513E+07  8.0608672546E+08
   138400 -6.9457386429E+07  8.0539766782E+08
   138500 -6.9093088872E+07  8.0454976239E+08
   138600 -6.8043164325E+07  8.0383299929E+08
   138700 -6.9080021293E+07  8.0436005807E+08
   138800 -6.8956453244E+07  8.0500890661E+08
   138900 -6.9278802922E+07  8.0472710047E+08
   139000 -6.9760586250E+07  8.0429582465E+08
   139100 -6.8673018633E+07  8.0392917375E+08
   139200 -6.8737597261E+07  8.0460114342E+08
   139300 -6.8011607737E+07  8.0459477637E+08
   139400 -6.8470526910E+07  8.0398993433E+08
   139500 -6.6905671687E+07  8.0329233750E+08
   139600 -6.8241921634E+07  8.0329082380E+08
   139700 -6.8696667457E+07  8.0330505159E+08
   139800 -6.6610080382E+07  8.0303876078E+08
   139900 -6.6902977334E+07  8.0221683141E+08
   140000 -6.7535024794E+07  8.0109066622E+08
   140100 -6.7023318613E+07  8.0069643432E+08
   140200 -6.7724376548E+07  7.9976061476E+08
   140300 -6.5873727639E+07  7.9894657175E+08
   140400 -6.7304638511E+07  8.0048098024E+08
   140500 -6.7245700511E+07  8.0071254062E+08
   140600 -6.6308956445E+07  8.0011024459E+08
   140700 -6.6456394373E+07  8.0030251537E+08
   140800 -6.8311599493E+07  8.0076485873E+08
   140900 -6.7372341458E+07  7.9978321308E+08
   141000 -6.7514103809E+07  7.9907810493E+08
   141100 -6.8782472336E+07  7.9904689317E+08
   141200 -6.8502473624E+07  7.9905455657E+08
   141300 -6.7992530302E+07  7.9921430644E+08
   141400 -6.8226357469E+07  8.0025973355E+08
   141500 -6.8529800723E+07  8.0069451036E+08
   141600 -6.8115668868E+07  8.0052410604E+08
   141700 -6.6918168139E+07  8.0076189124E+08
   141800 -6.8859110401E+07  8.0145105264E+08
   141900 -6.8100417965E+07  8.0162180658E+08
   142000 -6.6428881753E+07  8.0185084431E+08
   142100 -6.9291152488E+07  8.0262964118E+08
   142200 -6.9157068097E+07  8.0347516582E+08
   142300 -6.6172079509E+07  8.0419136936E+08
   142400 -6.8016814405E+07  8.0395110655E+08
   142500 -6.8522596976E+07  8.0270253407E+08
   142600 -6.8259408038E+07  8.0340731156E+08
   142700 -6.8298692924E+07  8.0316292140E+08
   142800 -6.8619164767E+07  8.0468065111E+08
   142900 -6.8327784397E+07  8.0598096783E+08
   143000 -6.9730501171E+07  8.0533379594E+08
   143100 -7.0217809371E+07  8.0440986760E+08
   143200 -6.8330721189E+07  8.0460607307E+08
   143300 -6.8145835755E+07  8.0514381864E+08
   143400 -6.6550714385E+07  8.0488295098E+08
   143500 -6.7577743166E+07  8.0514299068E+08
   143600 -6.7309692370E+07  8.0489875445E+08
   143700 -6.7622024850E+07  8.0416181282E+08
   143800 -6.7766677853E+07  8.0519322934E+08
   143900 -6.7425030538E+07  8.0499990383E+08
   144000 -6.7587788319E+07  8.0463292581E+08
   144100 -6.6831773982E+07  8.0344678710E+08
   144200 -6.6335631169E+07  8.0297128653E+08
   144300 -6.7293851842E+07  8.0233210884E+08
   144400 -6.8247791249E+07  8.0317311515E+08
   144500 -6.6277347086E+07  8.0187902553E+08
   144600 -6.8958564694E+07  8.0143485781E+08
   144700 -6.9069867668E+07  8.0253511058E+08
   144800 -6.8001606774E+07  8.0348605910E+08
   144900 -6.8075027027E+07  8.0318613976E+08
   145000 -6.5418587627E+07  8.0178967980E+08
   145100 -6.7459390628E+07  8.0059826165E+08
   145200 -6.7304234939E+07  8.0113749787E+08
   145300 -6.8362168129E+07  8.0123078507E+08
   145400 -6.8369584474E+07  8.0198544972E+08
   145500 -6.7925715438E+07  8.0252707990E+08
   145600 -6.7369654053E+07  8.0242885929E+08
   145700 -6.6724354867E+07  8.0239295137E+08
   145800 -6.7149456560E+07  8.0298439598E+08
   145900 -6.7754499385E+07  8.0233290827E+08
   146000 -6.6973047941E+07  8.0095973611E+08
   146100 -6.8368029426E+07  8.0026346866E+08
   146200 -6.8518894993E+07  8.0049862405E+08
   146300 -6.8611408271E+07  8.0051336880E+08
   146400 -6.7386109500E+07  8.0111800152E+08
   146500 -6.7002056767E+07  8.0061717830E+08
   146600 -6.7281174801E+07  7.9989429008E+08
   146700 -6.7682839338E+07  7.9940158682E+08
   146800 -6.6447430786E+07  7.9955774765E+08
   146900 -6.6541257361E+07  8.0021710272E+08
   147000 -6.7823949594E+07  8.0038970442E+08
   147100 -6.8461963162E+07  8.0072891972E+08
   147200 -6.7740492866E+07  8.0078437727E+08
   147300 -6.6684507040E+07  8.0169356483E+08
   147400 -6.7252098816E+07  8.0195722029E+08
   147500 -6.7337381279E+07  8.0226855651E+08
   147600 -6.8005128758E+07  8.0248166623E+08
   147700 -6.6889797589E+07  8.0208860360E+08
   147800 -6.7638144921E+07  8.0189859287E+08
   147900 -6.6499667189E+07  8.0200365531E+08
   148000 -6.7644353705E+07  8.0155173816E+08
   148100 -6.8139532851E+07  8.0299880948E+08
   148200 -6.9710122376E+07  8.0350567332E+08
   148300 -6.9574758921E+07  8.0290700397E+08
   148400 -6.6510473120E+07  8.0279016263E+08
   148500 -6.7916444396E+07  8.0353546454E+08
   148600 -6.7608627276E+07  8.0315386861E+08
   148700 -6.8740321077E+07  8.0242838821E+08
   148800 -6.6969417638E+07  8.0200459177E+08
   148900 -6.7272465940E+07  8.0096195275E+08
   149000 -6.7178124656E+07  8.0122151497E+08
   149100 -6.6274695881E+07  8.0129531477E+08
   149200 -6.8010871393E+07  8.0163599809E+08
   149300 -6.8291986369E+07  8.0274650345E+08
   149400 -6.7513093906E+07  8.0381258338E+08
   149500 -6.7425103916E+07  8.0336573771E+08
   149600 -6.9135074544E+07  8.0249390538E+08
   149700 -6.7604888311E+07  8.0323180012E+08
   149800 -6.7885710447E+07  8.0205876775E+08
   149900 -6.7709279434E+07  8.0101178242E+08
   150000 -6.7863741873E+07  8.0056562204E+08
   150100 -6.8032497476E+07  8.0147207149E+08
   150200 -6.8842779035E+07  8.0104454738E+08
   150300 -6.7634727902E+07  8.0117898457E+08
   150400 -6.7967153407E+07  8.0152358425E+08
   150500 -6.8262957066E+07  8.0215038268E+08
   150600 -6.7907766011E+07  8.0233371881E+08
   150700 -6.8112230174E+07  8.0228806511E+08
   150800 -6.9452222421E+07  8.0196359110E+08
   150900 -6.7790019067E+07  8.0213009943E+08
   151000 -6.8557770656E+07  8.0193449598E+08
   151100 -6.6939517724E+07  8.0149225717E+08
   151200 -6.8119340941E+07  8.0130630373E+08
   151300 -6.7447454635E+07  8.0213804832E+08
   151400 -6.9906458825E+07  8.0228138894E+08
   151500 -6.9237430451E+07  8.0216866816E+08
   151600 -6.8883027709E+07  8.0262151493E+08
   151700 -6.7614181354E+07  8.0212343698E+08
   151800 -6.8732402493E+07  8.0176680422E+08
   151900 -6.8724428239E+07  8.0161779352E+08
   152000 -6.6963889828E+07  8.0269143243E+08
   152100 -6.7992885709E+07  8.0214932777E+08
   152200 -6.7687423272E+07  8.0197502142E+08
   152300 -6.9078843521E+07  8.0238629048E+08
   152400 -6.8360250946E+07  8.0289194605E+08
   152500 -6.9057006574E+07  8.0287117517E+08
   152600 -6.8115496637E+07  8.0232160649E+08
   152700 -6.9091198974E+07  8.0341572230E+08
   152800 -6.9851726268E+07  8.0300083150E+08
   152900 -6.7729849986E+07  8.0286151659E+08
   153000 -6.8498138835E+07  8.0261270351E+08
   153100 -6.7958771555E+07  8.0367999437E+08
   153200 -6.8187193426E+07  8.0397712873E+08
   153300 -6.7924117278E+07  8.0224283356E+08
   153400 -6.8565771885E+07  8.0156179715E+08
   153500 -6.7303851578E+07  8.0066677899E+08
   153600 -6.8008326013E+07  7.9939268702E+08
   153700 -6.8566609965E+07  7.9945971763E+08
   153800 -6.6494479921E+07  7.9953603518E+08
   153900 -6.7551966627E+07  8.0029844212E+08
   154000 -6.7560269941E+07  8.0080766281E+08
   154100 -6.7839659279E+07  8.0213465865E+08
   154200 -6.8703851190E+07  8.0207262483E+08
   154300 -6.9806111136E+07  8.0235044306E+08
   154400 -6.8051845190E+07  8.0245498965E+08
   154500 -6.9038042518E+07  8.0270040434E+08
   154600 -6.7728611690E+07  8.0222014433E+08
   154700 -6.8560477479E+07  8.0197604990E+08
   154800 -6.7900143264E+07  8.0107888056E+08
   154900 -6.8319372388E+07  8.0070471440E+08
   155000 -6.7668217566E+07  8.0099621631E+08
   155100 -6.9107362075E+07  8.0153050229E+08
   155200 -6.9091280354E+07  8.0245064019E+08
   155300 -6.9215796134E+07  8.0303274731E+08
   155400 -6.6191536962E+07  8.0281281193E+08
   155500 -6.6606649895E+07  8.0217421472E+08
   155600 -6.5756568734E+07  8.0172998048E+08
   155700 -6.7710373211E+07  8.0114822067E+08
   155800 -6.6801391004E+07  8.0136145699E+08
   155900 -6.7054108979E+07  8.0206266551E+08
   156000 -6.7450409649E+07  8.0195378400E+08
   156100 -6.7234716643E+07  8.0122160034E+08
   156200 -6.7075910560E+07  8.0163052753E+08
   156300 -6.6314121735E+07  8.0135740260E+08
   156400 -6.7420810592E+07  8.0169546377E+08
   156500 -6.8815699115E+07  8.0160311193E+08
   156600 -6.6768436006E+07  8.0078039226E+08
   156700 -6.7957062209E+07  8.0051352569E+08
   156800 -6.7847928828E+07  8.0037680138E+08
   156900 -6.8073556229E+07  8.0109537402E+08
   157000 -6.9853357053E+07  8.0159938992E+08
   157100 -6.8306158748E+07  8.0176568035E+08
   157200 -6.9363068682E+07  8.0288987452E+08
   157300 -6.9244895023E+07  8.0300449519E+08
   157400 -6.7732194126E+07  8.0207226296E+08
   157500 -6.8910764333E+07  8.0190681833E+08
   157600 -6.8179818611E+07  8.0195081723E+08
   157700 -6.8188234373E+07  8.0160474965E+08
   157800 -6.8012393498E+07  8.0149979816E+08
   157900 -6.7849756722E+07  8.0190746655E+08
   158000 -6.7327258387E+07  8.0069765919E+08
   158100 -6.7165751519E+07  7.9950208738E+08
   158200 -6.7644544035E+07  7.9954863796E+08
   158300 -6.9046063690E+07  8.0027717420E+08
   158400 -6.6781360701E+07  8.0037021865E+08
   158500 -6.8165117877E+07  8.0177311884E+08
   158600 -6.8628071221E+07  8.0174819268E+08
   158700 -6.7114123492E+07  8.0211763796E+08
   158800 -6.8211831706E+07  8.0064860812E+08
   158900 -6.8775359059E+07  8.0176385836E+08
   159000 -6.9718548073E+07  8.0179583813E+08
