 ######
     5100 -4.1361579668E+07  6.1905359968E+09
     5200 -4.0858824026E+07  1.2159542020E+08
     5300 -4.0777856829E+07  1.2141732286E+08
     5400 -4.0782720253E+07  1.2131392124E+08
     5500 -4.1150708957E+07  1.2141478763E+08
     5600 -4.1376855023E+07  1.2133096196E+08
     5700 -4.0762218447E+07  1.2118157200E+08
     5800 -4.1421191101E+07  1.8195197875E+08
     5900 -4.7095025623E+07  1.8203724773E+08
     6000 -5.3089561352E+07  1.8212483967E+08
     6100 -5.4184340927E+07  1.8240488731E+08
     6200 -5.7398749631E+07  1.8259380894E+08
     6300 -5.7662068801E+07  1.8241852614E+08
     6400 -5.8922865727E+07  1.8260099804E+08
     6500 -5.9879503467E+07  1.8235463430E+08
     6600 -5.9647479177E+07  1.8204000387E+08
     6700 -6.1692373354E+07  1.8169488524E+08
     6800 -6.1016924443E+07  1.8217653037E+08
     6900 -6.0550088760E+07  1.8191939873E+08
     7000 -6.1704581451E+07  1.8171090162E+08
     7100 -6.1966239330E+07  1.8181090843E+08
     7200 -6.3407692682E+07  1.8184829716E+08
     7300 -6.2500911639E+07  1.8202737890E+08
     7400 -6.2300048902E+07  1.8179435508E+08
     7500 -6.3155787643E+07  1.8224231958E+08
     7600 -6.3733540401E+07  1.8249039302E+08
     7700 -6.2872160971E+07  1.8239388640E+08
     7800 -6.2704723908E+07  1.8255859850E+08
     7900 -6.1364683306E+07  1.8274350791E+08
     8000 -6.2097438080E+07  1.8271218621E+08
     8100 -6.3000753389E+07  1.8267130461E+08
     8200 -6.1944950899E+07  1.8196539535E+08
     8300 -6.4165091164E+07  1.8204075917E+08
     8400 -6.1875788316E+07  1.8182188772E+08
     8500 -6.2306573970E+07  1.8157540471E+08
     8600 -6.2633999957E+07  1.8146443216E+08
     8700 -6.2163078312E+07  1.8126496882E+08
     8800 -6.4417170111E+07  2.5343971355E+08
     8900 -6.8633420491E+07  2.5346547267E+08
     9000 -7.5360898694E+07  2.5379091296E+08
     9100 -7.8157219315E+07  2.5367653918E+08
     9200 -8.0616392470E+07  2.5348381741E+08
     9300 -8.3696075061E+07  2.5334308338E+08
     9400 -8.2880936094E+07  2.5375541486E+08
     9500 -8.4956327768E+07  2.5436809439E+08
     9600 -8.5532478140E+07  2.5417494019E+08
     9700 -8.6856496199E+07  2.5414808007E+08
     9800 -8.5735762618E+07  2.5435516115E+08
     9900 -8.9393150401E+07  2.5428770875E+08
    10000 -8.5917152450E+07  2.5420249783E+08
    10100 -8.8870585963E+07  2.5419080829E+08
    10200 -8.8054214083E+07  2.5435648815E+08
    10300 -8.9015220550E+07  2.5500537130E+08
    10400 -8.8999369359E+07  2.5473266087E+08
    10500 -8.8296443450E+07  2.5500768633E+08
    10600 -8.7820787443E+07  2.5539016770E+08
    10700 -8.8947036846E+07  2.5531394035E+08
    10800 -8.8739870198E+07  2.5512325768E+08
    10900 -8.8975441181E+07  2.5437039145E+08
    11000 -8.8170383456E+07  2.5381284322E+08
    11100 -8.9211214101E+07  2.5339572029E+08
    11200 -8.9792127608E+07  2.5393009095E+08
    11300 -8.8171108702E+07  2.5406298461E+08
    11400 -8.7469951481E+07  2.5405888673E+08
    11500 -8.8133577353E+07  2.5489812069E+08
    11600 -8.8073594950E+07  2.5525400837E+08
    11700 -9.0138598964E+07  2.5552375176E+08
    11800 -8.8684109148E+07  2.6533630570E+08
    11900 -8.9517966469E+07  2.6472356884E+08
    12000 -9.0934144301E+07  2.6490024553E+08
    12100 -9.2369191933E+07  2.6511550992E+08
    12200 -9.0887247873E+07  2.6430229164E+08
    12300 -9.1094460399E+07  2.6393205684E+08
    12400 -9.1304826459E+07  2.6447649751E+08
    12500 -9.0447619269E+07  2.6463081534E+08
    12600 -9.2327263170E+07  2.6485268714E+08
    12700 -8.9920181450E+07  2.6431158664E+08
    12800 -9.2499162727E+07  2.6431099543E+08
    12900 -9.4149196160E+07  2.6426244313E+08
    13000 -9.1230054684E+07  2.6455964695E+08
    13100 -9.0616466200E+07  2.6495231126E+08
    13200 -9.1892313531E+07  2.6427057058E+08
    13300 -9.1707834020E+07  2.6486864021E+08
    13400 -9.1963131238E+07  2.6499719422E+08
    13500 -9.0642601301E+07  2.6486690359E+08
    13600 -9.1904781021E+07  2.6419919713E+08
    13700 -9.0613001438E+07  2.6336502174E+08
    13800 -9.1859711258E+07  2.6331623131E+08
    13900 -9.2393776580E+07  2.6344834265E+08
    14000 -9.2093430099E+07  2.6372137153E+08
    14100 -9.0089033489E+07  2.6420818200E+08
    14200 -9.0961336522E+07  2.6415577628E+08
    14300 -9.0657150410E+07  2.6403836327E+08
    14400 -9.2752990607E+07  2.6451456857E+08
    14500 -9.2170330344E+07  2.6421017275E+08
    14600 -9.1589671783E+07  2.6416843043E+08
    14700 -9.3289317191E+07  2.6432352906E+08
    14800 -9.4523238427E+07  2.6427692893E+08
    14900 -9.1846556699E+07  2.6421047883E+08
    15000 -9.0794419493E+07  2.6454354062E+08
    15100 -9.2089173226E+07  2.6490909053E+08
    15200 -9.0689015424E+07  2.6445263095E+08
    15300 -9.1623758997E+07  2.6436848090E+08
    15400 -9.1489254838E+07  2.6421530961E+08
    15500 -9.1200097688E+07  2.6389122548E+08
    15600 -9.0486193019E+07  2.6352821122E+08
    15700 -9.3375772970E+07  2.6323953155E+08
    15800 -9.1001335090E+07  2.6340267055E+08
    15900 -9.1064134070E+07  2.6392948988E+08
    16000 -9.2825707898E+07  2.6412582716E+08
    16100 -9.2560752705E+07  2.6398674221E+08
    16200 -9.2390358246E+07  2.6362639237E+08
    16300 -9.3361772169E+07  2.6339891968E+08
    16400 -9.1192739777E+07  2.6324809368E+08
    16500 -9.1682129373E+07  2.6333767140E+08
    16600 -9.1534836567E+07  2.6328805802E+08
    16700 -9.3466275617E+07  2.6297040266E+08
    16800 -9.2594027582E+07  2.6302235238E+08
    16900 -9.2442749061E+07  2.6328635453E+08
    17000 -9.1791459887E+07  2.6313337822E+08
    17100 -9.3049719519E+07  2.6323346802E+08
    17200 -9.3612631547E+07  2.6325852341E+08
    17300 -9.2391643066E+07  2.6336160357E+08
    17400 -9.2248120540E+07  2.6340479473E+08
    17500 -9.2561848110E+07  2.6353985335E+08
    17600 -9.1907501295E+07  2.6352676267E+08
    17700 -9.2493974069E+07  2.6391373623E+08
    17800 -9.3067096068E+07  2.6435434396E+08
    17900 -9.0674053549E+07  2.6420518926E+08
    18000 -9.0850792438E+07  2.6400162343E+08
    18100 -9.2005867507E+07  2.6385543469E+08
    18200 -9.1604651394E+07  2.6351970393E+08
    18300 -9.3197064724E+07  2.6358175441E+08
    18400 -9.2944614693E+07  2.6390207871E+08
    18500 -9.1318490096E+07  2.6390159040E+08
    18600 -9.1670855479E+07  2.6330713159E+08
    18700 -9.1313160394E+07  2.6307216549E+08
    18800 -9.2853346763E+07  2.6336493407E+08
    18900 -9.1497613658E+07  2.6378256340E+08
    19000 -9.1108763811E+07  2.6409628116E+08
    19100 -9.3100278014E+07  2.6393360765E+08
    19200 -9.1846804526E+07  2.6367522481E+08
    19300 -9.2503974221E+07  2.6396520279E+08
    19400 -9.3316965593E+07  2.6387073401E+08
    19500 -9.3738246678E+07  2.6393822417E+08
    19600 -9.2702909093E+07  2.6396906423E+08
    19700 -9.2194109939E+07  2.6422722017E+08
    19800 -9.1955568115E+07  2.6418612365E+08
    19900 -9.3453731885E+07  2.6419104076E+08
    20000 -9.1723370926E+07  2.6424178296E+08
    20100 -9.3260842179E+07  2.6426119773E+08
    20200 -9.1781711686E+07  2.6440253006E+08
    20300 -9.3608021386E+07  2.6427618620E+08
    20400 -9.3054937791E+07  2.6408347294E+08
    20500 -9.0766038125E+07  2.6361298116E+08
    20600 -9.1448420024E+07  2.6328453615E+08
    20700 -9.1127782614E+07  2.6310530714E+08
    20800 -9.1794713643E+07  2.6321415618E+08
    20900 -9.2307038789E+07  2.6298619138E+08
    21000 -9.1036953515E+07  2.6299565927E+08
    21100 -9.3955059991E+07  2.6287701439E+08
    21200 -9.4327193399E+07  2.6282207634E+08
    21300 -9.1168169094E+07  2.6288300012E+08
    21400 -9.1604459431E+07  2.6265991248E+08
    21500 -9.0393286945E+07  2.6286082773E+08
    21600 -9.1231262279E+07  2.6293015483E+08
    21700 -9.2848988983E+07  2.6301539464E+08
    21800 -9.1953519778E+07  2.6328982838E+08
    21900 -9.1636846186E+07  2.6371929259E+08
    22000 -9.0595807733E+07  2.6359827681E+08
    22100 -9.2613877047E+07  2.6373069603E+08
    22200 -9.2014152190E+07  2.6399927519E+08
    22300 -9.4316789566E+07  2.6350522294E+08
    22400 -9.1156891727E+07  2.6322430116E+08
    22500 -9.1529174258E+07  2.6308690659E+08
    22600 -8.8748936208E+07  2.6310208123E+08
    22700 -9.1065388092E+07  2.6318558652E+08
    22800 -9.1302615702E+07  2.6329232244E+08
    22900 -9.0450166695E+07  2.6312291959E+08
    23000 -9.0243722772E+07  2.6291983452E+08
    23100 -9.1553780004E+07  2.6295126791E+08
    23200 -9.2135921190E+07  2.6275168506E+08
    23300 -9.0892466951E+07  2.6227898009E+08
    23400 -9.1572819150E+07  2.6249112243E+08
    23500 -9.2851074296E+07  2.6275755721E+08
    23600 -9.3219821964E+07  2.6271841496E+08
    23700 -9.3743024277E+07  2.6263832184E+08
    23800 -9.0931188451E+07  2.6250011194E+08
    23900 -9.2126817405E+07  2.6267864643E+08
    24000 -9.1205355413E+07  2.6265682116E+08
    24100 -9.1460660522E+07  2.6266500132E+08
    24200 -9.1476747660E+07  2.6287941678E+08
    24300 -9.0427938257E+07  2.6286232976E+08
    24400 -9.1178854129E+07  2.6316000001E+08
    24500 -9.0117340480E+07  2.6343833667E+08
    24600 -9.2353740316E+07  2.6349882735E+08
    24700 -9.2194051995E+07  2.6350439264E+08
    24800 -9.2807992589E+07  2.6356700918E+08
    24900 -9.2125491109E+07  2.6344908693E+08
    25000 -9.1736616095E+07  2.6343360049E+08
    25100 -9.3381909004E+07  2.6335921371E+08
    25200 -9.2021566809E+07  2.6304987575E+08
    25300 -9.1506142298E+07  2.6317780653E+08
    25400 -9.2934904614E+07  2.6316985686E+08
    25500 -9.2024649423E+07  2.6350844239E+08
    25600 -9.1134022287E+07  2.6345145472E+08
    25700 -9.3528716311E+07  2.6328296913E+08
    25800 -9.1040795378E+07  2.6312405844E+08
    25900 -8.9440677428E+07  2.6284634147E+08
    26000 -8.9357609585E+07  2.6263191941E+08
    26100 -9.4014097094E+07  2.6269160894E+08
    26200 -9.1397440549E+07  2.6285856270E+08
    26300 -9.1718710153E+07  2.6332904891E+08
    26400 -9.2011942621E+07  2.6330388544E+08
    26500 -9.1108034005E+07  2.6336604382E+08
    26600 -9.1315265505E+07  2.6367014904E+08
    26700 -9.2364098300E+07  2.6357360231E+08
    26800 -9.0239074212E+07  2.6356775761E+08
    26900 -9.1663018686E+07  2.6378869980E+08
    27000 -9.2201377851E+07  2.6370496930E+08
    27100 -9.1813443900E+07  2.6362560861E+08
    27200 -9.1394395951E+07  2.6343261050E+08
    27300 -9.2062564121E+07  2.6349111023E+08
