 ######
    13900 -5.0981183715E+07  8.3006694555E+08
    14000 -5.1092120837E+07  8.3093330113E+08
    14100 -5.1582421466E+07  8.3261252449E+08
    14200 -5.1798181650E+07  8.3310168318E+08
    14300 -5.1593130862E+07  8.3386784546E+08
    14400 -5.1402924748E+07  8.3451865399E+08
    14500 -5.1588421813E+07  8.3506445119E+08
    14600 -5.1761373320E+07  8.3674978257E+08
    14700 -5.1493010813E+07  8.3605789959E+08
    14800 -5.2039821441E+07  8.3494515911E+08
    14900 -5.1506616110E+07  8.3455557436E+08
    15000 -5.1548132383E+07  8.3474080152E+08
    15100 -5.1479751231E+07  8.3428792093E+08
    15200 -5.1084121337E+07  8.3368985363E+08
    15300 -5.1647731333E+07  8.3362788890E+08
    15400 -5.1380065990E+07  8.3341372037E+08
    15500 -5.1914107853E+07  8.3378032697E+08
    15600 -5.1539909016E+07  8.3324617961E+08
    15700 -5.1488550122E+07  8.3341350686E+08
    15800 -5.1235040096E+07  8.3272001327E+08
    15900 -5.1933609535E+07  8.3254176867E+08
    16000 -5.1794419279E+07  8.3191484899E+08
    16100 -5.1288036925E+07  8.3179618962E+08
    16200 -5.1178824229E+07  8.3205301218E+08
    16300 -5.1679469705E+07  8.3298915454E+08
    16400 -5.1270193991E+07  8.3317323551E+08
    16500 -5.1428526900E+07  8.3253979240E+08
    16600 -5.1689169663E+07  8.3320600442E+08
    16700 -5.1422657318E+07  8.3336645098E+08
    16800 -5.1725952206E+07  8.3365861728E+08
    16900 -5.1896036416E+07  8.3329967227E+08
    17000 -5.1534615119E+07  8.3338016445E+08
    17100 -5.1420989138E+07  8.3416374092E+08
    17200 -5.0879888247E+07  8.3365950378E+08
    17300 -5.1624388411E+07  8.3409155996E+08
    17400 -5.1475364565E+07  8.3480421149E+08
    17500 -5.1429327222E+07  8.3473339201E+08
    17600 -5.1509902856E+07  8.3574337637E+08
    17700 -5.1544191015E+07  8.3542855149E+08
    17800 -5.1336250884E+07  8.3539348507E+08
    17900 -5.1573056295E+07  8.3548289047E+08
    18000 -5.1806811000E+07  8.3572965233E+08
    18100 -5.2126848414E+07  8.3619325564E+08
    18200 -5.1885015927E+07  8.3552312411E+08
    18300 -5.1570102388E+07  8.3485559241E+08
    18400 -5.1278832412E+07  8.3389152973E+08
    18500 -5.1559890491E+07  8.3301813093E+08
    18600 -5.1660065734E+07  8.3264350902E+08
    18700 -5.1478405561E+07  8.3282112997E+08
    18800 -5.1573024658E+07  8.3243156455E+08
    18900 -5.0958491947E+07  8.3238665031E+08
    19000 -5.1291741740E+07  8.3161421712E+08
    19100 -5.1517630890E+07  8.3116143811E+08
    19200 -5.1404620147E+07  8.3095703248E+08
    19300 -5.1185537677E+07  8.3084680829E+08
    19400 -5.1200535191E+07  8.3137393337E+08
    19500 -5.1799927940E+07  8.3084357395E+08
    19600 -5.1700520820E+07  8.3052574258E+08
    19700 -5.1935851449E+07  8.3086276018E+08
    19800 -5.1698595570E+07  8.3262900866E+08
    19900 -5.1166559013E+07  8.3238634566E+08
    20000 -5.1394885716E+07  8.3175587761E+08
    20100 -5.1575767167E+07  8.3227496888E+08
    20200 -5.1359423530E+07  8.3316779953E+08
    20300 -5.1409856819E+07  8.3412134551E+08
    20400 -5.1412660368E+07  8.3430526366E+08
    20500 -5.1768427610E+07  8.3458426970E+08
    20600 -5.2191319212E+07  8.3535708146E+08
    20700 -5.1153497012E+07  8.3550701428E+08
    20800 -5.1548510421E+07  8.3581393932E+08
    20900 -5.1967346465E+07  8.3626987431E+08
    21000 -5.2050017732E+07  8.3571189637E+08
    21100 -5.1737100893E+07  8.3570518477E+08
    21200 -5.1765884539E+07  8.3525692711E+08
    21300 -5.2204480154E+07  8.3535548669E+08
    21400 -5.2141589861E+07  8.3644021453E+08
    21500 -5.1866279919E+07  8.3598161160E+08
    21600 -5.1767998323E+07  8.3499284559E+08
    21700 -5.1490046602E+07  8.3603785156E+08
