 ######
     5100 -3.2781887801E+07  3.6919970435E+09
     5200 -3.3609496024E+07  7.2622960861E+07
     5300 -3.3166961928E+07  7.2722569843E+07
     5400 -3.3608595360E+07  7.2616361040E+07
     5500 -3.3225846796E+07  7.2437049018E+07
     5600 -3.3955125444E+07  7.2204937297E+07
     5700 -3.3418325191E+07  7.2250185843E+07
     5800 -3.3127283349E+07  7.2334568638E+07
     5900 -3.3177296216E+07  7.2444270395E+07
     6000 -3.2353557863E+07  7.2382672422E+07
     6100 -3.3417795956E+07  7.2234315181E+07
     6200 -3.3297836435E+07  7.2334503336E+07
     6300 -3.4003929116E+07  7.2339325118E+07
     6400 -3.2949508348E+07  7.2357141660E+07
     6500 -3.3177409983E+07  7.2224227063E+07
     6600 -3.4950868881E+07  1.0831065801E+08
     6700 -4.0818471084E+07  1.0809586927E+08
     6800 -4.4775856257E+07  1.0816100409E+08
     6900 -4.6759768495E+07  1.0812784411E+08
     7000 -4.8593149478E+07  1.0832037954E+08
     7100 -4.9349964550E+07  1.0861152142E+08
     7200 -4.9386035324E+07  1.0863746982E+08
     7300 -4.9124031028E+07  1.0865798546E+08
     7400 -4.9941439715E+07  1.0867117648E+08
     7500 -4.9810655347E+07  1.0888592763E+08
     7600 -5.0418390335E+07  1.0895341169E+08
     7700 -5.0800571003E+07  1.0902093015E+08
     7800 -5.0307117709E+07  1.0881827862E+08
     7900 -5.0445398500E+07  1.0880355774E+08
     8000 -5.0804680701E+07  1.0883280417E+08
     8100 -5.0302768613E+07  1.0884412934E+08
     8200 -4.9608983380E+07  1.0888642916E+08
     8300 -5.0579989579E+07  1.0878071028E+08
     8400 -5.0200745095E+07  1.0862082307E+08
     8500 -5.1096115442E+07  1.0855868992E+08
     8600 -4.9934521057E+07  1.0843993293E+08
     8700 -4.9731895205E+07  1.0852230310E+08
     8800 -4.9429718943E+07  1.0850311071E+08
     8900 -5.0684007953E+07  1.0852357886E+08
     9000 -4.9934826459E+07  1.0855356952E+08
     9100 -5.0309298023E+07  1.0856147926E+08
     9200 -5.0050489007E+07  1.0844027326E+08
     9300 -4.9482572383E+07  1.0849545233E+08
     9400 -5.0685663899E+07  1.0871333561E+08
     9500 -5.0083692964E+07  1.0891835867E+08
     9600 -5.1178779873E+07  1.3780205501E+08
     9700 -5.7857067615E+07  1.3766971029E+08
     9800 -5.9533308325E+07  1.3752603349E+08
     9900 -6.0868230166E+07  1.3776893724E+08
    10000 -6.1912304090E+07  1.3786301338E+08
    10100 -6.1707252731E+07  1.3794321828E+08
    10200 -6.3252228676E+07  1.3768411014E+08
    10300 -6.2804349808E+07  1.3764476663E+08
    10400 -6.3519841094E+07  1.3764745006E+08
    10500 -6.4000899589E+07  1.3765872969E+08
    10600 -6.3354402928E+07  1.3780535826E+08
    10700 -6.3831724944E+07  1.3800428875E+08
    10800 -6.3599988802E+07  1.3809363250E+08
    10900 -6.4384522178E+07  1.3831470221E+08
    11000 -6.4286766856E+07  1.3829974340E+08
    11100 -6.3772456828E+07  1.3820928537E+08
    11200 -6.3447062126E+07  1.3836622563E+08
    11300 -6.4367383593E+07  1.3833131789E+08
    11400 -6.4175203366E+07  1.3843235610E+08
    11500 -6.3503774095E+07  1.3818044379E+08
    11600 -6.4065058206E+07  1.3814591882E+08
    11700 -6.3855716216E+07  1.3811056068E+08
    11800 -6.4641125869E+07  1.3805216888E+08
    11900 -6.3639792676E+07  1.3804017328E+08
    12000 -6.4553483864E+07  1.3841254190E+08
    12100 -6.3499779061E+07  1.3840370101E+08
    12200 -6.3982789457E+07  1.3832137214E+08
    12300 -6.4187664036E+07  1.3859866023E+08
    12400 -6.3784015575E+07  1.3868622938E+08
    12500 -6.3982475841E+07  1.3847688267E+08
    12600 -6.4717298777E+07  1.5248394248E+08
    12700 -6.6909700377E+07  1.5240465342E+08
    12800 -6.8914105880E+07  1.5259362274E+08
    12900 -6.8447258178E+07  1.5256677324E+08
    13000 -6.9038739253E+07  1.5225765447E+08
    13100 -6.8963887994E+07  1.5170762538E+08
    13200 -6.9932177841E+07  1.5148835269E+08
    13300 -7.0403862350E+07  1.5169728410E+08
    13400 -6.9711048293E+07  1.5200870377E+08
    13500 -6.8956832065E+07  1.5180116633E+08
    13600 -7.0689734359E+07  1.5175655120E+08
    13700 -6.9961275859E+07  1.5173593275E+08
    13800 -7.0149041196E+07  1.5160888126E+08
    13900 -6.9917513604E+07  1.5164888277E+08
    14000 -7.0405332394E+07  1.5168974303E+08
    14100 -7.0628571263E+07  1.5175610705E+08
    14200 -7.0249828471E+07  1.5193727631E+08
    14300 -7.0769325699E+07  1.5169274518E+08
    14400 -7.1207682485E+07  1.5178287075E+08
    14500 -7.0928491379E+07  1.5183425858E+08
    14600 -7.0211611748E+07  1.5176758775E+08
    14700 -7.0853636872E+07  1.5192224565E+08
    14800 -7.0710505451E+07  1.5206268384E+08
    14900 -7.0298345138E+07  1.5232238016E+08
    15000 -6.9804862545E+07  1.5239943484E+08
    15100 -6.9327699157E+07  1.5218530787E+08
    15200 -6.9972587450E+07  1.5179322245E+08
    15300 -7.0045317218E+07  1.5172682062E+08
    15400 -7.0781735429E+07  1.5178679794E+08
    15500 -6.9974813847E+07  1.5161148110E+08
    15600 -7.0277800970E+07  1.5856600471E+08
    15700 -7.1111465301E+07  1.5891043630E+08
    15800 -7.2479216551E+07  1.5919401377E+08
    15900 -7.2328275704E+07  1.5936532122E+08
    16000 -7.2783655178E+07  1.5952483195E+08
    16100 -7.3439637389E+07  1.5948360254E+08
    16200 -7.4049300669E+07  1.5923196254E+08
    16300 -7.3574354844E+07  1.5886035267E+08
    16400 -7.3964319693E+07  1.5868294562E+08
    16500 -7.2959525408E+07  1.5830881002E+08
    16600 -7.2830548703E+07  1.5802977113E+08
