 ######
    15100 -9.2089173226E+07  2.6490909053E+08
    15200 -9.0689015424E+07  2.6445263095E+08
    15300 -9.1623758997E+07  2.6436848090E+08
    15400 -9.1489254838E+07  2.6421530961E+08
    15500 -9.1200097688E+07  2.6389122548E+08
    15600 -9.0486193019E+07  2.6352821122E+08
    15700 -9.3375772970E+07  2.6323953155E+08
    15800 -9.1001335090E+07  2.6340267055E+08
    15900 -9.1064134070E+07  2.6392948988E+08
    16000 -9.2825707898E+07  2.6412582716E+08
    16100 -9.2560752705E+07  2.6398674221E+08
    16200 -9.2390358246E+07  2.6362639237E+08
    16300 -9.3361772169E+07  2.6339891968E+08
    16400 -9.1192739777E+07  2.6324809368E+08
    16500 -9.1682129373E+07  2.6333767140E+08
    16600 -9.1534836567E+07  2.6328805802E+08
    16700 -9.3466275617E+07  2.6297040266E+08
    16800 -9.2594027582E+07  2.6302235238E+08
    16900 -9.2442749061E+07  2.6328635453E+08
    17000 -9.1791459887E+07  2.6313337822E+08
    17100 -9.3049719519E+07  2.6323346802E+08
    17200 -9.3612631547E+07  2.6325852341E+08
    17300 -9.2391643066E+07  2.6336160357E+08
    17400 -9.2248120540E+07  2.6340479473E+08
    17500 -9.2561848110E+07  2.6353985335E+08
    17600 -9.1907501295E+07  2.6352676267E+08
    17700 -9.2493974069E+07  2.6391373623E+08
    17800 -9.3067096068E+07  2.6435434396E+08
    17900 -9.0674053549E+07  2.6420518926E+08
    18000 -9.0850792438E+07  2.6400162343E+08
    18100 -9.2005867507E+07  2.6385543469E+08
    18200 -9.1604651394E+07  2.6351970393E+08
    18300 -9.3197064724E+07  2.6358175441E+08
    18400 -9.2944614693E+07  2.6390207871E+08
    18500 -9.1318490096E+07  2.6390159040E+08
    18600 -9.1670855479E+07  2.6330713159E+08
    18700 -9.1313160394E+07  2.6307216549E+08
    18800 -9.2853346763E+07  2.6336493407E+08
    18900 -9.1497613658E+07  2.6378256340E+08
    19000 -9.1108763811E+07  2.6409628116E+08
    19100 -9.3100278014E+07  2.6393360765E+08
    19200 -9.1846804526E+07  2.6367522481E+08
    19300 -9.2503974221E+07  2.6396520279E+08
    19400 -9.3316965593E+07  2.6387073401E+08
    19500 -9.3738246678E+07  2.6393822417E+08
    19600 -9.2702909093E+07  2.6396906423E+08
    19700 -9.2194109939E+07  2.6422722017E+08
    19800 -9.1955568115E+07  2.6418612365E+08
    19900 -9.3453731885E+07  2.6419104076E+08
    20000 -9.1723370926E+07  2.6424178296E+08
    20100 -9.3260842179E+07  2.6426119773E+08
    20200 -9.1781711686E+07  2.6440253006E+08
    20300 -9.3608021386E+07  2.6427618620E+08
    20400 -9.3054937791E+07  2.6408347294E+08
    20500 -9.0766038125E+07  2.6361298116E+08
    20600 -9.1448420024E+07  2.6328453615E+08
    20700 -9.1127782614E+07  2.6310530714E+08
    20800 -9.1794713643E+07  2.6321415618E+08
    20900 -9.2307038789E+07  2.6298619138E+08
    21000 -9.1036953515E+07  2.6299565927E+08
    21100 -9.3955059991E+07  2.6287701439E+08
    21200 -9.4327193399E+07  2.6282207634E+08
    21300 -9.1168169094E+07  2.6288300012E+08
    21400 -9.1604459431E+07  2.6265991248E+08
    21500 -9.0393286945E+07  2.6286082773E+08
    21600 -9.1231262279E+07  2.6293015483E+08
    21700 -9.2848988983E+07  2.6301539464E+08
    21800 -9.1953519778E+07  2.6328982838E+08
    21900 -9.1636846186E+07  2.6371929259E+08
    22000 -9.0595807733E+07  2.6359827681E+08
    22100 -9.2613877047E+07  2.6373069603E+08
    22200 -9.2014152190E+07  2.6399927519E+08
    22300 -9.4316789566E+07  2.6350522294E+08
    22400 -9.1156891727E+07  2.6322430116E+08
    22500 -9.1529174258E+07  2.6308690659E+08
    22600 -8.8748936208E+07  2.6310208123E+08
    22700 -9.1065388092E+07  2.6318558652E+08
    22800 -9.1302615702E+07  2.6329232244E+08
    22900 -9.0450166695E+07  2.6312291959E+08
    23000 -9.0243722772E+07  2.6291983452E+08
    23100 -9.1553780004E+07  2.6295126791E+08
    23200 -9.2135921190E+07  2.6275168506E+08
    23300 -9.0892466951E+07  2.6227898009E+08
    23400 -9.1572819150E+07  2.6249112243E+08
    23500 -9.2851074296E+07  2.6275755721E+08
    23600 -9.3219821964E+07  2.6271841496E+08
    23700 -9.3743024277E+07  2.6263832184E+08
    23800 -9.0931188451E+07  2.6250011194E+08
    23900 -9.2126817405E+07  2.6267864643E+08
    24000 -9.1205355413E+07  2.6265682116E+08
    24100 -9.1460660522E+07  2.6266500132E+08
    24200 -9.1476747660E+07  2.6287941678E+08
    24300 -9.0427938257E+07  2.6286232976E+08
    24400 -9.1178854129E+07  2.6316000001E+08
    24500 -9.0117340480E+07  2.6343833667E+08
    24600 -9.2353740316E+07  2.6349882735E+08
    24700 -9.2194051995E+07  2.6350439264E+08
    24800 -9.2807992589E+07  2.6356700918E+08
    24900 -9.2125491109E+07  2.6344908693E+08
    25000 -9.1736616095E+07  2.6343360049E+08
    25100 -9.3381909004E+07  2.6335921371E+08
    25200 -9.2021566809E+07  2.6304987575E+08
    25300 -9.1506142298E+07  2.6317780653E+08
    25400 -9.2934904614E+07  2.6316985686E+08
    25500 -9.2024649423E+07  2.6350844239E+08
    25600 -9.1134022287E+07  2.6345145472E+08
    25700 -9.3528716311E+07  2.6328296913E+08
    25800 -9.1040795378E+07  2.6312405844E+08
    25900 -8.9440677428E+07  2.6284634147E+08
    26000 -8.9357609585E+07  2.6263191941E+08
    26100 -9.4014097094E+07  2.6269160894E+08
    26200 -9.1397440549E+07  2.6285856270E+08
    26300 -9.1718710153E+07  2.6332904891E+08
    26400 -9.2011942621E+07  2.6330388544E+08
    26500 -9.1108034005E+07  2.6336604382E+08
    26600 -9.1315265505E+07  2.6367014904E+08
    26700 -9.2364098300E+07  2.6357360231E+08
    26800 -9.0239074212E+07  2.6356775761E+08
    26900 -9.1663018686E+07  2.6378869980E+08
    27000 -9.2201377851E+07  2.6370496930E+08
    27100 -9.1813443900E+07  2.6362560861E+08
    27200 -9.1394395951E+07  2.6343261050E+08
    27300 -9.2062564121E+07  2.6349111023E+08
