 ######
     5100 -2.8016170817E+07  1.0311075304E+09
     5200 -2.9966229041E+07  3.0125027905E+07
     5300 -3.6675047206E+07  3.0084627462E+07
     5400 -4.0238205792E+07  3.0090596763E+07
     5500 -4.1445343436E+07  3.0136876473E+07
     5600 -4.2692954326E+07  3.0106348525E+07
     5700 -4.3440083087E+07  3.0138161223E+07
     5800 -4.3887948558E+07  3.0150152671E+07
     5900 -4.2833770105E+07  3.0151262438E+07
     6000 -4.3323194070E+07  3.0239209419E+07
     6100 -4.3131908921E+07  3.0295380432E+07
     6200 -4.4991298539E+07  3.0255498017E+07
     6300 -4.4044160145E+07  3.0226209576E+07
     6400 -4.4214425273E+07  3.0273841284E+07
     6500 -4.2888447943E+07  3.0291894264E+07
     6600 -4.2008026089E+07  3.0307541232E+07
     6700 -4.3676704553E+07  3.0383930966E+07
     6800 -4.3549237382E+07  3.0423205317E+07
     6900 -4.4435367901E+07  3.0417440327E+07
     7000 -4.5626395065E+07  3.0422141768E+07
     7100 -4.4102247009E+07  3.0324537285E+07
     7200 -4.3734983471E+07  3.0296680892E+07
     7300 -4.2692555448E+07  3.0329425369E+07
     7400 -4.2778128476E+07  3.0273403587E+07
     7500 -4.2630063136E+07  3.0231281311E+07
     7600 -4.3469301822E+07  3.0246568103E+07
     7700 -4.2509365913E+07  3.0211020027E+07
     7800 -4.3692453604E+07  3.0277074317E+07
     7900 -4.3325613848E+07  3.0326492515E+07
     8000 -4.3480885997E+07  3.0337314718E+07
     8100 -4.4095721787E+07  3.0284687747E+07
     8200 -4.5299909784E+07  4.4475085482E+07
     8300 -5.4295104488E+07  4.4506245851E+07
     8400 -5.9285119524E+07  4.4532002118E+07
     8500 -6.2380538337E+07  4.4439332827E+07
     8600 -6.1807193828E+07  4.4442862091E+07
     8700 -6.2717088658E+07  4.4363211284E+07
     8800 -6.3573568146E+07  4.4305809866E+07
     8900 -6.5656111414E+07  4.4286993522E+07
     9000 -6.3224653275E+07  4.4305309059E+07
     9100 -6.4059349664E+07  4.4399049185E+07
     9200 -6.3438181877E+07  4.4357718764E+07
     9300 -6.4236959917E+07  4.4289283040E+07
     9400 -6.3661602026E+07  4.4362099832E+07
     9500 -6.5655048733E+07  4.4363345433E+07
     9600 -6.4217802680E+07  4.4366007056E+07
     9700 -6.5522996788E+07  4.4375491356E+07
     9800 -6.3941166775E+07  4.4449586294E+07
     9900 -6.2790399771E+07  4.4505113055E+07
    10000 -6.5866313692E+07  4.4568258558E+07
    10100 -6.3747619468E+07  4.4546522916E+07
    10200 -6.4936902454E+07  4.4501433878E+07
    10300 -6.5284116367E+07  4.4500341870E+07
    10400 -6.3979527056E+07  4.4516497203E+07
    10500 -6.3539382090E+07  4.4602676571E+07
    10600 -6.3819839397E+07  4.4562726260E+07
    10700 -6.4610501471E+07  4.4502759026E+07
    10800 -6.3472100759E+07  4.4435345069E+07
    10900 -6.2701841224E+07  4.4354005744E+07
    11000 -6.3454443003E+07  4.4341190443E+07
    11100 -6.3480657667E+07  4.4374387264E+07
    11200 -6.3816902792E+07  5.1378704121E+07
    11300 -6.8136754950E+07  5.1299081562E+07
    11400 -7.0969181888E+07  5.1156666669E+07
    11500 -7.2414814382E+07  5.1226988139E+07
    11600 -7.2391229575E+07  5.1142264397E+07
    11700 -7.4079319520E+07  5.1227064015E+07
    11800 -7.3737080089E+07  5.1422244058E+07
    11900 -7.4411282789E+07  5.1374689777E+07
    12000 -7.3968253002E+07  5.1452893112E+07
    12100 -7.5103928073E+07  5.1513561883E+07
    12200 -7.4292324578E+07  5.1613128218E+07
    12300 -7.5399814952E+07  5.1585778096E+07
    12400 -7.5189971273E+07  5.1512679856E+07
