 ######
    35100 -1.7602074354E+08  1.4031875028E+10
    35200 -1.7604739391E+08  1.4036678045E+10
    35300 -1.7588397968E+08  1.4037037188E+10
    35400 -1.7626246606E+08  1.4034088242E+10
    35500 -1.7632512068E+08  1.4030009448E+10
    35600 -1.7603897633E+08  1.4023885227E+10
    35700 -1.7552544570E+08  1.4039376915E+10
    35800 -1.7543417220E+08  1.4054356392E+10
    35900 -1.7597653006E+08  1.4048705130E+10
    36000 -1.7608232171E+08  1.4061680176E+10
    36100 -1.7563753109E+08  1.4053414193E+10
    36200 -1.7574479410E+08  1.4032246210E+10
    36300 -1.7554685877E+08  1.4024857745E+10
    36400 -1.7545076883E+08  1.4016643531E+10
    36500 -1.7563492553E+08  1.4022028503E+10
    36600 -1.7559436034E+08  1.4036977000E+10
    36700 -1.7592549460E+08  1.4042507522E+10
    36800 -1.7582144094E+08  1.4045836864E+10
    36900 -1.7602408157E+08  1.4050619331E+10
    37000 -1.7596781771E+08  1.4048923517E+10
    37100 -1.7587638123E+08  1.4066636260E+10
    37200 -1.7598123069E+08  1.4061382521E+10
    37300 -1.7584718271E+08  1.4040075497E+10
    37400 -1.7571721780E+08  1.4047250622E+10
    37500 -1.7580001628E+08  1.4017296243E+10
    37600 -1.7559541283E+08  1.3993390549E+10
    37700 -1.7553166387E+08  1.3980651149E+10
    37800 -1.7556278592E+08  1.3958281866E+10
    37900 -1.7532962069E+08  1.3964419022E+10
    38000 -1.7490587049E+08  1.3980645514E+10
    38100 -1.7511884630E+08  1.3992876242E+10
    38200 -1.7507013593E+08  1.3998113823E+10
    38300 -1.7512921116E+08  1.3993594662E+10
    38400 -1.7539343609E+08  1.3989631090E+10
    38500 -1.7503766968E+08  1.3986023909E+10
    38600 -1.7490331984E+08  1.3979245846E+10
    38700 -1.7438573031E+08  1.3986251949E+10
    38800 -1.7453024666E+08  1.3994407650E+10
    38900 -1.7426908699E+08  1.3987520667E+10
    39000 -1.7412609224E+08  1.3973971544E+10
    39100 -1.7457706415E+08  1.3948831528E+10
    39200 -1.7462597819E+08  1.3965643714E+10
    39300 -1.7478977972E+08  1.3980166515E+10
    39400 -1.7480828015E+08  1.3988414895E+10
    39500 -1.7498352539E+08  1.4002244656E+10
    39600 -1.7511261238E+08  1.4007525782E+10
    39700 -1.7550690955E+08  1.4004100613E+10
    39800 -1.7526821602E+08  1.3997562816E+10
    39900 -1.7490227473E+08  1.4001944489E+10
    40000 -1.7497968950E+08  1.3998289917E+10
    40100 -1.7518849683E+08  1.3977310546E+10
    40200 -1.7473882072E+08  1.3975253922E+10
    40300 -1.7477933356E+08  1.4003711328E+10
    40400 -1.7487854176E+08  1.4018694005E+10
    40500 -1.7448641919E+08  1.4018180124E+10
    40600 -1.7512688544E+08  1.4013259855E+10
    40700 -1.7569840512E+08  1.4005628063E+10
    40800 -1.7466215135E+08  1.4003588844E+10
    40900 -1.7542136858E+08  1.4010525999E+10
    41000 -1.7573098412E+08  1.4015919459E+10
    41100 -1.7549276749E+08  1.4021064217E+10
    41200 -1.7592606637E+08  1.4039592262E+10
    41300 -1.7532198040E+08  1.4035417419E+10
    41400 -1.7570376515E+08  1.4043343151E+10
    41500 -1.7603559568E+08  1.4029622580E+10
    41600 -1.7563513490E+08  1.4009660638E+10
    41700 -1.7559863214E+08  1.4000952948E+10
    41800 -1.7568872153E+08  1.4014965878E+10
    41900 -1.7540401744E+08  1.4016019723E+10
    42000 -1.7575062689E+08  1.4045811875E+10
    42100 -1.7604552221E+08  1.4034463860E+10
    42200 -1.7562054122E+08  1.4029537743E+10
    42300 -1.7527989505E+08  1.4028183509E+10
    42400 -1.7515862357E+08  1.4018956876E+10
    42500 -1.7510302955E+08  1.4002250375E+10
    42600 -1.7502481814E+08  1.4014752367E+10
    42700 -1.7524113200E+08  1.4024242117E+10
    42800 -1.7501272018E+08  1.4029790424E+10
    42900 -1.7523367235E+08  1.4018341201E+10
    43000 -1.7583867606E+08  1.4024952478E+10
    43100 -1.7559938851E+08  1.4026618674E+10
    43200 -1.7503570738E+08  1.4023674898E+10
    43300 -1.7561390785E+08  1.4046278995E+10
    43400 -1.7544750652E+08  1.4052565971E+10
    43500 -1.7513062143E+08  1.4046914312E+10
    43600 -1.7494202727E+08  1.4025440944E+10
    43700 -1.7500569618E+08  1.4031784197E+10
    43800 -1.7574220553E+08  1.4032006481E+10
    43900 -1.7538544315E+08  1.4044886248E+10
    44000 -1.7564299623E+08  1.4073393952E+10
    44100 -1.7561513060E+08  1.4072916760E+10
    44200 -1.7573760162E+08  1.4069990820E+10
    44300 -1.7564196177E+08  1.4046055324E+10
    44400 -1.7608094154E+08  1.4028661331E+10
    44500 -1.7576764900E+08  1.4016907765E+10
    44600 -1.7520591601E+08  1.4007383879E+10
    44700 -1.7546215041E+08  1.3977278773E+10
    44800 -1.7494712695E+08  1.3965522609E+10
    44900 -1.7526085409E+08  1.3972619079E+10
    45000 -1.7530403963E+08  1.3988193651E+10
    45100 -1.7515266568E+08  1.3987505209E+10
    45200 -1.7518515168E+08  1.4004975545E+10
    45300 -1.7493953681E+08  1.4011402625E+10
    45400 -1.7518484600E+08  1.4022930595E+10
    45500 -1.7548188899E+08  1.4052098458E+10
    45600 -1.7552517729E+08  1.4070369507E+10
    45700 -1.7576905550E+08  1.4074161486E+10
    45800 -1.7598430176E+08  1.4076649961E+10
    45900 -1.7585345621E+08  1.4092378248E+10
    46000 -1.7617767944E+08  1.4095202708E+10
    46100 -1.7591255294E+08  1.4077034254E+10
    46200 -1.7598005546E+08  1.4065579734E+10
    46300 -1.7545231491E+08  1.4051651005E+10
    46400 -1.7583328334E+08  1.4052400292E+10
    46500 -1.7599831171E+08  1.4042755980E+10
    46600 -1.7611779515E+08  1.4031162336E+10
    46700 -1.7617434422E+08  1.4045488678E+10
    46800 -1.7569156568E+08  1.4036806436E+10
    46900 -1.7548469115E+08  1.4047364698E+10
    47000 -1.7565204486E+08  1.4044344509E+10
    47100 -1.7532895090E+08  1.4046540652E+10
    47200 -1.7609863319E+08  1.4036748292E+10
    47300 -1.7590466912E+08  1.4043088479E+10
    47400 -1.7584587660E+08  1.4043492964E+10
    47500 -1.7556466081E+08  1.4058478853E+10
    47600 -1.7569466565E+08  1.4073390658E+10
    47700 -1.7552026537E+08  1.4054946174E+10
    47800 -1.7586025890E+08  1.4060262585E+10
    47900 -1.7538915188E+08  1.4045988436E+10
    48000 -1.7472755136E+08  1.4034887566E+10
    48100 -1.7575052977E+08  1.4046338082E+10
    48200 -1.7470158395E+08  1.4034030276E+10
    48300 -1.7477247398E+08  1.4023543677E+10
    48400 -1.7523813543E+08  1.4024253205E+10
    48500 -1.7517085582E+08  1.3997517197E+10
    48600 -1.7502760919E+08  1.3979578919E+10
    48700 -1.7493490034E+08  1.3985586361E+10
    48800 -1.7509573060E+08  1.3995018685E+10
    48900 -1.7562566097E+08  1.3999625742E+10
    49000 -1.7542373905E+08  1.4001175263E+10
    49100 -1.7556896926E+08  1.3990108366E+10
    49200 -1.7501124616E+08  1.3989098456E+10
    49300 -1.7520240626E+08  1.4010905415E+10
    49400 -1.7534237765E+08  1.4021589994E+10
    49500 -1.7476207114E+08  1.4030580503E+10
    49600 -1.7505343374E+08  1.4044969811E+10
    49700 -1.7544646216E+08  1.4046237427E+10
    49800 -1.7586579500E+08  1.4025941938E+10
    49900 -1.7534413150E+08  1.4013319064E+10
    50000 -1.7559563620E+08  1.4030081062E+10
    50100 -1.7547209258E+08  1.4040215608E+10
    50200 -1.7587878962E+08  1.4023815647E+10
    50300 -1.7584766399E+08  1.4001121297E+10
    50400 -1.7514421087E+08  1.3988101391E+10
    50500 -1.7513905127E+08  1.3993916583E+10
    50600 -1.7528007028E+08  1.4011079689E+10
    50700 -1.7511620219E+08  1.4010170930E+10
    50800 -1.7506349888E+08  1.4017031117E+10
    50900 -1.7568789914E+08  1.4048604208E+10
    51000 -1.7553440085E+08  1.4057238296E+10
    51100 -1.7521129533E+08  1.4051857729E+10
    51200 -1.7579868366E+08  1.4043536599E+10
    51300 -1.7588122449E+08  1.4047825433E+10
    51400 -1.7614655889E+08  1.4046869583E+10
    51500 -1.7589375180E+08  1.4065600250E+10
    51600 -1.7601483632E+08  1.4071976760E+10
    51700 -1.7565222072E+08  1.4048173236E+10
    51800 -1.7614384542E+08  1.4049378982E+10
    51900 -1.7571282917E+08  1.4065659646E+10
    52000 -1.7585735031E+08  1.4073075691E+10
    52100 -1.7546533465E+08  1.4065996371E+10
    52200 -1.7602871826E+08  1.4069305047E+10
    52300 -1.7628153923E+08  1.4074091434E+10
    52400 -1.7603883503E+08  1.4100265688E+10
    52500 -1.7617791692E+08  1.4103933655E+10
    52600 -1.7611596826E+08  1.4094889754E+10
    52700 -1.7586851865E+08  1.4087181954E+10
    52800 -1.7580068165E+08  1.4060353361E+10
    52900 -1.7559355419E+08  1.4058858175E+10
    53000 -1.7592603276E+08  1.4051907485E+10
    53100 -1.7600011111E+08  1.4041664166E+10
    53200 -1.7565613109E+08  1.4048667946E+10
    53300 -1.7556667268E+08  1.4072718936E+10
    53400 -1.7572848623E+08  1.4055208516E+10
    53500 -1.7621201688E+08  1.4075303346E+10
    53600 -1.7609897294E+08  1.4085461444E+10
    53700 -1.7597146778E+08  1.4079443149E+10
    53800 -1.7601249018E+08  1.4059002151E+10
    53900 -1.7628529230E+08  1.4073009544E+10
    54000 -1.7640480305E+08  1.4072731431E+10
    54100 -1.7658107906E+08  1.4085774005E+10
    54200 -1.7607090911E+08  1.4078620408E+10
    54300 -1.7598851568E+08  1.4056080575E+10
    54400 -1.7594403517E+08  1.4064162867E+10
    54500 -1.7535836443E+08  1.4059145766E+10
    54600 -1.7544132572E+08  1.4066808009E+10
    54700 -1.7547007892E+08  1.4063296333E+10
    54800 -1.7603228614E+08  1.4078373532E+10
    54900 -1.7590482947E+08  1.4091793530E+10
    55000 -1.7586453098E+08  1.4093711863E+10
    55100 -1.7631337690E+08  1.4088140530E+10
    55200 -1.7685460700E+08  1.4076331664E+10
    55300 -1.7583168275E+08  1.4079650513E+10
    55400 -1.7622404637E+08  1.4063446164E+10
    55500 -1.7599187476E+08  1.4055633962E+10
    55600 -1.7622036701E+08  1.4070475812E+10
    55700 -1.7610795902E+08  1.4075860864E+10
    55800 -1.7553137308E+08  1.4084154118E+10
    55900 -1.7646150253E+08  1.4097734839E+10
    56000 -1.7654315804E+08  1.4092673517E+10
    56100 -1.7592146309E+08  1.4067151107E+10
    56200 -1.7642541788E+08  1.4070091243E+10
    56300 -1.7578853821E+08  1.4053202982E+10
    56400 -1.7557483765E+08  1.4031595655E+10
    56500 -1.7614191626E+08  1.4022858951E+10
    56600 -1.7571717459E+08  1.4023596440E+10
    56700 -1.7589734578E+08  1.4019469731E+10
    56800 -1.7558349971E+08  1.3990276230E+10
    56900 -1.7497403897E+08  1.3987334301E+10
    57000 -1.7542442406E+08  1.4000425313E+10
    57100 -1.7544718216E+08  1.4002801143E+10
    57200 -1.7480758126E+08  1.3993954175E+10
    57300 -1.7494865690E+08  1.4000969412E+10
    57400 -1.7492710687E+08  1.3988794201E+10
    57500 -1.7514124446E+08  1.4007737176E+10
    57600 -1.7468833107E+08  1.4012684004E+10
    57700 -1.7524289412E+08  1.4019699981E+10
    57800 -1.7516386916E+08  1.4046707110E+10
    57900 -1.7532603362E+08  1.4043048821E+10
    58000 -1.7525676966E+08  1.4028215038E+10
    58100 -1.7520714713E+08  1.4043103330E+10
    58200 -1.7555694480E+08  1.4056757031E+10
    58300 -1.7572700683E+08  1.4065416361E+10
    58400 -1.7587975623E+08  1.4060959467E+10
    58500 -1.7609654368E+08  1.4054053449E+10
    58600 -1.7566576414E+08  1.4071932951E+10
    58700 -1.7562578984E+08  1.4052924436E+10
    58800 -1.7563652380E+08  1.4046461744E+10
    58900 -1.7608768929E+08  1.4064115816E+10
    59000 -1.7613125929E+08  1.4070305427E+10
    59100 -1.7600014999E+08  1.4082029088E+10
    59200 -1.7611115268E+08  1.4085936018E+10
    59300 -1.7556471406E+08  1.4080119430E+10
    59400 -1.7584994990E+08  1.4056929833E+10
    59500 -1.7617753368E+08  1.4049348935E+10
    59600 -1.7608914237E+08  1.4040219996E+10
    59700 -1.7648833331E+08  1.4044371445E+10
    59800 -1.7553877994E+08  1.4053766015E+10
    59900 -1.7589670709E+08  1.4054961805E+10
    60000 -1.7538493508E+08  1.4030117259E+10
    60100 -1.7583873389E+08  1.4036583838E+10
    60200 -1.7549131852E+08  1.4039595851E+10
    60300 -1.7485871692E+08  1.4041042819E+10
    60400 -1.7528733934E+08  1.4049542384E+10
    60500 -1.7561132082E+08  1.4055007943E+10
    60600 -1.7579105541E+08  1.4046666980E+10
    60700 -1.7538700515E+08  1.4030852991E+10
    60800 -1.7542871510E+08  1.4055204500E+10
    60900 -1.7594366164E+08  1.4053891916E+10
    61000 -1.7592576204E+08  1.4040755636E+10
    61100 -1.7554699161E+08  1.4034218583E+10
    61200 -1.7522917111E+08  1.4055340899E+10
    61300 -1.7538595038E+08  1.4051574386E+10
    61400 -1.7563369243E+08  1.4042173816E+10
    61500 -1.7580844868E+08  1.4062615396E+10
    61600 -1.7586864812E+08  1.4050448022E+10
    61700 -1.7572870770E+08  1.4050832174E+10
    61800 -1.7593162975E+08  1.4064580354E+10
    61900 -1.7497414972E+08  1.4032563174E+10
    62000 -1.7523100355E+08  1.4034379771E+10
    62100 -1.7570353716E+08  1.4043145845E+10
    62200 -1.7606204982E+08  1.4057331712E+10
    62300 -1.7613215210E+08  1.4066859412E+10
    62400 -1.7589121828E+08  1.4077675630E+10
    62500 -1.7603726761E+08  1.4053260161E+10
    62600 -1.7564754831E+08  1.4069050991E+10
    62700 -1.7663782193E+08  1.4078290298E+10
    62800 -1.7526268121E+08  1.4068334846E+10
    62900 -1.7624638437E+08  1.4069307940E+10
    63000 -1.7603503711E+08  1.4052142659E+10
    63100 -1.7606285534E+08  1.4061965170E+10
    63200 -1.7596414749E+08  1.4064553074E+10
    63300 -1.7650151483E+08  1.4072615732E+10
    63400 -1.7593678118E+08  1.4085922527E+10
    63500 -1.7614785516E+08  1.4066959814E+10
    63600 -1.7639238064E+08  1.4043251046E+10
    63700 -1.7540682977E+08  1.4066919025E+10
    63800 -1.7599262542E+08  1.4053322230E+10
    63900 -1.7578311934E+08  1.4059728032E+10
    64000 -1.7597452791E+08  1.4064453872E+10
    64100 -1.7612916999E+08  1.4084376983E+10
    64200 -1.7545447877E+08  1.4077643967E+10
    64300 -1.7615047516E+08  1.4061834550E+10
    64400 -1.7567307081E+08  1.4036949904E+10
    64500 -1.7527560425E+08  1.4027412106E+10
    64600 -1.7543840288E+08  1.4027072395E+10
    64700 -1.7482339431E+08  1.3998352714E+10
    64800 -1.7534525401E+08  1.3995488082E+10
    64900 -1.7531046982E+08  1.3996304328E+10
    65000 -1.7517649746E+08  1.3994958963E+10
    65100 -1.7521348674E+08  1.3982137449E+10
    65200 -1.7452255831E+08  1.3984315487E+10
    65300 -1.7506971648E+08  1.3999858326E+10
    65400 -1.7505330890E+08  1.4032625830E+10
    65500 -1.7530390563E+08  1.4017724738E+10
    65600 -1.7533264438E+08  1.4010357480E+10
    65700 -1.7549190091E+08  1.4026393592E+10
    65800 -1.7545808591E+08  1.4038846634E+10
    65900 -1.7539950657E+08  1.4049747311E+10
    66000 -1.7629422311E+08  1.4069688849E+10
    66100 -1.7578517151E+08  1.4059451823E+10
    66200 -1.7539066174E+08  1.4063929066E+10
    66300 -1.7567200461E+08  1.4088388250E+10
    66400 -1.7593300738E+08  1.4087112541E+10
    66500 -1.7609280505E+08  1.4089842885E+10
    66600 -1.7608017436E+08  1.4087837999E+10
    66700 -1.7680609096E+08  1.4099476024E+10
    66800 -1.7642625075E+08  1.4107224691E+10
    66900 -1.7663974336E+08  1.4122236424E+10
    67000 -1.7655301614E+08  1.4095543912E+10
    67100 -1.7594141697E+08  1.4077274379E+10
    67200 -1.7630829589E+08  1.4057830420E+10
    67300 -1.7609785792E+08  1.4063997358E+10
    67400 -1.7622877217E+08  1.4065106852E+10
    67500 -1.7577390911E+08  1.4063714081E+10
    67600 -1.7591837222E+08  1.4053822088E+10
    67700 -1.7540320663E+08  1.4055452052E+10
    67800 -1.7663961863E+08  1.4052881102E+10
    67900 -1.7665441253E+08  1.4061485965E+10
    68000 -1.7609802556E+08  1.4058527538E+10
    68100 -1.7592267771E+08  1.4067329078E+10
    68200 -1.7614520847E+08  1.4067119322E+10
    68300 -1.7594764751E+08  1.4051066434E+10
    68400 -1.7555102993E+08  1.4017125812E+10
    68500 -1.7509033353E+08  1.4007439835E+10
    68600 -1.7498860432E+08  1.4029904905E+10
    68700 -1.7482719659E+08  1.4045609995E+10
    68800 -1.7580437076E+08  1.4069724921E+10
    68900 -1.7557913879E+08  1.4065527224E+10
    69000 -1.7606900805E+08  1.4064732435E+10
    69100 -1.7549510188E+08  1.4052850650E+10
    69200 -1.7552300014E+08  1.4063597182E+10
    69300 -1.7618445870E+08  1.4059527555E+10
    69400 -1.7554847930E+08  1.4050657015E+10
    69500 -1.7566102865E+08  1.4038532360E+10
    69600 -1.7472223473E+08  1.4029850286E+10
    69700 -1.7515897396E+08  1.4006212968E+10
    69800 -1.7557191796E+08  1.4024939974E+10
    69900 -1.7504012839E+08  1.4017553220E+10
    70000 -1.7526830101E+08  1.4032836811E+10
    70100 -1.7482104528E+08  1.4028288986E+10
    70200 -1.7494996003E+08  1.4030184030E+10
    70300 -1.7517800561E+08  1.4032330639E+10
    70400 -1.7530696878E+08  1.4039781514E+10
    70500 -1.7514104387E+08  1.3997421505E+10
    70600 -1.7514955886E+08  1.4009403839E+10
    70700 -1.7532535010E+08  1.4041381584E+10
    70800 -1.7527887536E+08  1.4014978960E+10
    70900 -1.7553785094E+08  1.3984820712E+10
    71000 -1.7497980693E+08  1.3961147664E+10
    71100 -1.7429638461E+08  1.3995841895E+10
    71200 -1.7474852594E+08  1.4018351529E+10
    71300 -1.7487842976E+08  1.4014762594E+10
    71400 -1.7504134190E+08  1.4010957323E+10
    71500 -1.7528013488E+08  1.4023606208E+10
    71600 -1.7507151101E+08  1.4029732049E+10
    71700 -1.7506676828E+08  1.4036569635E+10
    71800 -1.7550397201E+08  1.4050268685E+10
    71900 -1.7539243164E+08  1.4033298533E+10
    72000 -1.7495128941E+08  1.4033126672E+10
    72100 -1.7573114162E+08  1.4037592255E+10
    72200 -1.7522405945E+08  1.4020270677E+10
    72300 -1.7514637409E+08  1.4013033979E+10
    72400 -1.7484106704E+08  1.3998265571E+10
    72500 -1.7538160672E+08  1.4028045711E+10
    72600 -1.7570469465E+08  1.4041315333E+10
    72700 -1.7584528629E+08  1.4032450805E+10
    72800 -1.7526755964E+08  1.4008578817E+10
    72900 -1.7501206420E+08  1.4011058140E+10
    73000 -1.7556581011E+08  1.4027519534E+10
    73100 -1.7549146442E+08  1.4041174645E+10
    73200 -1.7595948548E+08  1.4051596689E+10
    73300 -1.7583854646E+08  1.4065851014E+10
    73400 -1.7626210844E+08  1.4064892633E+10
    73500 -1.7573315471E+08  1.4057085555E+10
    73600 -1.7554212657E+08  1.4047436584E+10
    73700 -1.7526937072E+08  1.4027587131E+10
    73800 -1.7570290204E+08  1.4024916760E+10
    73900 -1.7594588706E+08  1.4018515227E+10
    74000 -1.7575272762E+08  1.4029021337E+10
    74100 -1.7588742447E+08  1.4036425815E+10
    74200 -1.7528965779E+08  1.4045076576E+10
    74300 -1.7576414263E+08  1.4037094022E+10
    74400 -1.7555013855E+08  1.4018758629E+10
    74500 -1.7539606483E+08  1.4031178279E+10
    74600 -1.7584362008E+08  1.4006211206E+10
    74700 -1.7500042342E+08  1.4012771861E+10
    74800 -1.7507891591E+08  1.4026394511E+10
    74900 -1.7568755959E+08  1.4026396344E+10
    75000 -1.7583416390E+08  1.4024471422E+10
    75100 -1.7607808634E+08  1.4043804858E+10
    75200 -1.7589830509E+08  1.4044457529E+10
    75300 -1.7535704799E+08  1.4024177906E+10
    75400 -1.7579997702E+08  1.4042861000E+10
    75500 -1.7568615231E+08  1.4037616653E+10
    75600 -1.7504159872E+08  1.4019454593E+10
    75700 -1.7548003886E+08  1.4017215324E+10
    75800 -1.7550603851E+08  1.4026749369E+10
    75900 -1.7534024945E+08  1.4037210959E+10
    76000 -1.7561094969E+08  1.4044042005E+10
    76100 -1.7537641233E+08  1.4037151535E+10
    76200 -1.7548548494E+08  1.4038947236E+10
    76300 -1.7548236680E+08  1.4040227644E+10
    76400 -1.7511381365E+08  1.4047898484E+10
    76500 -1.7521682108E+08  1.4053164568E+10
    76600 -1.7553965639E+08  1.4058911787E+10
    76700 -1.7581453141E+08  1.4047555201E+10
    76800 -1.7628287419E+08  1.4063655107E+10
    76900 -1.7589890100E+08  1.4067270582E+10
    77000 -1.7560454651E+08  1.4066435486E+10
    77100 -1.7576995768E+08  1.4050449739E+10
    77200 -1.7533668280E+08  1.4039099604E+10
    77300 -1.7596325245E+08  1.4042954764E+10
    77400 -1.7541696898E+08  1.4061232753E+10
    77500 -1.7623659660E+08  1.4049180233E+10
    77600 -1.7565903348E+08  1.4025098052E+10
    77700 -1.7535497945E+08  1.4005122617E+10
    77800 -1.7553998024E+08  1.4007704737E+10
    77900 -1.7518724119E+08  1.4015734586E+10
    78000 -1.7528108337E+08  1.4004277047E+10
    78100 -1.7559494666E+08  1.3997704323E+10
    78200 -1.7497910139E+08  1.4011139638E+10
    78300 -1.7625739454E+08  1.4013695696E+10
    78400 -1.7608689429E+08  1.4010773279E+10
    78500 -1.7589307115E+08  1.3997267239E+10
    78600 -1.7559974300E+08  1.3993956619E+10
    78700 -1.7523818947E+08  1.4003287085E+10
    78800 -1.7579493971E+08  1.4011934586E+10
    78900 -1.7532451158E+08  1.4006156693E+10
    79000 -1.7527757438E+08  1.3985472644E+10
    79100 -1.7547340230E+08  1.3987108384E+10
    79200 -1.7507312590E+08  1.3994424299E+10
    79300 -1.7459262054E+08  1.3996800788E+10
    79400 -1.7510370337E+08  1.3984469082E+10
    79500 -1.7451697932E+08  1.3973568734E+10
    79600 -1.7438898277E+08  1.3964519091E+10
    79700 -1.7442854758E+08  1.3984440081E+10
    79800 -1.7503105962E+08  1.3994471585E+10
    79900 -1.7504484999E+08  1.3996411004E+10
    80000 -1.7470558827E+08  1.3995849289E+10
    80100 -1.7523349613E+08  1.4020200183E+10
    80200 -1.7512709982E+08  1.4011415030E+10
    80300 -1.7487318266E+08  1.4011031818E+10
    80400 -1.7563378702E+08  1.4022820602E+10
    80500 -1.7535958026E+08  1.4018421477E+10
    80600 -1.7509774758E+08  1.4001030974E+10
    80700 -1.7503083869E+08  1.3997329663E+10
    80800 -1.7539218777E+08  1.4015117894E+10
    80900 -1.7617352334E+08  1.4042773862E+10
    81000 -1.7544346238E+08  1.4058427382E+10
    81100 -1.7543340662E+08  1.4062734967E+10
    81200 -1.7528478123E+08  1.4061310108E+10
    81300 -1.7557075005E+08  1.4061395889E+10
    81400 -1.7586380449E+08  1.4074895799E+10
    81500 -1.7651341094E+08  1.4115424685E+10
    81600 -1.7659409497E+08  1.4105156293E+10
    81700 -1.7631096223E+08  1.4078112223E+10
    81800 -1.7604659548E+08  1.4088573553E+10
    81900 -1.7614567631E+08  1.4090603810E+10
    82000 -1.7604758419E+08  1.4061276597E+10
    82100 -1.7633773167E+08  1.4065761609E+10
    82200 -1.7647979961E+08  1.4060971559E+10
    82300 -1.7557015952E+08  1.4058071688E+10
    82400 -1.7531306855E+08  1.4062666015E+10
    82500 -1.7578923572E+08  1.4048290657E+10
    82600 -1.7576634586E+08  1.4020137880E+10
    82700 -1.7527853344E+08  1.4027973264E+10
    82800 -1.7545781107E+08  1.4023889578E+10
    82900 -1.7511516055E+08  1.4010874539E+10
    83000 -1.7545773003E+08  1.4043274534E+10
    83100 -1.7547823288E+08  1.4077295280E+10
    83200 -1.7585306836E+08  1.4087262174E+10
    83300 -1.7573335038E+08  1.4065330610E+10
    83400 -1.7528425473E+08  1.4027692663E+10
    83500 -1.7548522125E+08  1.4028467598E+10
    83600 -1.7536851560E+08  1.4036343149E+10
    83700 -1.7587188621E+08  1.4059326614E+10
    83800 -1.7618318678E+08  1.4067196442E+10
    83900 -1.7617206869E+08  1.4062701393E+10
    84000 -1.7632220544E+08  1.4083213064E+10
    84100 -1.7576050526E+08  1.4091323045E+10
    84200 -1.7585706358E+08  1.4053198722E+10
    84300 -1.7523807046E+08  1.4032565377E+10
    84400 -1.7534092338E+08  1.4035592801E+10
    84500 -1.7558028327E+08  1.4038963235E+10
    84600 -1.7513577074E+08  1.4038496292E+10
    84700 -1.7540797340E+08  1.4072027376E+10
    84800 -1.7517564029E+08  1.4062255697E+10
    84900 -1.7534713036E+08  1.4035753016E+10
    85000 -1.7549129303E+08  1.4032006719E+10
    85100 -1.7555560376E+08  1.4012799332E+10
    85200 -1.7581788437E+08  1.4020592364E+10
    85300 -1.7519331510E+08  1.3991888274E+10
    85400 -1.7541295625E+08  1.3976562505E+10
    85500 -1.7484003465E+08  1.3987048362E+10
    85600 -1.7495085711E+08  1.4012491923E+10
    85700 -1.7609722649E+08  1.4022927535E+10
    85800 -1.7520719151E+08  1.4016779959E+10
    85900 -1.7510074709E+08  1.4007583237E+10
    86000 -1.7528104124E+08  1.4027740572E+10
    86100 -1.7585836003E+08  1.4052300561E+10
    86200 -1.7595990655E+08  1.4051299471E+10
    86300 -1.7535784748E+08  1.4065833713E+10
    86400 -1.7582848703E+08  1.4057050318E+10
    86500 -1.7568921239E+08  1.4047592405E+10
    86600 -1.7555613109E+08  1.4036623090E+10
    86700 -1.7564985034E+08  1.4042638791E+10
    86800 -1.7525844721E+08  1.4048430715E+10
    86900 -1.7554744931E+08  1.4043306360E+10
    87000 -1.7520437880E+08  1.4032099231E+10
    87100 -1.7553321084E+08  1.4016171836E+10
    87200 -1.7538547854E+08  1.4010417680E+10
    87300 -1.7521558545E+08  1.4009382213E+10
    87400 -1.7579874044E+08  1.4015183455E+10
    87500 -1.7526932190E+08  1.4023376170E+10
    87600 -1.7541599096E+08  1.4014345418E+10
    87700 -1.7558708621E+08  1.4025568613E+10
    87800 -1.7587179554E+08  1.4032064635E+10
    87900 -1.7574174440E+08  1.4028433005E+10
    88000 -1.7500588324E+08  1.4014441638E+10
    88100 -1.7520649392E+08  1.4021531341E+10
    88200 -1.7491433871E+08  1.4010228569E+10
    88300 -1.7527695159E+08  1.3985097911E+10
    88400 -1.7521560179E+08  1.3992610060E+10
    88500 -1.7500916884E+08  1.3987718637E+10
    88600 -1.7494880195E+08  1.3997586336E+10
    88700 -1.7500379933E+08  1.3969903781E+10
    88800 -1.7472433326E+08  1.3973225717E+10
    88900 -1.7457480584E+08  1.3967370769E+10
    89000 -1.7476020240E+08  1.3970738961E+10
    89100 -1.7433176827E+08  1.3966487861E+10
    89200 -1.7488546681E+08  1.3983038150E+10
    89300 -1.7449730194E+08  1.3970840212E+10
    89400 -1.7421355605E+08  1.3971027083E+10
    89500 -1.7477311905E+08  1.3984936397E+10
    89600 -1.7500361661E+08  1.3985202837E+10
    89700 -1.7492072505E+08  1.3967639358E+10
    89800 -1.7477858520E+08  1.3980943715E+10
    89900 -1.7522908390E+08  1.3955573033E+10
    90000 -1.7510530448E+08  1.3952319438E+10
    90100 -1.7531739708E+08  1.3992760174E+10
    90200 -1.7482707503E+08  1.4015837340E+10
    90300 -1.7497243636E+08  1.4024978530E+10
    90400 -1.7519764605E+08  1.4029851467E+10
    90500 -1.7541688242E+08  1.4027986814E+10
    90600 -1.7534187312E+08  1.4011235209E+10
    90700 -1.7493131050E+08  1.3971945448E+10
    90800 -1.7499475818E+08  1.3963561463E+10
    90900 -1.7519798146E+08  1.3960295621E+10
    91000 -1.7482038724E+08  1.4006274814E+10
    91100 -1.7498304052E+08  1.4019233345E+10
    91200 -1.7557518154E+08  1.4025026007E+10
    91300 -1.7508442490E+08  1.4034964111E+10
    91400 -1.7571509287E+08  1.4042030390E+10
    91500 -1.7552402289E+08  1.4044221853E+10
    91600 -1.7586971272E+08  1.4048222955E+10
    91700 -1.7543955674E+08  1.4041571102E+10
    91800 -1.7531390677E+08  1.4049425233E+10
    91900 -1.7601515841E+08  1.4052330601E+10
    92000 -1.7582659434E+08  1.4041250222E+10
    92100 -1.7558553982E+08  1.4057977935E+10
    92200 -1.7561188148E+08  1.4067186391E+10
    92300 -1.7605476735E+08  1.4065001927E+10
    92400 -1.7625413097E+08  1.4067869236E+10
    92500 -1.7617000712E+08  1.4076793460E+10
    92600 -1.7611469571E+08  1.4081394933E+10
    92700 -1.7672334170E+08  1.4089954676E+10
    92800 -1.7626415200E+08  1.4084476224E+10
    92900 -1.7582903095E+08  1.4074293908E+10
    93000 -1.7572886202E+08  1.4056576842E+10
    93100 -1.7574296010E+08  1.4045537711E+10
    93200 -1.7632972495E+08  1.4050736594E+10
    93300 -1.7603629917E+08  1.4059966181E+10
    93400 -1.7613875838E+08  1.4063536410E+10
    93500 -1.7653030576E+08  1.4063405459E+10
    93600 -1.7578755953E+08  1.4050886062E+10
    93700 -1.7574427262E+08  1.4029066867E+10
    93800 -1.7602778208E+08  1.4030807690E+10
    93900 -1.7625457633E+08  1.4026698035E+10
    94000 -1.7569433903E+08  1.4054432825E+10
    94100 -1.7558438721E+08  1.4043483241E+10
    94200 -1.7616009797E+08  1.4030223388E+10
    94300 -1.7584810660E+08  1.4038133054E+10
    94400 -1.7588732033E+08  1.4037435201E+10
    94500 -1.7537621981E+08  1.4042706499E+10
    94600 -1.7570294018E+08  1.4055495433E+10
    94700 -1.7610992850E+08  1.4067349157E+10
    94800 -1.7592768574E+08  1.4051338128E+10
    94900 -1.7489023829E+08  1.4037765852E+10
    95000 -1.7563093469E+08  1.4040758922E+10
    95100 -1.7594527281E+08  1.4046271882E+10
    95200 -1.7602693509E+08  1.4039387721E+10
    95300 -1.7627116474E+08  1.4053385381E+10
    95400 -1.7542024437E+08  1.4043848983E+10
    95500 -1.7560939754E+08  1.4021428398E+10
    95600 -1.7540200361E+08  1.4016894343E+10
    95700 -1.7497824284E+08  1.4014015314E+10
    95800 -1.7484017470E+08  1.3990759870E+10
    95900 -1.7468698086E+08  1.3995317897E+10
    96000 -1.7539551829E+08  1.3989280903E+10
    96100 -1.7531798912E+08  1.3988693587E+10
    96200 -1.7542350570E+08  1.3989857242E+10
    96300 -1.7497836236E+08  1.3979776812E+10
    96400 -1.7518825374E+08  1.3958058444E+10
    96500 -1.7458639743E+08  1.3980588064E+10
    96600 -1.7545018887E+08  1.3996206467E+10
    96700 -1.7542371917E+08  1.4006093663E+10
    96800 -1.7539291279E+08  1.3998714561E+10
    96900 -1.7543119474E+08  1.4001883486E+10
    97000 -1.7507752469E+08  1.4014067246E+10
    97100 -1.7533754017E+08  1.4009366109E+10
    97200 -1.7520243201E+08  1.4009124561E+10
    97300 -1.7533431557E+08  1.4029024742E+10
    97400 -1.7499177678E+08  1.4019498362E+10
    97500 -1.7572285431E+08  1.4027679131E+10
    97600 -1.7487234731E+08  1.4037271541E+10
    97700 -1.7519704619E+08  1.4033986444E+10
    97800 -1.7511894711E+08  1.4036359839E+10
    97900 -1.7552380144E+08  1.4056014842E+10
    98000 -1.7561140535E+08  1.4057451555E+10
    98100 -1.7579540991E+08  1.4039975451E+10
    98200 -1.7517673148E+08  1.4034210427E+10
    98300 -1.7556160908E+08  1.4022822602E+10
    98400 -1.7561122853E+08  1.4007972964E+10
    98500 -1.7546090263E+08  1.4019329881E+10
    98600 -1.7530936565E+08  1.4018915541E+10
    98700 -1.7517136748E+08  1.4008412480E+10
    98800 -1.7525599555E+08  1.4002569537E+10
    98900 -1.7495472284E+08  1.3993409220E+10
    99000 -1.7521950155E+08  1.3983340210E+10
    99100 -1.7525221616E+08  1.3998563734E+10
    99200 -1.7531713426E+08  1.4007270871E+10
    99300 -1.7513084895E+08  1.3996533432E+10
    99400 -1.7528235678E+08  1.3978069529E+10
    99500 -1.7512769934E+08  1.3981207306E+10
    99600 -1.7538680378E+08  1.3989374693E+10
    99700 -1.7494060327E+08  1.3992688721E+10
    99800 -1.7548983803E+08  1.3992884700E+10
    99900 -1.7514798994E+08  1.4011464765E+10
   100000 -1.7491989430E+08  1.4010810020E+10
   100100 -1.7567351921E+08  1.3994821390E+10
   100200 -1.7494783248E+08  1.4003477534E+10
   100300 -1.7472494688E+08  1.3998508345E+10
   100400 -1.7459345742E+08  1.3992953389E+10
   100500 -1.7534715428E+08  1.4004972270E+10
   100600 -1.7550125709E+08  1.4008029424E+10
   100700 -1.7509237981E+08  1.4007479082E+10
   100800 -1.7523563027E+08  1.4010817069E+10
   100900 -1.7548542072E+08  1.4010783004E+10
   101000 -1.7516096948E+08  1.4019926112E+10
   101100 -1.7540331069E+08  1.4036526411E+10
   101200 -1.7579299824E+08  1.4050603733E+10
   101300 -1.7578719659E+08  1.4044844774E+10
   101400 -1.7584082132E+08  1.4049582178E+10
   101500 -1.7607807563E+08  1.4052210272E+10
   101600 -1.7611571325E+08  1.4042011498E+10
   101700 -1.7557374412E+08  1.4046520544E+10
   101800 -1.7565124678E+08  1.4065082202E+10
   101900 -1.7621901342E+08  1.4072330864E+10
   102000 -1.7544115777E+08  1.4058814793E+10
   102100 -1.7543099435E+08  1.4054198572E+10
   102200 -1.7510561372E+08  1.4054206644E+10
   102300 -1.7551946344E+08  1.4052717792E+10
   102400 -1.7583528948E+08  1.4047225504E+10
   102500 -1.7572571454E+08  1.4050346908E+10
   102600 -1.7535010042E+08  1.4061025329E+10
   102700 -1.7586725097E+08  1.4042375756E+10
   102800 -1.7555359665E+08  1.4057344599E+10
   102900 -1.7591619294E+08  1.4077688072E+10
   103000 -1.7572591089E+08  1.4078364902E+10
   103100 -1.7626835210E+08  1.4067490244E+10
   103200 -1.7587963047E+08  1.4057614921E+10
   103300 -1.7603425764E+08  1.4062038031E+10
   103400 -1.7595001581E+08  1.4057296520E+10
   103500 -1.7603299489E+08  1.4069221341E+10
   103600 -1.7597075935E+08  1.4046892928E+10
   103700 -1.7578311518E+08  1.4042798852E+10
   103800 -1.7594928562E+08  1.4032922597E+10
   103900 -1.7519290152E+08  1.4034735883E+10
   104000 -1.7580888446E+08  1.4027711225E+10
   104100 -1.7538720286E+08  1.4008292941E+10
   104200 -1.7553345454E+08  1.4010351437E+10
   104300 -1.7521931246E+08  1.4007024975E+10
   104400 -1.7520571496E+08  1.4001710664E+10
   104500 -1.7524564296E+08  1.4011424510E+10
   104600 -1.7560125425E+08  1.4038157626E+10
   104700 -1.7536891937E+08  1.4015461682E+10
   104800 -1.7535150741E+08  1.4007495840E+10
   104900 -1.7510727547E+08  1.4019179632E+10
   105000 -1.7516685753E+08  1.4032715168E+10
   105100 -1.7545103991E+08  1.4036236417E+10
   105200 -1.7542657158E+08  1.4034228169E+10
   105300 -1.7537367343E+08  1.4053435468E+10
   105400 -1.7557770813E+08  1.4075713417E+10
   105500 -1.7601888730E+08  1.4087055459E+10
   105600 -1.7581618933E+08  1.4071771516E+10
   105700 -1.7623240233E+08  1.4072732481E+10
   105800 -1.7636395328E+08  1.4071390987E+10
   105900 -1.7636759713E+08  1.4067489055E+10
   106000 -1.7556043444E+08  1.4055510320E+10
   106100 -1.7626025697E+08  1.4034631046E+10
   106200 -1.7573289600E+08  1.4016844125E+10
   106300 -1.7521115796E+08  1.4009265628E+10
   106400 -1.7565994653E+08  1.4013456110E+10
   106500 -1.7533682859E+08  1.4004348540E+10
   106600 -1.7578367308E+08  1.3992241437E+10
   106700 -1.7485295403E+08  1.4009144450E+10
   106800 -1.7498296787E+08  1.4021070811E+10
   106900 -1.7557272489E+08  1.4030197576E+10
   107000 -1.7533721273E+08  1.4047666911E+10
   107100 -1.7576272035E+08  1.4043479542E+10
   107200 -1.7538226008E+08  1.4013260824E+10
   107300 -1.7525735051E+08  1.4001946106E+10
   107400 -1.7533227543E+08  1.4021328817E+10
   107500 -1.7641318177E+08  1.4055167212E+10
   107600 -1.7533080617E+08  1.4053191986E+10
   107700 -1.7584680716E+08  1.4024266601E+10
   107800 -1.7581597387E+08  1.4013292568E+10
   107900 -1.7519463264E+08  1.3984736586E+10
   108000 -1.7551434743E+08  1.3966018087E+10
   108100 -1.7501561701E+08  1.4003413157E+10
   108200 -1.7530454559E+08  1.4013284885E+10
   108300 -1.7530088046E+08  1.3986771250E+10
   108400 -1.7501574205E+08  1.3975839963E+10
   108500 -1.7459518906E+08  1.3988397187E+10
   108600 -1.7462786502E+08  1.4000012936E+10
   108700 -1.7544892848E+08  1.4035878163E+10
   108800 -1.7524330948E+08  1.4037092133E+10
   108900 -1.7500223586E+08  1.4047875137E+10
   109000 -1.7556278952E+08  1.4049367927E+10
   109100 -1.7555610678E+08  1.4047312430E+10
   109200 -1.7565855753E+08  1.4034207057E+10
   109300 -1.7554923193E+08  1.4035235553E+10
   109400 -1.7608950405E+08  1.4054559276E+10
   109500 -1.7561719288E+08  1.4056738940E+10
   109600 -1.7609575430E+08  1.4073914882E+10
   109700 -1.7621137876E+08  1.4080381030E+10
   109800 -1.7619211124E+08  1.4059524502E+10
   109900 -1.7585394210E+08  1.4061157909E+10
   110000 -1.7622632376E+08  1.4061857601E+10
   110100 -1.7622723970E+08  1.4080549468E+10
   110200 -1.7640113294E+08  1.4094595915E+10
   110300 -1.7575060258E+08  1.4087417263E+10
   110400 -1.7639206047E+08  1.4086930736E+10
   110500 -1.7618612072E+08  1.4087666525E+10
   110600 -1.7567880182E+08  1.4082905608E+10
   110700 -1.7607186737E+08  1.4086046632E+10
   110800 -1.7556709162E+08  1.4067494994E+10
   110900 -1.7619914863E+08  1.4068001022E+10
   111000 -1.7562487267E+08  1.4072682076E+10
   111100 -1.7561539780E+08  1.4049366600E+10
   111200 -1.7584393507E+08  1.4043485743E+10
   111300 -1.7539133466E+08  1.4032481075E+10
   111400 -1.7504753504E+08  1.4046478533E+10
   111500 -1.7600827824E+08  1.4048835597E+10
   111600 -1.7564894584E+08  1.4033986372E+10
   111700 -1.7571541230E+08  1.4056988595E+10
   111800 -1.7582913410E+08  1.4077418607E+10
   111900 -1.7609775549E+08  1.4065737421E+10
   112000 -1.7646948403E+08  1.4068804885E+10
   112100 -1.7595228350E+08  1.4057140110E+10
   112200 -1.7558580502E+08  1.4057630344E+10
   112300 -1.7559083468E+08  1.4056215077E+10
   112400 -1.7551034709E+08  1.4053242843E+10
   112500 -1.7561764792E+08  1.4044590382E+10
   112600 -1.7610695272E+08  1.4054614485E+10
   112700 -1.7573058923E+08  1.4044116465E+10
   112800 -1.7528214063E+08  1.4018290631E+10
   112900 -1.7532020157E+08  1.4025706085E+10
   113000 -1.7596775100E+08  1.4038740617E+10
   113100 -1.7551583718E+08  1.4020797736E+10
   113200 -1.7502769933E+08  1.4013415688E+10
   113300 -1.7494200093E+08  1.4012650825E+10
   113400 -1.7566232657E+08  1.4003554795E+10
   113500 -1.7478317633E+08  1.4007336758E+10
   113600 -1.7496722297E+08  1.4014410775E+10
   113700 -1.7585542602E+08  1.4016970203E+10
   113800 -1.7526305391E+08  1.4034172928E+10
   113900 -1.7511370436E+08  1.4033103655E+10
   114000 -1.7581344795E+08  1.4039812061E+10
   114100 -1.7589454289E+08  1.4043777378E+10
   114200 -1.7566788079E+08  1.4040549093E+10
   114300 -1.7555123566E+08  1.4036631579E+10
   114400 -1.7576461850E+08  1.4014908189E+10
   114500 -1.7550637712E+08  1.3998295426E+10
   114600 -1.7541931157E+08  1.3986580161E+10
   114700 -1.7522715209E+08  1.3999658179E+10
   114800 -1.7564592927E+08  1.3996625177E+10
   114900 -1.7581366564E+08  1.4019820053E+10
   115000 -1.7547034926E+08  1.4020243332E+10
   115100 -1.7605329918E+08  1.4019865615E+10
   115200 -1.7617918953E+08  1.4019104532E+10
   115300 -1.7596192266E+08  1.4021268215E+10
   115400 -1.7555471943E+08  1.4020161173E+10
   115500 -1.7603569805E+08  1.4044972953E+10
   115600 -1.7572956799E+08  1.4030690547E+10
   115700 -1.7555277809E+08  1.4020667900E+10
   115800 -1.7578226012E+08  1.4019783720E+10
   115900 -1.7580883217E+08  1.4036743279E+10
   116000 -1.7570514100E+08  1.4037054785E+10
   116100 -1.7590250833E+08  1.4028274096E+10
   116200 -1.7565526726E+08  1.4049749552E+10
   116300 -1.7539632037E+08  1.4055078542E+10
   116400 -1.7564418005E+08  1.4074587541E+10
   116500 -1.7618191769E+08  1.4089689857E+10
   116600 -1.7578530282E+08  1.4071413360E+10
   116700 -1.7616063362E+08  1.4079884000E+10
   116800 -1.7602652499E+08  1.4092162040E+10
   116900 -1.7620042862E+08  1.4097600187E+10
   117000 -1.7583404966E+08  1.4096511739E+10
   117100 -1.7577121747E+08  1.4091214444E+10
   117200 -1.7612397764E+08  1.4099622556E+10
   117300 -1.7632347262E+08  1.4089521742E+10
   117400 -1.7608487655E+08  1.4089328876E+10
   117500 -1.7616081168E+08  1.4088737434E+10
   117600 -1.7595861046E+08  1.4065511029E+10
   117700 -1.7603980812E+08  1.4071514782E+10
   117800 -1.7603905111E+08  1.4073471522E+10
   117900 -1.7560769079E+08  1.4074261703E+10
   118000 -1.7596080428E+08  1.4071722555E+10
   118100 -1.7556271131E+08  1.4054464517E+10
   118200 -1.7550872162E+08  1.4049773951E+10
   118300 -1.7543201202E+08  1.4025841844E+10
   118400 -1.7546290956E+08  1.4021641665E+10
   118500 -1.7649459665E+08  1.4028123342E+10
   118600 -1.7536887913E+08  1.4045637708E+10
   118700 -1.7582768828E+08  1.4037847002E+10
   118800 -1.7590032613E+08  1.4041710389E+10
   118900 -1.7552418515E+08  1.4041035103E+10
   119000 -1.7597896254E+08  1.4021047255E+10
   119100 -1.7526328169E+08  1.4021591297E+10
   119200 -1.7587460467E+08  1.4024899645E+10
   119300 -1.7566283490E+08  1.4026775850E+10
   119400 -1.7660195673E+08  1.4040992350E+10
   119500 -1.7604229888E+08  1.4052406290E+10
   119600 -1.7616206627E+08  1.4030703085E+10
   119700 -1.7627902739E+08  1.4029262568E+10
   119800 -1.7546831102E+08  1.4013855214E+10
   119900 -1.7567062387E+08  1.3996566596E+10
   120000 -1.7577540039E+08  1.4006398321E+10
   120100 -1.7554399993E+08  1.4009900120E+10
   120200 -1.7544923228E+08  1.4007362808E+10
   120300 -1.7504794349E+08  1.4014988610E+10
   120400 -1.7505377912E+08  1.4021108647E+10
   120500 -1.7529578948E+08  1.4023485641E+10
   120600 -1.7549490137E+08  1.4015854941E+10
   120700 -1.7475149380E+08  1.4012061412E+10
   120800 -1.7457562236E+08  1.4001767719E+10
   120900 -1.7510835116E+08  1.4008829261E+10
   121000 -1.7550090351E+08  1.4000138607E+10
   121100 -1.7567607700E+08  1.3996344506E+10
   121200 -1.7512917593E+08  1.4017855678E+10
   121300 -1.7524571431E+08  1.4010679169E+10
   121400 -1.7512222162E+08  1.4012294583E+10
   121500 -1.7470873009E+08  1.4002700668E+10
   121600 -1.7473569093E+08  1.4005045091E+10
   121700 -1.7482959572E+08  1.4015930719E+10
   121800 -1.7560212470E+08  1.4002273729E+10
   121900 -1.7501262848E+08  1.3993502574E+10
   122000 -1.7477724832E+08  1.3996799319E+10
   122100 -1.7544919704E+08  1.3987261075E+10
   122200 -1.7491714714E+08  1.3981757888E+10
   122300 -1.7519992411E+08  1.3986194922E+10
   122400 -1.7516428578E+08  1.3986855347E+10
   122500 -1.7507016191E+08  1.3986225384E+10
   122600 -1.7513755057E+08  1.3996470270E+10
   122700 -1.7517376537E+08  1.4018860933E+10
   122800 -1.7549413982E+08  1.4029262049E+10
   122900 -1.7521002866E+08  1.4021329436E+10
   123000 -1.7532538889E+08  1.4033110507E+10
   123100 -1.7519914445E+08  1.4020517346E+10
   123200 -1.7539003855E+08  1.4034066565E+10
   123300 -1.7555176740E+08  1.4065035804E+10
   123400 -1.7527394104E+08  1.4045116587E+10
   123500 -1.7560993845E+08  1.4025735633E+10
   123600 -1.7520487348E+08  1.4022946590E+10
   123700 -1.7517637261E+08  1.4014377746E+10
   123800 -1.7577189031E+08  1.4026177120E+10
   123900 -1.7559449674E+08  1.4026362571E+10
   124000 -1.7536067830E+08  1.4030120007E+10
   124100 -1.7471442339E+08  1.4030178184E+10
   124200 -1.7550436327E+08  1.4038200940E+10
   124300 -1.7619019766E+08  1.4038627615E+10
   124400 -1.7531490095E+08  1.4027927339E+10
   124500 -1.7536399499E+08  1.4029170184E+10
   124600 -1.7557531500E+08  1.4005934302E+10
   124700 -1.7466172011E+08  1.3984887277E+10
   124800 -1.7430090042E+08  1.3979997526E+10
   124900 -1.7509975820E+08  1.3995387828E+10
   125000 -1.7518226227E+08  1.4006822513E+10
   125100 -1.7477928028E+08  1.4012886740E+10
   125200 -1.7480146362E+08  1.4008827545E+10
   125300 -1.7541940027E+08  1.4014614515E+10
   125400 -1.7536390907E+08  1.4027754639E+10
   125500 -1.7513570381E+08  1.4028170419E+10
   125600 -1.7521355949E+08  1.4029856867E+10
   125700 -1.7545887693E+08  1.4030329000E+10
   125800 -1.7527184852E+08  1.4024555554E+10
   125900 -1.7502946785E+08  1.4003088400E+10
   126000 -1.7500295224E+08  1.3988284969E+10
   126100 -1.7510022744E+08  1.4020745401E+10
   126200 -1.7555722901E+08  1.4028345448E+10
   126300 -1.7534356678E+08  1.4030092168E+10
   126400 -1.7527809729E+08  1.4033199718E+10
   126500 -1.7542973458E+08  1.4062561590E+10
   126600 -1.7590973697E+08  1.4067263628E+10
   126700 -1.7639890584E+08  1.4075988374E+10
   126800 -1.7645155959E+08  1.4092103602E+10
   126900 -1.7600190874E+08  1.4080847109E+10
   127000 -1.7544271448E+08  1.4070147019E+10
   127100 -1.7600204457E+08  1.4073333638E+10
   127200 -1.7566977946E+08  1.4061444411E+10
   127300 -1.7598711873E+08  1.4039496178E+10
   127400 -1.7607297428E+08  1.4017753851E+10
   127500 -1.7548706603E+08  1.4003661342E+10
   127600 -1.7536779891E+08  1.3998443453E+10
   127700 -1.7496787520E+08  1.4005318661E+10
   127800 -1.7514919905E+08  1.4012643369E+10
   127900 -1.7488694155E+08  1.4022897966E+10
   128000 -1.7519412368E+08  1.4029901586E+10
   128100 -1.7536316786E+08  1.4008258568E+10
   128200 -1.7468927136E+08  1.4008743524E+10
   128300 -1.7502203213E+08  1.4020586138E+10
   128400 -1.7493609403E+08  1.4012153024E+10
   128500 -1.7513924296E+08  1.4022330134E+10
   128600 -1.7558736811E+08  1.4024186017E+10
   128700 -1.7536293065E+08  1.4033689766E+10
   128800 -1.7530412333E+08  1.4014767919E+10
   128900 -1.7532706501E+08  1.4035975259E+10
   129000 -1.7574915259E+08  1.4052153813E+10
   129100 -1.7567250908E+08  1.4045569470E+10
   129200 -1.7514536942E+08  1.4025615069E+10
   129300 -1.7567432431E+08  1.4011512103E+10
   129400 -1.7562566051E+08  1.4025815621E+10
   129500 -1.7511365823E+08  1.4038755761E+10
   129600 -1.7560063259E+08  1.4057837465E+10
   129700 -1.7570647862E+08  1.4043419711E+10
   129800 -1.7593138630E+08  1.4050539659E+10
   129900 -1.7568620634E+08  1.4058301444E+10
   130000 -1.7558880170E+08  1.4048127283E+10
   130100 -1.7563769411E+08  1.4059822563E+10
   130200 -1.7643306437E+08  1.4079338348E+10
   130300 -1.7611500728E+08  1.4088602583E+10
   130400 -1.7554121887E+08  1.4097469078E+10
   130500 -1.7608610341E+08  1.4097705247E+10
   130600 -1.7658261218E+08  1.4091322520E+10
   130700 -1.7569203376E+08  1.4072648234E+10
   130800 -1.7630697198E+08  1.4047554080E+10
   130900 -1.7646240305E+08  1.4049544423E+10
   131000 -1.7610902628E+08  1.4032668641E+10
   131100 -1.7595765201E+08  1.4004981259E+10
   131200 -1.7520325725E+08  1.3996765711E+10
   131300 -1.7547541351E+08  1.3991628849E+10
   131400 -1.7528667433E+08  1.3993502857E+10
   131500 -1.7526948049E+08  1.4000661217E+10
   131600 -1.7470002456E+08  1.4017787315E+10
   131700 -1.7530415471E+08  1.4031246486E+10
   131800 -1.7543561723E+08  1.4024997605E+10
   131900 -1.7550670218E+08  1.4033333300E+10
   132000 -1.7551980998E+08  1.4024582895E+10
   132100 -1.7520637050E+08  1.4045063808E+10
   132200 -1.7566970611E+08  1.4042530694E+10
   132300 -1.7532893361E+08  1.4044520866E+10
   132400 -1.7572069946E+08  1.4027333002E+10
   132500 -1.7549825732E+08  1.4001581318E+10
   132600 -1.7507523877E+08  1.3992549543E+10
   132700 -1.7515200919E+08  1.4007368401E+10
   132800 -1.7514512277E+08  1.4017964848E+10
   132900 -1.7518120635E+08  1.4027418250E+10
   133000 -1.7539803138E+08  1.4011919336E+10
   133100 -1.7495405976E+08  1.3993890279E+10
   133200 -1.7504772282E+08  1.3986419241E+10
   133300 -1.7513230159E+08  1.3999112987E+10
   133400 -1.7488712304E+08  1.4004263398E+10
   133500 -1.7520420124E+08  1.3996009575E+10
   133600 -1.7523482935E+08  1.4021260855E+10
   133700 -1.7535107250E+08  1.4033549227E+10
   133800 -1.7485802221E+08  1.4027315478E+10
   133900 -1.7544585864E+08  1.4031070360E+10
   134000 -1.7545300639E+08  1.4037256449E+10
   134100 -1.7600814817E+08  1.4037859506E+10
   134200 -1.7567559724E+08  1.4043357487E+10
   134300 -1.7514024430E+08  1.4008440284E+10
   134400 -1.7594102039E+08  1.3992476036E+10
   134500 -1.7510794071E+08  1.3985630119E+10
   134600 -1.7541887443E+08  1.3990617161E+10
   134700 -1.7468199735E+08  1.3993507206E+10
   134800 -1.7489294897E+08  1.4007198184E+10
   134900 -1.7507664147E+08  1.4014745549E+10
   135000 -1.7504861573E+08  1.4021320622E+10
   135100 -1.7503259115E+08  1.4009544200E+10
   135200 -1.7506571503E+08  1.3998687937E+10
   135300 -1.7545665423E+08  1.3994743156E+10
   135400 -1.7538085502E+08  1.4014560672E+10
   135500 -1.7525907633E+08  1.4027267019E+10
   135600 -1.7494900046E+08  1.4012850585E+10
   135700 -1.7539242070E+08  1.4007882766E+10
   135800 -1.7574980151E+08  1.3998386730E+10
   135900 -1.7544165919E+08  1.4022400459E+10
   136000 -1.7540980546E+08  1.4033455552E+10
   136100 -1.7541440174E+08  1.4029031920E+10
   136200 -1.7547191970E+08  1.4040504544E+10
   136300 -1.7635849828E+08  1.4063184974E+10
   136400 -1.7578952335E+08  1.4055379407E+10
   136500 -1.7580679264E+08  1.4044892904E+10
   136600 -1.7562719856E+08  1.4038460495E+10
   136700 -1.7583649436E+08  1.4033437223E+10
   136800 -1.7571568766E+08  1.4019933745E+10
   136900 -1.7516029782E+08  1.4008974427E+10
   137000 -1.7539155397E+08  1.3993499348E+10
   137100 -1.7517325632E+08  1.4000508272E+10
   137200 -1.7548526824E+08  1.4016628133E+10
   137300 -1.7615201044E+08  1.4039393379E+10
   137400 -1.7545721015E+08  1.4064040553E+10
   137500 -1.7569288027E+08  1.4049014946E+10
   137600 -1.7621798228E+08  1.4049152972E+10
   137700 -1.7612784855E+08  1.4052126867E+10
   137800 -1.7568625003E+08  1.4051046319E+10
   137900 -1.7602392895E+08  1.4041239432E+10
   138000 -1.7553588617E+08  1.4021556748E+10
   138100 -1.7553933193E+08  1.4008040954E+10
   138200 -1.7558796290E+08  1.3991345254E+10
   138300 -1.7512061502E+08  1.3998160350E+10
   138400 -1.7518767191E+08  1.3995892050E+10
   138500 -1.7527031237E+08  1.4005301157E+10
   138600 -1.7564956791E+08  1.4048010637E+10
   138700 -1.7555646368E+08  1.4012431935E+10
   138800 -1.7543640127E+08  1.4004563951E+10
   138900 -1.7503989510E+08  1.4000869540E+10
   139000 -1.7557762210E+08  1.4006349809E+10
   139100 -1.7503751743E+08  1.4012733831E+10
   139200 -1.7504779187E+08  1.4009199287E+10
   139300 -1.7487814647E+08  1.4005559837E+10
   139400 -1.7525094339E+08  1.4018001596E+10
   139500 -1.7529148809E+08  1.4016649218E+10
   139600 -1.7511584316E+08  1.4024360465E+10
   139700 -1.7527588007E+08  1.4030413724E+10
   139800 -1.7526328612E+08  1.4037133156E+10
   139900 -1.7505295275E+08  1.4046474948E+10
   140000 -1.7518298264E+08  1.4045889126E+10
   140100 -1.7492043803E+08  1.4026321212E+10
   140200 -1.7517343571E+08  1.4023589902E+10
   140300 -1.7494346057E+08  1.4032305446E+10
   140400 -1.7481231459E+08  1.4035892546E+10
   140500 -1.7499649739E+08  1.4028853474E+10
   140600 -1.7534842963E+08  1.4017506112E+10
   140700 -1.7550580258E+08  1.4013402435E+10
   140800 -1.7499186513E+08  1.3989517623E+10
   140900 -1.7484227577E+08  1.3997420566E+10
   141000 -1.7476400481E+08  1.3991640171E+10
   141100 -1.7451618126E+08  1.3955829440E+10
   141200 -1.7425941254E+08  1.3948059996E+10
   141300 -1.7473201111E+08  1.3971609635E+10
   141400 -1.7449341007E+08  1.3982702801E+10
   141500 -1.7437212320E+08  1.3970245784E+10
   141600 -1.7470249887E+08  1.3960943516E+10
   141700 -1.7479882140E+08  1.3950722859E+10
   141800 -1.7474477965E+08  1.3953573584E+10
   141900 -1.7410891419E+08  1.3955515687E+10
   142000 -1.7499797059E+08  1.3986520284E+10
   142100 -1.7531054981E+08  1.3998881926E+10
   142200 -1.7521987189E+08  1.4008388997E+10
   142300 -1.7477100133E+08  1.4021842830E+10
   142400 -1.7502741896E+08  1.4002230013E+10
   142500 -1.7497936743E+08  1.3999908754E+10
   142600 -1.7574874121E+08  1.4019928813E+10
   142700 -1.7585813741E+08  1.4027319128E+10
   142800 -1.7504057155E+08  1.4017118611E+10
   142900 -1.7497290110E+08  1.4021452426E+10
   143000 -1.7506451527E+08  1.4017393995E+10
   143100 -1.7486055849E+08  1.3997877727E+10
   143200 -1.7434365400E+08  1.3974755894E+10
   143300 -1.7518038876E+08  1.3989683666E+10
   143400 -1.7461098875E+08  1.4002772247E+10
   143500 -1.7532283191E+08  1.4031691735E+10
   143600 -1.7551523501E+08  1.4046283797E+10
   143700 -1.7558444302E+08  1.4063796653E+10
   143800 -1.7567465243E+08  1.4070946431E+10
   143900 -1.7618477814E+08  1.4076674696E+10
   144000 -1.7552879854E+08  1.4051600679E+10
   144100 -1.7591430312E+08  1.4028282855E+10
   144200 -1.7554856145E+08  1.4016564483E+10
   144300 -1.7589885905E+08  1.4021056041E+10
   144400 -1.7533430730E+08  1.4043926142E+10
   144500 -1.7526011371E+08  1.4060333295E+10
   144600 -1.7610987825E+08  1.4044052204E+10
   144700 -1.7607099503E+08  1.4054081630E+10
   144800 -1.7687052114E+08  1.4081673438E+10
   144900 -1.7639803889E+08  1.4062916265E+10
   145000 -1.7617588798E+08  1.4064092936E+10
   145100 -1.7613636318E+08  1.4060145741E+10
   145200 -1.7628529616E+08  1.4062813423E+10
   145300 -1.7628161385E+08  1.4063667848E+10
   145400 -1.7600976812E+08  1.4068663070E+10
   145500 -1.7607967576E+08  1.4081405568E+10
   145600 -1.7622985672E+08  1.4083082482E+10
   145700 -1.7630850038E+08  1.4085685126E+10
   145800 -1.7648850050E+08  1.4080338348E+10
   145900 -1.7610952375E+08  1.4076831583E+10
   146000 -1.7651544605E+08  1.4072150769E+10
   146100 -1.7589857784E+08  1.4062718331E+10
   146200 -1.7603554292E+08  1.4066931197E+10
   146300 -1.7589981078E+08  1.4066741789E+10
   146400 -1.7590276546E+08  1.4067912234E+10
   146500 -1.7681721126E+08  1.4084507679E+10
   146600 -1.7611706410E+08  1.4077103263E+10
   146700 -1.7623469042E+08  1.4050441437E+10
   146800 -1.7552404859E+08  1.4032715410E+10
   146900 -1.7618119794E+08  1.4019514481E+10
   147000 -1.7589527341E+08  1.4021674281E+10
   147100 -1.7529621799E+08  1.4012932275E+10
   147200 -1.7557505996E+08  1.4005044205E+10
   147300 -1.7598461229E+08  1.4034942036E+10
   147400 -1.7550177261E+08  1.4039937514E+10
   147500 -1.7540912734E+08  1.4049103652E+10
   147600 -1.7546570627E+08  1.4046682094E+10
   147700 -1.7584431970E+08  1.4034081252E+10
   147800 -1.7551426365E+08  1.4028830029E+10
   147900 -1.7571368892E+08  1.3996195769E+10
   148000 -1.7586867586E+08  1.4000053453E+10
   148100 -1.7545421067E+08  1.4014935601E+10
   148200 -1.7543109102E+08  1.4009927226E+10
   148300 -1.7514876780E+08  1.3987175944E+10
   148400 -1.7523238014E+08  1.4017418213E+10
   148500 -1.7536014768E+08  1.4027705801E+10
   148600 -1.7512058413E+08  1.4030308963E+10
   148700 -1.7486703241E+08  1.4022476954E+10
   148800 -1.7512984218E+08  1.4020084602E+10
   148900 -1.7506836454E+08  1.4012351587E+10
   149000 -1.7522251159E+08  1.4013265668E+10
   149100 -1.7546362863E+08  1.4016969163E+10
   149200 -1.7532896574E+08  1.4014971886E+10
   149300 -1.7523758596E+08  1.4031432233E+10
   149400 -1.7529935536E+08  1.4060777807E+10
   149500 -1.7577295730E+08  1.4065073375E+10
   149600 -1.7546991403E+08  1.4077760492E+10
   149700 -1.7585169310E+08  1.4105356481E+10
   149800 -1.7665301156E+08  1.4094675780E+10
   149900 -1.7631580657E+08  1.4095055774E+10
   150000 -1.7614094207E+08  1.4082450847E+10
   150100 -1.7595994768E+08  1.4055891164E+10
   150200 -1.7608209992E+08  1.4050768219E+10
   150300 -1.7593051522E+08  1.4046157236E+10
   150400 -1.7564132293E+08  1.4036970202E+10
   150500 -1.7555790415E+08  1.4036706353E+10
   150600 -1.7557705379E+08  1.4032515371E+10
   150700 -1.7587876811E+08  1.4052388046E+10
   150800 -1.7578023018E+08  1.4042532046E+10
   150900 -1.7581818940E+08  1.4016386550E+10
   151000 -1.7556936961E+08  1.4013546785E+10
   151100 -1.7573307862E+08  1.4039134020E+10
   151200 -1.7569824222E+08  1.4066729260E+10
   151300 -1.7657564478E+08  1.4071280008E+10
   151400 -1.7612934326E+08  1.4080958526E+10
   151500 -1.7650376068E+08  1.4104987659E+10
   151600 -1.7626911237E+08  1.4109579862E+10
   151700 -1.7667851721E+08  1.4096819875E+10
   151800 -1.7678012145E+08  1.4089532050E+10
   151900 -1.7674330613E+08  1.4076749630E+10
   152000 -1.7650727278E+08  1.4063418675E+10
   152100 -1.7702255356E+08  1.4067111156E+10
   152200 -1.7606562584E+08  1.4046577434E+10
   152300 -1.7637682152E+08  1.4036486975E+10
   152400 -1.7558230420E+08  1.4028785626E+10
   152500 -1.7623750672E+08  1.4043304291E+10
   152600 -1.7551802160E+08  1.4063493105E+10
   152700 -1.7566504644E+08  1.4072646644E+10
   152800 -1.7605175466E+08  1.4045841681E+10
   152900 -1.7556544994E+08  1.4004889795E+10
   153000 -1.7587340732E+08  1.4014901252E+10
   153100 -1.7607262351E+08  1.4030292021E+10
   153200 -1.7568606315E+08  1.4024934313E+10
   153300 -1.7517710708E+08  1.4010334573E+10
   153400 -1.7496664704E+08  1.4021092886E+10
   153500 -1.7520873435E+08  1.4056118090E+10
   153600 -1.7482731393E+08  1.4046476828E+10
   153700 -1.7504559060E+08  1.4050594199E+10
   153800 -1.7556521069E+08  1.4063296983E+10
   153900 -1.7574417299E+08  1.4055801590E+10
   154000 -1.7610932104E+08  1.4052955704E+10
   154100 -1.7568478363E+08  1.4058251982E+10
   154200 -1.7599840501E+08  1.4057330058E+10
   154300 -1.7608508817E+08  1.4065198479E+10
   154400 -1.7625420605E+08  1.4058089773E+10
   154500 -1.7600712774E+08  1.4055007220E+10
   154600 -1.7578930210E+08  1.4051320045E+10
   154700 -1.7581199992E+08  1.4058853303E+10
   154800 -1.7533017177E+08  1.4041165584E+10
   154900 -1.7564905298E+08  1.4052661983E+10
   155000 -1.7596435303E+08  1.4058456053E+10
   155100 -1.7594862346E+08  1.4055991384E+10
   155200 -1.7619999321E+08  1.4064655335E+10
   155300 -1.7613503327E+08  1.4067598405E+10
   155400 -1.7593853621E+08  1.4043713631E+10
   155500 -1.7486360823E+08  1.4017599067E+10
   155600 -1.7570472477E+08  1.4027303020E+10
   155700 -1.7516710236E+08  1.4020252309E+10
   155800 -1.7490321943E+08  1.4024642020E+10
   155900 -1.7557995338E+08  1.4022693165E+10
   156000 -1.7556958257E+08  1.4053319207E+10
   156100 -1.7577018489E+08  1.4067494729E+10
   156200 -1.7554877635E+08  1.4051060449E+10
   156300 -1.7575190227E+08  1.4066409121E+10
   156400 -1.7524733857E+08  1.4064939230E+10
   156500 -1.7606791477E+08  1.4081619824E+10
   156600 -1.7659855224E+08  1.4082614170E+10
   156700 -1.7675435357E+08  1.4067273890E+10
   156800 -1.7608481876E+08  1.4055970560E+10
   156900 -1.7626125150E+08  1.4029285450E+10
   157000 -1.7550365434E+08  1.4026756932E+10
   157100 -1.7545163022E+08  1.4039643853E+10
   157200 -1.7581433697E+08  1.4033774277E+10
   157300 -1.7581035594E+08  1.4044433854E+10
   157400 -1.7608488897E+08  1.4048491246E+10
   157500 -1.7592684245E+08  1.4054264518E+10
   157600 -1.7581693986E+08  1.4069911500E+10
   157700 -1.7595222658E+08  1.4069035979E+10
   157800 -1.7593844994E+08  1.4070616623E+10
   157900 -1.7545863526E+08  1.4053877867E+10
   158000 -1.7546495989E+08  1.4041864609E+10
   158100 -1.7579150903E+08  1.4035966092E+10
   158200 -1.7514205080E+08  1.4032472996E+10
   158300 -1.7540179909E+08  1.4024204211E+10
   158400 -1.7475668722E+08  1.4021422889E+10
   158500 -1.7535404470E+08  1.4016292529E+10
   158600 -1.7482752236E+08  1.4001368514E+10
   158700 -1.7521178393E+08  1.3994202242E+10
   158800 -1.7484382863E+08  1.3996305544E+10
   158900 -1.7448471445E+08  1.3991054297E+10
   159000 -1.7475248344E+08  1.3988135787E+10
   159100 -1.7483164625E+08  1.3999154508E+10
   159200 -1.7528375650E+08  1.4014777704E+10
   159300 -1.7533664889E+08  1.4045089620E+10
   159400 -1.7533862775E+08  1.4064602105E+10
   159500 -1.7582240001E+08  1.4072287877E+10
   159600 -1.7617903533E+08  1.4078130299E+10
   159700 -1.7628082064E+08  1.4070455343E+10
   159800 -1.7610099571E+08  1.4038989144E+10
   159900 -1.7594428546E+08  1.4025547831E+10
   160000 -1.7559641927E+08  1.4026687694E+10
   160100 -1.7566364752E+08  1.4037951085E+10
   160200 -1.7563011442E+08  1.4029924976E+10
   160300 -1.7573638066E+08  1.4018607430E+10
   160400 -1.7552779903E+08  1.4016022218E+10
   160500 -1.7541447757E+08  1.4007741512E+10
   160600 -1.7575854160E+08  1.4006477926E+10
   160700 -1.7509914683E+08  1.4018196204E+10
   160800 -1.7584318368E+08  1.4052641113E+10
   160900 -1.7557213212E+08  1.4077879281E+10
   161000 -1.7583502959E+08  1.4057390998E+10
   161100 -1.7518349609E+08  1.4037778521E+10
   161200 -1.7579864934E+08  1.4039392695E+10
   161300 -1.7625228542E+08  1.4055487520E+10
   161400 -1.7598886536E+08  1.4075255506E+10
   161500 -1.7644353744E+08  1.4074257537E+10
   161600 -1.7613228547E+08  1.4077028426E+10
   161700 -1.7525957499E+08  1.4035467114E+10
   161800 -1.7587865974E+08  1.4032290204E+10
   161900 -1.7560997468E+08  1.4054645846E+10
   162000 -1.7541336895E+08  1.4061693741E+10
   162100 -1.7615710487E+08  1.4055051979E+10
   162200 -1.7510920167E+08  1.4048003820E+10
   162300 -1.7563542152E+08  1.4030333641E+10
   162400 -1.7591097717E+08  1.4024200008E+10
   162500 -1.7571282221E+08  1.4038433553E+10
   162600 -1.7575447197E+08  1.4036057927E+10
   162700 -1.7577414640E+08  1.4042358749E+10
   162800 -1.7622783653E+08  1.4065055008E+10
   162900 -1.7591360640E+08  1.4061726883E+10
   163000 -1.7609390460E+08  1.4052051372E+10
   163100 -1.7584093083E+08  1.4055409372E+10
   163200 -1.7647789117E+08  1.4038661718E+10
   163300 -1.7567302929E+08  1.4040215038E+10
   163400 -1.7601616671E+08  1.4063715018E+10
   163500 -1.7549198458E+08  1.4067689542E+10
   163600 -1.7589156508E+08  1.4057694275E+10
   163700 -1.7510602854E+08  1.4058287296E+10
   163800 -1.7553136404E+08  1.4079809706E+10
   163900 -1.7557654345E+08  1.4092928562E+10
   164000 -1.7608672330E+08  1.4078925648E+10
   164100 -1.7569919447E+08  1.4057451260E+10
   164200 -1.7551127218E+08  1.4036536761E+10
   164300 -1.7515009886E+08  1.4018255282E+10
   164400 -1.7516037429E+08  1.4024592532E+10
   164500 -1.7578056310E+08  1.4041503485E+10
   164600 -1.7535993544E+08  1.4022378227E+10
   164700 -1.7546501622E+08  1.4039089920E+10
   164800 -1.7572658477E+08  1.4048227392E+10
   164900 -1.7524911802E+08  1.4054067333E+10
   165000 -1.7568503879E+08  1.4059416608E+10
   165100 -1.7637723018E+08  1.4055166865E+10
   165200 -1.7616196590E+08  1.4029827562E+10
   165300 -1.7563138343E+08  1.4005057167E+10
   165400 -1.7547941487E+08  1.4000410701E+10
   165500 -1.7507451882E+08  1.3988334668E+10
   165600 -1.7501311253E+08  1.3970515386E+10
   165700 -1.7487053238E+08  1.3979742186E+10
   165800 -1.7541298039E+08  1.3996829150E+10
   165900 -1.7562858092E+08  1.4019806612E+10
   166000 -1.7536183492E+08  1.4006059270E+10
   166100 -1.7589244079E+08  1.4014713521E+10
   166200 -1.7610062830E+08  1.4027864622E+10
   166300 -1.7557709469E+08  1.4034196892E+10
   166400 -1.7586519327E+08  1.4031544146E+10
   166500 -1.7536477042E+08  1.4010825307E+10
   166600 -1.7563905242E+08  1.4008162127E+10
   166700 -1.7547534250E+08  1.4008765732E+10
   166800 -1.7569222183E+08  1.4031332753E+10
   166900 -1.7598685019E+08  1.4028321192E+10
   167000 -1.7572060171E+08  1.4036895026E+10
   167100 -1.7585405800E+08  1.4046948846E+10
   167200 -1.7531970747E+08  1.4061350992E+10
   167300 -1.7540673412E+08  1.4081592602E+10
   167400 -1.7543169939E+08  1.4093334604E+10
   167500 -1.7611509197E+08  1.4087340053E+10
   167600 -1.7582601104E+08  1.4085845279E+10
   167700 -1.7602005754E+08  1.4091353333E+10
   167800 -1.7652575826E+08  1.4086078021E+10
   167900 -1.7575725340E+08  1.4050219524E+10
   168000 -1.7544104624E+08  1.4048843678E+10
   168100 -1.7528498728E+08  1.4061924204E+10
   168200 -1.7602120240E+08  1.4061228152E+10
   168300 -1.7613060133E+08  1.4065348208E+10
   168400 -1.7605324070E+08  1.4053933879E+10
   168500 -1.7567997843E+08  1.4047765121E+10
   168600 -1.7570997246E+08  1.4035126135E+10
   168700 -1.7579819975E+08  1.4046311032E+10
   168800 -1.7617175867E+08  1.4055557085E+10
   168900 -1.7636153329E+08  1.4072813501E+10
   169000 -1.7615030961E+08  1.4078136477E+10
   169100 -1.7600709713E+08  1.4110844746E+10
   169200 -1.7648791852E+08  1.4109855972E+10
   169300 -1.7610015768E+08  1.4090308452E+10
   169400 -1.7587912475E+08  1.4053802057E+10
   169500 -1.7638816807E+08  1.4037653691E+10
   169600 -1.7590023930E+08  1.4017732500E+10
   169700 -1.7564299902E+08  1.4020168409E+10
   169800 -1.7563981741E+08  1.4043544807E+10
   169900 -1.7589090016E+08  1.4063643195E+10
   170000 -1.7628153426E+08  1.4060806169E+10
   170100 -1.7606576496E+08  1.4050240502E+10
   170200 -1.7552309732E+08  1.4058155625E+10
   170300 -1.7591360841E+08  1.4058927103E+10
   170400 -1.7501633309E+08  1.4033173795E+10
   170500 -1.7531621745E+08  1.4030575579E+10
   170600 -1.7580708108E+08  1.4026667363E+10
   170700 -1.7554281195E+08  1.4024387429E+10
   170800 -1.7527744595E+08  1.4013383273E+10
   170900 -1.7559592281E+08  1.4016489186E+10
   171000 -1.7549230496E+08  1.4033182021E+10
   171100 -1.7540762071E+08  1.4044070141E+10
   171200 -1.7603835554E+08  1.4028766614E+10
   171300 -1.7564456421E+08  1.4036124227E+10
   171400 -1.7517952890E+08  1.4033384461E+10
   171500 -1.7601758322E+08  1.4020490690E+10
   171600 -1.7575933525E+08  1.4027967263E+10
   171700 -1.7544307111E+08  1.4034278224E+10
   171800 -1.7545471268E+08  1.4036056124E+10
   171900 -1.7534315993E+08  1.4020775707E+10
   172000 -1.7523792188E+08  1.4018880072E+10
   172100 -1.7540499961E+08  1.4034512673E+10
   172200 -1.7567445291E+08  1.4037780691E+10
   172300 -1.7540591725E+08  1.4027260378E+10
   172400 -1.7514315148E+08  1.4035067572E+10
   172500 -1.7576774552E+08  1.4057071320E+10
   172600 -1.7542491085E+08  1.4057067429E+10
   172700 -1.7576119586E+08  1.4055483979E+10
   172800 -1.7571228735E+08  1.4045095311E+10
   172900 -1.7572117720E+08  1.4045949033E+10
   173000 -1.7594674980E+08  1.4014590589E+10
   173100 -1.7577838272E+08  1.4000418100E+10
   173200 -1.7579899924E+08  1.3997287505E+10
   173300 -1.7531188966E+08  1.4004369344E+10
   173400 -1.7498836104E+08  1.4020917948E+10
   173500 -1.7541497212E+08  1.4029727023E+10
   173600 -1.7542624330E+08  1.4027003874E+10
   173700 -1.7512397495E+08  1.4022222668E+10
   173800 -1.7534653657E+08  1.4029587803E+10
   173900 -1.7492723142E+08  1.4025740487E+10
   174000 -1.7494225632E+08  1.4013679137E+10
   174100 -1.7515736770E+08  1.4017636837E+10
   174200 -1.7515166172E+08  1.4015102743E+10
   174300 -1.7551738086E+08  1.4011313075E+10
   174400 -1.7474555018E+08  1.4011369651E+10
   174500 -1.7504860299E+08  1.4001471603E+10
   174600 -1.7537256269E+08  1.4010641545E+10
   174700 -1.7503112094E+08  1.4019242918E+10
   174800 -1.7506971613E+08  1.4015332088E+10
   174900 -1.7543358534E+08  1.4015138250E+10
   175000 -1.7513665680E+08  1.4017113731E+10
   175100 -1.7510769585E+08  1.4020741157E+10
   175200 -1.7508928555E+08  1.4010082880E+10
   175300 -1.7558949967E+08  1.4014020958E+10
   175400 -1.7541081898E+08  1.4014080312E+10
   175500 -1.7582828820E+08  1.4023909499E+10
   175600 -1.7501445660E+08  1.4025677012E+10
   175700 -1.7558281071E+08  1.4018880044E+10
   175800 -1.7532373408E+08  1.4035441648E+10
   175900 -1.7547788350E+08  1.4041465351E+10
   176000 -1.7585033237E+08  1.4046855136E+10
   176100 -1.7564628651E+08  1.4048419401E+10
   176200 -1.7574273856E+08  1.4066897181E+10
   176300 -1.7581239844E+08  1.4088788134E+10
   176400 -1.7588587505E+08  1.4088086457E+10
   176500 -1.7638994423E+08  1.4068295529E+10
   176600 -1.7619525248E+08  1.4081901389E+10
   176700 -1.7584005377E+08  1.4079469975E+10
   176800 -1.7595130466E+08  1.4091506993E+10
   176900 -1.7643138109E+08  1.4078642947E+10
   177000 -1.7649566195E+08  1.4067769453E+10
   177100 -1.7568556105E+08  1.4075891168E+10
   177200 -1.7588806257E+08  1.4044803688E+10
   177300 -1.7606545969E+08  1.4026761561E+10
   177400 -1.7586979150E+08  1.4032398471E+10
   177500 -1.7575343182E+08  1.4046541651E+10
   177600 -1.7590148840E+08  1.4062856661E+10
   177700 -1.7546419046E+08  1.4057081295E+10
   177800 -1.7617847093E+08  1.4052705937E+10
   177900 -1.7611953845E+08  1.4048376419E+10
   178000 -1.7610811940E+08  1.4036660512E+10
   178100 -1.7558180144E+08  1.4037482733E+10
   178200 -1.7521289658E+08  1.4023211093E+10
   178300 -1.7528053257E+08  1.4024798716E+10
   178400 -1.7520220584E+08  1.4031480148E+10
   178500 -1.7544329553E+08  1.4033522532E+10
   178600 -1.7532230299E+08  1.4008729242E+10
   178700 -1.7513624019E+08  1.4014567877E+10
   178800 -1.7537041552E+08  1.4023811105E+10
   178900 -1.7525731353E+08  1.4027203629E+10
   179000 -1.7516253309E+08  1.4023127499E+10
   179100 -1.7525252855E+08  1.4019713293E+10
   179200 -1.7504574004E+08  1.4010137857E+10
   179300 -1.7536340171E+08  1.3991182089E+10
   179400 -1.7490967323E+08  1.3991018445E+10
   179500 -1.7515752462E+08  1.4004233442E+10
   179600 -1.7494838158E+08  1.4002964215E+10
   179700 -1.7503421225E+08  1.4014907532E+10
   179800 -1.7517638349E+08  1.4016771195E+10
   179900 -1.7512540848E+08  1.4026686452E+10
   180000 -1.7522673085E+08  1.4026819930E+10
   180100 -1.7519638954E+08  1.4018233681E+10
   180200 -1.7512877594E+08  1.4014342982E+10
   180300 -1.7512379033E+08  1.4004047871E+10
   180400 -1.7556353234E+08  1.4008635284E+10
   180500 -1.7508339745E+08  1.4016715607E+10
   180600 -1.7549052120E+08  1.4034630812E+10
   180700 -1.7580001664E+08  1.4030763707E+10
   180800 -1.7503793790E+08  1.4025275448E+10
   180900 -1.7555293371E+08  1.4018734829E+10
   181000 -1.7500217575E+08  1.4004521587E+10
   181100 -1.7538051618E+08  1.4018867003E+10
   181200 -1.7499565464E+08  1.4020963489E+10
   181300 -1.7498097497E+08  1.4008304905E+10
   181400 -1.7517176031E+08  1.4040207436E+10
   181500 -1.7526663408E+08  1.4033951249E+10
   181600 -1.7497103049E+08  1.4015745663E+10
   181700 -1.7480631453E+08  1.4007353152E+10
   181800 -1.7523823535E+08  1.4004625547E+10
   181900 -1.7465917562E+08  1.3995944468E+10
   182000 -1.7526707557E+08  1.3986937538E+10
   182100 -1.7479333409E+08  1.3987589877E+10
   182200 -1.7516446744E+08  1.3987318320E+10
   182300 -1.7525672768E+08  1.4004870489E+10
   182400 -1.7508269031E+08  1.4004809914E+10
   182500 -1.7535435885E+08  1.4008156860E+10
   182600 -1.7596329204E+08  1.4017000885E+10
   182700 -1.7555535103E+08  1.4026378848E+10
   182800 -1.7545958838E+08  1.4038853723E+10
   182900 -1.7482225786E+08  1.4049309851E+10
   183000 -1.7522631006E+08  1.4054509949E+10
   183100 -1.7542770031E+08  1.4043937882E+10
   183200 -1.7582480740E+08  1.4040808214E+10
   183300 -1.7550080628E+08  1.4011183677E+10
   183400 -1.7534498000E+08  1.3997510901E+10
   183500 -1.7512307144E+08  1.4009622141E+10
   183600 -1.7535471954E+08  1.4021847387E+10
   183700 -1.7542553543E+08  1.4060249524E+10
   183800 -1.7579105467E+08  1.4052055309E+10
   183900 -1.7557641188E+08  1.4042637913E+10
   184000 -1.7530161215E+08  1.4051672338E+10
   184100 -1.7545194659E+08  1.4052253332E+10
   184200 -1.7555258734E+08  1.4075564676E+10
