 ######
    27955 -4.2877837328E+09  1.5860706782E+12
    28055 -3.3503776457E+09  7.7405114687E+09
    28155 -3.3597912676E+09  7.7428943793E+09
    28255 -3.3511970022E+09  7.7359753544E+09
    28355 -3.3433693381E+09  7.7400601558E+09
    28455 -3.3576571040E+09  7.7425367511E+09
    28555 -3.3476771850E+09  7.7431039618E+09
    28655 -3.3556009255E+09  7.7423020401E+09
    28755 -3.3532563325E+09  7.7387804183E+09
    28855 -3.3639994280E+09  7.7420222377E+09
    28955 -3.3468577972E+09  7.7368659778E+09
    29055 -3.3544150099E+09  7.7377800621E+09
    29155 -3.3549810738E+09  7.7375563093E+09
    29255 -3.3551010124E+09  7.7400462042E+09
    29355 -3.3507006969E+09  7.7362821360E+09
    29455 -3.3539198724E+09  7.7358256858E+09
    29555 -3.3487151233E+09  7.7423656067E+09
    29655 -3.3497886014E+09  7.7447043021E+09
    29755 -3.3428652370E+09  7.7367678247E+09
    29855 -3.3436922684E+09  7.7363231709E+09
    29955 -3.3552833082E+09  7.7311768528E+09
    30055 -3.3507317758E+09  7.7380842363E+09
    30155 -3.3666080086E+09  7.7470582556E+09
    30255 -3.3563531192E+09  7.7412453777E+09
    30355 -3.3611068322E+09  7.7264088602E+09
    30455 -3.3566556871E+09  7.7166318188E+09
    30555 -3.3465795165E+09  7.7158257106E+09
    30655 -3.3420437993E+09  7.7162418211E+09
    30755 -3.3383687985E+09  7.7171006960E+09
    30855 -3.3484840676E+09  7.7179566420E+09
    30955 -3.3505090822E+09  7.7181705318E+09
    31055 -3.3324725951E+09  7.7250652474E+09
    31155 -3.3363335808E+09  7.7200859457E+09
    31255 -3.3447611413E+09  7.7271477603E+09
    31355 -3.3607390072E+09  7.7365535087E+09
    31455 -3.3501365475E+09  7.7347575917E+09
    31555 -3.3501856800E+09  7.7347900724E+09
    31655 -3.3632595806E+09  7.7424671690E+09
    31755 -3.3449751675E+09  7.7416617507E+09
    31855 -3.3547312977E+09  7.7435285493E+09
    31955 -3.3548272255E+09  7.7359053791E+09
    32055 -3.3493444366E+09  7.7338271688E+09
    32155 -3.3435519938E+09  7.7330308233E+09
    32255 -3.3495739985E+09  7.7367943324E+09
    32355 -3.3460332960E+09  7.7372349877E+09
    32455 -3.3324615676E+09  7.7316789184E+09
    32555 -3.3500882792E+09  7.7363410289E+09
    32655 -3.3521451696E+09  7.7371198224E+09
    32755 -3.3576163851E+09  7.7423316671E+09
    32855 -3.3586648488E+09  7.7491929354E+09
    32955 -3.3632276654E+09  7.7518699590E+09
    33055 -3.3556952923E+09  7.7384542542E+09
    33155 -3.3443328556E+09  7.7294457347E+09
    33255 -3.3385368861E+09  7.7200376005E+09
    33355 -3.3272045729E+09  7.7142394176E+09
    33455 -3.3476735047E+09  7.7130466974E+09
    33555 -3.3344436138E+09  7.7157711622E+09
    33655 -3.3395490690E+09  7.7116569174E+09
    33755 -3.3364172739E+09  7.7148736881E+09
    33855 -3.3393925505E+09  7.7243179566E+09
    33955 -3.3414664993E+09  7.7395095557E+09
    34055 -3.3534817839E+09  7.7440242846E+09
    34155 -3.3528565640E+09  7.7400040488E+09
    34255 -3.3554160145E+09  7.7392095295E+09
    34355 -3.3351745140E+09  7.7359110200E+09
    34455 -3.3538884008E+09  7.7364592585E+09
    34555 -3.3511957566E+09  7.7368207118E+09
    34655 -3.3512591297E+09  7.7353922416E+09
    34755 -3.3490548776E+09  7.7245362017E+09
    34855 -3.3506707456E+09  7.7223846072E+09
    34955 -3.3531855498E+09  7.7271400437E+09
    35055 -3.3527342710E+09  7.7272114526E+09
    35155 -3.3420758378E+09  7.7198945804E+09
    35255 -3.3421014074E+09  7.7185249893E+09
    35355 -3.3466570812E+09  7.7211267990E+09
    35455 -3.3426247447E+09  7.7152191251E+09
    35555 -3.3280848886E+09  7.7174976869E+09
    35655 -3.3502396393E+09  7.7241842738E+09
    35755 -3.3539404845E+09  7.7291464804E+09
    35855 -3.3636094205E+09  7.7400285614E+09
    35955 -3.3557215558E+09  7.7371799109E+09
    36055 -3.3518253284E+09  7.7383502494E+09
    36155 -3.3642210472E+09  7.7454984450E+09
    36255 -3.3652260391E+09  7.7455691565E+09
    36355 -3.3557268621E+09  7.7411041589E+09
    36455 -3.3569830913E+09  7.7409382304E+09
    36555 -3.3480837828E+09  7.7452858101E+09
    36655 -3.3566962973E+09  7.7396891797E+09
    36755 -3.3516916914E+09  7.7336909829E+09
    36855 -3.3504468173E+09  7.7389963789E+09
    36955 -3.3425251423E+09  7.7354914020E+09
    37055 -3.3590575966E+09  7.7370567645E+09
    37155 -3.3554612533E+09  7.7375325469E+09
    37255 -3.3492283771E+09  7.7381003576E+09
    37355 -3.3495196722E+09  7.7412333701E+09
    37455 -3.3584434525E+09  7.7336156429E+09
    37555 -3.3515771557E+09  7.7332499262E+09
    37655 -3.3554539367E+09  7.7272635670E+09
    37755 -3.3489220051E+09  7.7259494977E+09
    37855 -3.3577016493E+09  7.7254012964E+09
    37955 -3.3484703633E+09  7.7176519335E+09
    38055 -3.3509887424E+09  7.7173868807E+09
    38155 -3.3520795248E+09  7.7224896456E+09
    38255 -3.3462097142E+09  7.7227003968E+09
    38355 -3.3485854156E+09  7.7172298320E+09
    38455 -3.3462267103E+09  7.7248041436E+09
    38555 -3.3486456298E+09  7.7299758339E+09
    38655 -3.3364098468E+09  7.7244873816E+09
    38755 -3.3394195220E+09  7.7315004993E+09
    38855 -3.3403758907E+09  7.7303142998E+09
    38955 -3.3441193751E+09  7.7255860741E+09
    39055 -3.3484592039E+09  7.7256906375E+09
    39155 -3.3417293414E+09  7.7211221871E+09
    39255 -3.3467954963E+09  7.7220819651E+09
    39355 -3.3358346031E+09  7.7213321065E+09
    39455 -3.3401900629E+09  7.7184894479E+09
    39555 -3.3475147071E+09  7.7257343992E+09
    39655 -3.3628078110E+09  7.7401850125E+09
    39755 -3.3460592460E+09  7.7407938108E+09
    39855 -3.3493738317E+09  7.7387304847E+09
    39955 -3.3527362693E+09  7.7380809445E+09
    40055 -3.3544089138E+09  7.7393486316E+09
    40155 -3.3525927742E+09  7.7378335191E+09
    40255 -3.3559234105E+09  7.7341140753E+09
    40355 -3.3461927274E+09  7.7331213872E+09
    40455 -3.3504667248E+09  7.7326047003E+09
    40555 -3.3531688870E+09  7.7306345000E+09
    40655 -3.3511277335E+09  7.7296558082E+09
    40755 -3.3558702824E+09  7.7267087071E+09
    40855 -3.3537078321E+09  7.7270917162E+09
    40955 -3.3440871456E+09  7.7238341604E+09
    41055 -3.3358523515E+09  7.7264795502E+09
    41155 -3.3388972638E+09  7.7274306544E+09
    41255 -3.3268029078E+09  7.7310251747E+09
    41355 -3.3442873225E+09  7.7342561719E+09
    41455 -3.3436395779E+09  7.7282041651E+09
    41555 -3.3389966200E+09  7.7222950166E+09
    41655 -3.3426043032E+09  7.7234417181E+09
    41755 -3.3479631083E+09  7.7336949051E+09
    41855 -3.3494986480E+09  7.7434882191E+09
    41955 -3.3490012889E+09  7.7499576749E+09
    42055 -3.3476850406E+09  7.7547974879E+09
    42155 -3.3559795813E+09  7.7525584902E+09
    42255 -3.3394107643E+09  7.7304032391E+09
    42355 -3.3373805415E+09  7.7274024162E+09
    42455 -3.3473061283E+09  7.7314854113E+09
    42555 -3.3423562449E+09  7.7233202386E+09
    42655 -3.3455996489E+09  7.7322525799E+09
    42755 -3.3375339528E+09  7.7389083490E+09
    42855 -3.3374421749E+09  7.7364303803E+09
    42955 -3.3410242273E+09  7.7358149571E+09
    43055 -3.3286244211E+09  7.7244958038E+09
    43155 -3.3366924799E+09  7.7234513113E+09
    43255 -3.3579735313E+09  7.7221006460E+09
    43355 -3.3458840478E+09  7.7256139602E+09
    43455 -3.3417304716E+09  7.7228154523E+09
    43555 -3.3527091190E+09  7.7184690436E+09
    43655 -3.3440715709E+09  7.7153937255E+09
    43755 -3.3400134980E+09  7.7156435994E+09
    43855 -3.3503559950E+09  7.7188909076E+09
    43955 -3.3464137294E+09  7.7234774015E+09
    44055 -3.3397274519E+09  7.7140181661E+09
    44155 -3.3326645665E+09  7.7152209004E+09
    44255 -3.3376076576E+09  7.7084870813E+09
    44355 -3.3280804330E+09  7.7066608688E+09
    44455 -3.3237425991E+09  7.7068534534E+09
    44555 -3.3406118153E+09  7.7110808467E+09
    44655 -3.3417298326E+09  7.7140801456E+09
    44755 -3.3463497131E+09  7.7208709538E+09
    44855 -3.3493724010E+09  7.7305135660E+09
    44955 -3.3342819346E+09  7.7212550788E+09
    45055 -3.3348878810E+09  7.7124089088E+09
    45155 -3.3368486981E+09  7.7179201220E+09
    45255 -3.3492414560E+09  7.7185075438E+09
    45355 -3.3460629646E+09  7.7239747856E+09
    45455 -3.3456131657E+09  7.7229871293E+09
    45555 -3.3331354030E+09  7.7204787115E+09
    45655 -3.3436273167E+09  7.7289838002E+09
    45755 -3.3491042807E+09  7.7348084224E+09
    45855 -3.3511718603E+09  7.7396877435E+09
    45955 -3.3384617816E+09  7.7484668127E+09
    46055 -3.3466021517E+09  7.7478406355E+09
    46155 -3.3458259248E+09  7.7519391085E+09
    46255 -3.3470857559E+09  7.7422648231E+09
    46355 -3.3553262696E+09  7.7384720376E+09
    46455 -3.3597418689E+09  7.7316792828E+09
    46555 -3.3523852026E+09  7.7313195682E+09
    46655 -3.3541094006E+09  7.7342012343E+09
    46755 -3.3463038647E+09  7.7332428208E+09
    46855 -3.3519587516E+09  7.7312806564E+09
    46955 -3.3500741907E+09  7.7256680293E+09
    47055 -3.3458044766E+09  7.7186223437E+09
    47155 -3.3450477329E+09  7.7110759656E+09
    47255 -3.3381309146E+09  7.7087317529E+09
    47355 -3.3481414929E+09  7.7120333357E+09
    47455 -3.3415405955E+09  7.7149454212E+09
    47555 -3.3266473524E+09  7.7098434897E+09
    47655 -3.3314705416E+09  7.7026663503E+09
    47755 -3.3264743703E+09  7.7004174073E+09
    47855 -3.3297688609E+09  7.7084039995E+09
    47955 -3.3398698568E+09  7.7221099087E+09
    48055 -3.3563529852E+09  7.7252979005E+09
    48155 -3.3401417240E+09  7.7267222904E+09
    48255 -3.3536279271E+09  7.7287558309E+09
    48355 -3.3439313764E+09  7.7321082107E+09
    48455 -3.3428255512E+09  7.7289154023E+09
    48555 -3.3518394114E+09  7.7239097858E+09
    48655 -3.3395583548E+09  7.7176639232E+09
    48755 -3.3424949109E+09  7.7289314216E+09
    48855 -3.3462849889E+09  7.7257359294E+09
    48955 -3.3456877732E+09  7.7185687351E+09
    49055 -3.3463267827E+09  7.7291235302E+09
    49155 -3.3484480646E+09  7.7265955840E+09
    49255 -3.3578193881E+09  7.7248822012E+09
    49355 -3.3527180312E+09  7.7222619984E+09
    49455 -3.3334753327E+09  7.7248583883E+09
    49555 -3.3288693457E+09  7.7229524234E+09
    49655 -3.3349310305E+09  7.7122176275E+09
    49755 -3.3356237047E+09  7.7231803271E+09
    49855 -3.3418093559E+09  7.7127858228E+09
    49955 -3.3396523117E+09  7.7107541433E+09
    50055 -3.3323714824E+09  7.7219154978E+09
    50155 -3.3425805231E+09  7.7294917080E+09
    50255 -3.3463843524E+09  7.7257328664E+09
    50355 -3.3475168612E+09  7.7213023696E+09
    50455 -3.3436445112E+09  7.7261063029E+09
    50555 -3.3404945806E+09  7.7292928450E+09
    50655 -3.3501497299E+09  7.7359377350E+09
    50755 -3.3434942011E+09  7.7387177184E+09
    50855 -3.3532962372E+09  7.7403608947E+09
    50955 -3.3544638747E+09  7.7387260677E+09
    51055 -3.3590509317E+09  7.7313988630E+09
    51155 -3.3528055695E+09  7.7255131195E+09
    51255 -3.3319587064E+09  7.7212481382E+09
    51355 -3.3470422494E+09  7.7226442747E+09
    51455 -3.3419893566E+09  7.7189047269E+09
    51555 -3.3555941893E+09  7.7245485515E+09
    51655 -3.3487103354E+09  7.7296172330E+09
    51755 -3.3454918842E+09  7.7362690136E+09
    51855 -3.3528943954E+09  7.7336541042E+09
    51955 -3.3393942316E+09  7.7398296394E+09
    52055 -3.3437836147E+09  7.7303955667E+09
    52155 -3.3456302311E+09  7.7251321297E+09
    52255 -3.3418247139E+09  7.7214830038E+09
    52355 -3.3438383939E+09  7.7235857810E+09
    52455 -3.3386195577E+09  7.7181998689E+09
    52555 -3.3339322701E+09  7.7192612375E+09
    52655 -3.3458494917E+09  7.7250562862E+09
    52755 -3.3412854468E+09  7.7268983671E+09
    52855 -3.3394733052E+09  7.7204934418E+09
    52955 -3.3477850832E+09  7.7223444493E+09
    53055 -3.3412957153E+09  7.7211223913E+09
    53155 -3.3392586628E+09  7.7230060446E+09
    53255 -3.3410060083E+09  7.7202447891E+09
    53355 -3.3426760306E+09  7.7192709678E+09
    53455 -3.3395916524E+09  7.7135181964E+09
    53555 -3.3358666685E+09  7.7178918355E+09
    53655 -3.3405532027E+09  7.7247493702E+09
    53755 -3.3395729493E+09  7.7227430003E+09
    53855 -3.3603454319E+09  7.7353926248E+09
    53955 -3.3471522692E+09  7.7381317217E+09
    54055 -3.3480322382E+09  7.7365396372E+09
    54155 -3.3588212211E+09  7.7344314324E+09
    54255 -3.3503683604E+09  7.7262655447E+09
    54355 -3.3408575409E+09  7.7271358938E+09
    54455 -3.3461935399E+09  7.7179565467E+09
    54555 -3.3403764884E+09  7.7264809867E+09
    54655 -3.3415984219E+09  7.7249055951E+09
    54755 -3.3392796660E+09  7.7171679047E+09
    54855 -3.3354325533E+09  7.7226872619E+09
    54955 -3.3259007011E+09  7.7295587250E+09
    55055 -3.3435267057E+09  7.7257575277E+09
    55155 -3.3452204189E+09  7.7336604487E+09
    55255 -3.3446468129E+09  7.7360284721E+09
    55355 -3.3581724653E+09  7.7432129413E+09
    55455 -3.3483941972E+09  7.7497607372E+09
    55555 -3.3367456641E+09  7.7464755115E+09
    55655 -3.3569602737E+09  7.7428872679E+09
    55755 -3.3499099257E+09  7.7379605617E+09
    55855 -3.3468576259E+09  7.7337546437E+09
    55955 -3.3554263162E+09  7.7277210669E+09
    56055 -3.3499294963E+09  7.7208072624E+09
    56155 -3.3523101333E+09  7.7271526306E+09
    56255 -3.3541765493E+09  7.7280868887E+09
    56355 -3.3541022970E+09  7.7201821856E+09
    56455 -3.3557065070E+09  7.7230403746E+09
    56555 -3.3477263145E+09  7.7228628288E+09
    56655 -3.3509821097E+09  7.7270428544E+09
    56755 -3.3416434986E+09  7.7219678892E+09
    56855 -3.3334432817E+09  7.7209071478E+09
    56955 -3.3325751039E+09  7.7255887559E+09
    57055 -3.3486386955E+09  7.7360000099E+09
    57155 -3.3509015076E+09  7.7369549423E+09
    57255 -3.3391475279E+09  7.7300353306E+09
    57355 -3.3444616647E+09  7.7347001219E+09
    57455 -3.3540320569E+09  7.7369889867E+09
    57555 -3.3495043412E+09  7.7349446540E+09
    57655 -3.3376191620E+09  7.7317314586E+09
    57755 -3.3447255618E+09  7.7343115564E+09
    57855 -3.3448968208E+09  7.7353840394E+09
    57955 -3.3482123596E+09  7.7376958488E+09
    58055 -3.3569979749E+09  7.7384540813E+09
    58155 -3.3509160671E+09  7.7354426246E+09
    58255 -3.3538844870E+09  7.7282625911E+09
    58355 -3.3489977846E+09  7.7232009737E+09
    58455 -3.3367676928E+09  7.7215261362E+09
    58555 -3.3283647436E+09  7.7149486981E+09
    58655 -3.3407245031E+09  7.7141035101E+09
    58755 -3.3378181833E+09  7.7166513996E+09
    58855 -3.3408296499E+09  7.7212009920E+09
    58955 -3.3423486820E+09  7.7254745441E+09
    59055 -3.3474034771E+09  7.7259379934E+09
    59155 -3.3454731834E+09  7.7202960063E+09
    59255 -3.3376542269E+09  7.7144211723E+09
    59355 -3.3438349107E+09  7.7150802359E+09
    59455 -3.3466889344E+09  7.7241846303E+09
    59555 -3.3434431335E+09  7.7318043421E+09
    59655 -3.3447479501E+09  7.7345900563E+09
    59755 -3.3464732948E+09  7.7285164584E+09
    59855 -3.3555216050E+09  7.7174248481E+09
    59955 -3.3455127346E+09  7.7243247706E+09
    60055 -3.3522664417E+09  7.7366892581E+09
    60155 -3.3700323412E+09  7.7416166965E+09
    60255 -3.3623071261E+09  7.7433274744E+09
    60355 -3.3540099001E+09  7.7415547066E+09
    60455 -3.3598961976E+09  7.7332391491E+09
    60555 -3.3458917778E+09  7.7328577386E+09
    60655 -3.3488092158E+09  7.7348374601E+09
    60755 -3.3515507221E+09  7.7315811930E+09
    60855 -3.3513209028E+09  7.7387496033E+09
    60955 -3.3498575036E+09  7.7493164090E+09
    61055 -3.3557682051E+09  7.7500584870E+09
    61155 -3.3502184814E+09  7.7516959133E+09
    61255 -3.3388328710E+09  7.7556839588E+09
    61355 -3.3471028542E+09  7.7558878446E+09
    61455 -3.3504605181E+09  7.7471538041E+09
    61555 -3.3442075088E+09  7.7379969020E+09
    61655 -3.3415943880E+09  7.7343288627E+09
    61755 -3.3649456925E+09  7.7361224551E+09
    61855 -3.3418865865E+09  7.7270741335E+09
    61955 -3.3528212827E+09  7.7352714046E+09
    62055 -3.3620051983E+09  7.7441398094E+09
    62155 -3.3443008213E+09  7.7401602944E+09
    62255 -3.3488194745E+09  7.7403914196E+09
    62355 -3.3515832605E+09  7.7474317475E+09
    62455 -3.3667226788E+09  7.7414009614E+09
    62555 -3.3544437508E+09  7.7356685035E+09
    62655 -3.3501086042E+09  7.7346809610E+09
    62755 -3.3569122248E+09  7.7343857822E+09
    62855 -3.3515077093E+09  7.7410041733E+09
    62955 -3.3573983549E+09  7.7356020802E+09
    63055 -3.3465185805E+09  7.7334496788E+09
    63155 -3.3414672251E+09  7.7336728073E+09
    63255 -3.3517307039E+09  7.7345366799E+09
    63355 -3.3579932313E+09  7.7365884796E+09
    63455 -3.3529089901E+09  7.7381938157E+09
    63555 -3.3443385156E+09  7.7324584249E+09
    63655 -3.3446763283E+09  7.7228518313E+09
    63755 -3.3442371883E+09  7.7329910862E+09
    63855 -3.3405506869E+09  7.7331989325E+09
    63955 -3.3537325674E+09  7.7305881583E+09
    64055 -3.3429677429E+09  7.7393790487E+09
    64155 -3.3540585751E+09  7.7388871859E+09
    64255 -3.3615509458E+09  7.7393406985E+09
    64355 -3.3665462140E+09  7.7372474216E+09
    64455 -3.3444034758E+09  7.7377022713E+09
    64555 -3.3451895661E+09  7.7316780663E+09
    64655 -3.3554897902E+09  7.7331118594E+09
    64755 -3.3452452395E+09  7.7344990427E+09
    64855 -3.3472667408E+09  7.7339952291E+09
    64955 -3.3599086720E+09  7.7398150916E+09
    65055 -3.3537660007E+09  7.7427999731E+09
    65155 -3.3589860541E+09  7.7467160342E+09
    65255 -3.3567120497E+09  7.7394732417E+09
    65355 -3.3520265815E+09  7.7397532115E+09
    65455 -3.3495516329E+09  7.7392733704E+09
    65555 -3.3447146676E+09  7.7453199095E+09
    65655 -3.3462958275E+09  7.7411328247E+09
    65755 -3.3503074276E+09  7.7426212460E+09
    65855 -3.3705537828E+09  7.7480738434E+09
    65955 -3.3412432081E+09  7.7375563161E+09
    66055 -3.3453826069E+09  7.7335988296E+09
    66155 -3.3415334515E+09  7.7405289333E+09
    66255 -3.3452935792E+09  7.7363048940E+09
    66355 -3.3381654378E+09  7.7384666411E+09
    66455 -3.3401949783E+09  7.7288764794E+09
    66555 -3.3407796977E+09  7.7241146669E+09
    66655 -3.3508375704E+09  7.7232747879E+09
    66755 -3.3376747037E+09  7.7184599274E+09
    66855 -3.3401645205E+09  7.7218566399E+09
    66955 -3.3440088250E+09  7.7275654875E+09
    67055 -3.3444328661E+09  7.7315244312E+09
    67155 -3.3450223330E+09  7.7258362275E+09
    67255 -3.3317298885E+09  7.7268506215E+09
    67355 -3.3433791672E+09  7.7300599828E+09
    67455 -3.3339181850E+09  7.7235051893E+09
    67555 -3.3518873840E+09  7.7265853456E+09
    67655 -3.3427526274E+09  7.7335969662E+09
    67755 -3.3520732259E+09  7.7402969528E+09
    67855 -3.3502001339E+09  7.7357078704E+09
    67955 -3.3544348158E+09  7.7320857410E+09
    68055 -3.3530053328E+09  7.7370175391E+09
    68155 -3.3499789620E+09  7.7377092883E+09
    68255 -3.3401730294E+09  7.7369911140E+09
    68355 -3.3441849314E+09  7.7338126516E+09
    68455 -3.3596253037E+09  7.7278203587E+09
    68555 -3.3319875297E+09  7.7285318707E+09
    68655 -3.3532529065E+09  7.7217668169E+09
    68755 -3.3379719793E+09  7.7249419581E+09
    68855 -3.3326240034E+09  7.7175735456E+09
    68955 -3.3375522361E+09  7.7182069915E+09
    69055 -3.3503320716E+09  7.7321362726E+09
    69155 -3.3607736031E+09  7.7451812212E+09
    69255 -3.3587911293E+09  7.7500792721E+09
    69355 -3.3589428481E+09  7.7433265306E+09
    69455 -3.3447655627E+09  7.7367180188E+09
    69555 -3.3497052059E+09  7.7326637603E+09
    69655 -3.3423037385E+09  7.7261693810E+09
    69755 -3.3471786081E+09  7.7289190673E+09
    69855 -3.3407844373E+09  7.7297064856E+09
    69955 -3.3463242004E+09  7.7281683904E+09
    70055 -3.3580449424E+09  7.7234951863E+09
    70155 -3.3512076695E+09  7.7235295230E+09
    70255 -3.3431888255E+09  7.7300044395E+09
    70355 -3.3483665657E+09  7.7399001308E+09
    70455 -3.3366815260E+09  7.7430634613E+09
    70555 -3.3476992382E+09  7.7420459180E+09
    70655 -3.3490665886E+09  7.7330762585E+09
    70755 -3.3516284672E+09  7.7318691382E+09
    70855 -3.3468750883E+09  7.7353326777E+09
    70955 -3.3439249410E+09  7.7348701741E+09
    71055 -3.3445460067E+09  7.7387587019E+09
    71155 -3.3471013767E+09  7.7342911161E+09
    71255 -3.3447084636E+09  7.7293660146E+09
    71355 -3.3348049193E+09  7.7316078416E+09
    71455 -3.3418403221E+09  7.7289087748E+09
    71555 -3.3474401359E+09  7.7194815020E+09
    71655 -3.3633199946E+09  7.7288176446E+09
    71755 -3.3581700074E+09  7.7311277269E+09
    71855 -3.3509946969E+09  7.7266561897E+09
    71955 -3.3510638169E+09  7.7269216859E+09
    72055 -3.3605025946E+09  7.7291994773E+09
    72155 -3.3506358327E+09  7.7240447016E+09
    72255 -3.3585343396E+09  7.7237765907E+09
    72355 -3.3473083685E+09  7.7247153218E+09
    72455 -3.3428538922E+09  7.7323523664E+09
    72555 -3.3443371273E+09  7.7325764180E+09
    72655 -3.3444365151E+09  7.7311126167E+09
    72755 -3.3350440965E+09  7.7323435861E+09
    72855 -3.3351386173E+09  7.7220126519E+09
    72955 -3.3361302718E+09  7.7133780576E+09
    73055 -3.3418779125E+09  7.7136893998E+09
    73155 -3.3243058189E+09  7.7172114499E+09
    73255 -3.3348984332E+09  7.7229129369E+09
    73355 -3.3434733607E+09  7.7185359014E+09
    73455 -3.3434026560E+09  7.7177885112E+09
    73555 -3.3263064142E+09  7.7144117800E+09
    73655 -3.3357247993E+09  7.7138270541E+09
    73755 -3.3515839191E+09  7.7176474530E+09
    73855 -3.3511725022E+09  7.7203063131E+09
    73955 -3.3444469062E+09  7.7214714102E+09
    74055 -3.3458212195E+09  7.7244268975E+09
    74155 -3.3382264451E+09  7.7272094673E+09
    74255 -3.3431859521E+09  7.7288138407E+09
    74355 -3.3491912927E+09  7.7327641546E+09
    74455 -3.3467583199E+09  7.7328069872E+09
    74555 -3.3572614523E+09  7.7389329403E+09
    74655 -3.3499589065E+09  7.7337693708E+09
    74755 -3.3463897812E+09  7.7165790912E+09
    74855 -3.3423855025E+09  7.7132679720E+09
    74955 -3.3444826646E+09  7.7057823422E+09
    75055 -3.3355528913E+09  7.7049456646E+09
    75155 -3.3464551762E+09  7.7135468587E+09
    75255 -3.3415995247E+09  7.7277657660E+09
    75355 -3.3463934745E+09  7.7330840114E+09
    75455 -3.3498293626E+09  7.7329869390E+09
    75555 -3.3420208168E+09  7.7307109997E+09
    75655 -3.3474197094E+09  7.7336307582E+09
    75755 -3.3438843128E+09  7.7422767324E+09
    75855 -3.3599160246E+09  7.7431785166E+09
    75955 -3.3443358886E+09  7.7284626164E+09
    76055 -3.3441880402E+09  7.7266679261E+09
    76155 -3.3476505777E+09  7.7253701450E+09
    76255 -3.3455743126E+09  7.7396469933E+09
    76355 -3.3571698227E+09  7.7372106201E+09
    76455 -3.3444117638E+09  7.7391078032E+09
    76555 -3.3512416875E+09  7.7394465650E+09
    76655 -3.3420312805E+09  7.7354410062E+09
    76755 -3.3412079230E+09  7.7333021447E+09
    76855 -3.3566451913E+09  7.7327056057E+09
    76955 -3.3367788111E+09  7.7246196332E+09
    77055 -3.3532043294E+09  7.7330616293E+09
    77155 -3.3390809716E+09  7.7310782782E+09
    77255 -3.3342794841E+09  7.7241345359E+09
    77355 -3.3405989971E+09  7.7211031370E+09
    77455 -3.3366445711E+09  7.7216592258E+09
    77555 -3.3374654871E+09  7.7229677515E+09
    77655 -3.3464059785E+09  7.7137284283E+09
    77755 -3.3374626496E+09  7.7153424104E+09
    77855 -3.3415913735E+09  7.7136754763E+09
    77955 -3.3263829462E+09  7.7103409711E+09
    78055 -3.3401417055E+09  7.7116012000E+09
    78155 -3.3393219676E+09  7.7147252262E+09
    78255 -3.3508203852E+09  7.7214529375E+09
    78355 -3.3538848480E+09  7.7204718773E+09
    78455 -3.3563777489E+09  7.7198984729E+09
    78555 -3.3428078016E+09  7.7226442766E+09
    78655 -3.3557851810E+09  7.7257737701E+09
    78755 -3.3397609745E+09  7.7264869472E+09
    78855 -3.3509120576E+09  7.7372986385E+09
    78955 -3.3422577061E+09  7.7381082511E+09
    79055 -3.3560211541E+09  7.7300024042E+09
    79155 -3.3455947383E+09  7.7331403483E+09
    79255 -3.3539768551E+09  7.7367795477E+09
    79355 -3.3605112904E+09  7.7400068012E+09
    79455 -3.3500290412E+09  7.7394874473E+09
    79555 -3.3512370471E+09  7.7330556571E+09
    79655 -3.3480884225E+09  7.7242387998E+09
    79755 -3.3476668866E+09  7.7166461996E+09
    79855 -3.3519438229E+09  7.7269890000E+09
    79955 -3.3460885270E+09  7.7435152175E+09
    80055 -3.3530497245E+09  7.7415123663E+09
    80155 -3.3443232921E+09  7.7394165428E+09
    80255 -3.3481910074E+09  7.7436003563E+09
    80355 -3.3547905299E+09  7.7343463700E+09
    80455 -3.3480924232E+09  7.7265688137E+09
    80555 -3.3475674686E+09  7.7280427488E+09
    80655 -3.3459981564E+09  7.7294072764E+09
    80755 -3.3403677227E+09  7.7311993037E+09
    80855 -3.3479053612E+09  7.7327337803E+09
    80955 -3.3484627830E+09  7.7338548658E+09
    81055 -3.3482665544E+09  7.7269377967E+09
    81155 -3.3504793298E+09  7.7305525122E+09
    81255 -3.3492718564E+09  7.7341932751E+09
    81355 -3.3442963483E+09  7.7310300151E+09
    81455 -3.3505627737E+09  7.7268112534E+09
    81555 -3.3521400273E+09  7.7315525264E+09
    81655 -3.3501716129E+09  7.7318193877E+09
    81755 -3.3416707740E+09  7.7353271666E+09
    81855 -3.3532445461E+09  7.7293491930E+09
    81955 -3.3491967482E+09  7.7327724320E+09
    82055 -3.3515603462E+09  7.7321233816E+09
    82155 -3.3515453380E+09  7.7279545398E+09
    82255 -3.3500501087E+09  7.7270718472E+09
    82355 -3.3472562869E+09  7.7288566222E+09
    82455 -3.3563802020E+09  7.7287199436E+09
    82555 -3.3453583364E+09  7.7308390284E+09
    82655 -3.3430816491E+09  7.7297038308E+09
    82755 -3.3507323129E+09  7.7323666331E+09
    82855 -3.3561011118E+09  7.7377455832E+09
    82955 -3.3505642127E+09  7.7437118079E+09
    83055 -3.3529394518E+09  7.7336430072E+09
    83155 -3.3498905666E+09  7.7280490708E+09
    83255 -3.3455851365E+09  7.7311124919E+09
    83355 -3.3529121202E+09  7.7362030633E+09
    83455 -3.3405139875E+09  7.7398264152E+09
    83555 -3.3513319683E+09  7.7491322383E+09
    83655 -3.3546694546E+09  7.7426113962E+09
    83755 -3.3540291199E+09  7.7337442779E+09
    83855 -3.3560315325E+09  7.7194610977E+09
    83955 -3.3469360356E+09  7.7232494745E+09
    84055 -3.3500935772E+09  7.7258505611E+09
    84155 -3.3492531944E+09  7.7270285570E+09
    84255 -3.3391938987E+09  7.7255624358E+09
    84355 -3.3565084729E+09  7.7260605810E+09
    84455 -3.3440584350E+09  7.7294434612E+09
    84555 -3.3401934652E+09  7.7280088485E+09
    84655 -3.3373345417E+09  7.7321790674E+09
    84755 -3.3306409332E+09  7.7307082093E+09
    84855 -3.3451645855E+09  7.7328209215E+09
    84955 -3.3391330719E+09  7.7353191526E+09
    85055 -3.3428313987E+09  7.7396368561E+09
    85155 -3.3482117659E+09  7.7309232721E+09
    85255 -3.3438112693E+09  7.7338240003E+09
    85355 -3.3411642376E+09  7.7285911009E+09
    85455 -3.3420130345E+09  7.7346488050E+09
    85555 -3.3571023710E+09  7.7428262500E+09
    85655 -3.3651169966E+09  7.7416046817E+09
    85755 -3.3450456404E+09  7.7431151682E+09
    85855 -3.3511487483E+09  7.7419359332E+09
    85955 -3.3542186306E+09  7.7455950043E+09
    86055 -3.3560476563E+09  7.7462824424E+09
    86155 -3.3483394411E+09  7.7411487531E+09
    86255 -3.3523019942E+09  7.7409948868E+09
    86355 -3.3494228784E+09  7.7427384808E+09
    86455 -3.3491642733E+09  7.7420672835E+09
    86555 -3.3496176813E+09  7.7414949196E+09
    86655 -3.3469349037E+09  7.7392525708E+09
    86755 -3.3445648247E+09  7.7322310500E+09
    86855 -3.3499012975E+09  7.7388123479E+09
    86955 -3.3450627978E+09  7.7319500583E+09
    87055 -3.3526832618E+09  7.7342728843E+09
    87155 -3.3491289934E+09  7.7374545979E+09
    87255 -3.3601242384E+09  7.7325842724E+09
    87355 -3.3447912282E+09  7.7242196557E+09
    87455 -3.3487886277E+09  7.7175118737E+09
    87555 -3.3347678051E+09  7.7136862944E+09
    87655 -3.3374146325E+09  7.7138777375E+09
    87755 -3.3375521196E+09  7.7215033159E+09
    87855 -3.3414424396E+09  7.7205375744E+09
    87955 -3.3433994879E+09  7.7136572173E+09
    88055 -3.3434764666E+09  7.7150133657E+09
    88155 -3.3444487662E+09  7.7240734521E+09
    88255 -3.3388775841E+09  7.7279027717E+09
    88355 -3.3468507381E+09  7.7288735983E+09
    88455 -3.3427247448E+09  7.7279416154E+09
    88555 -3.3494596928E+09  7.7133582091E+09
    88655 -3.3338285166E+09  7.7149757904E+09
    88755 -3.3309023262E+09  7.7050593451E+09
    88855 -3.3221405800E+09  7.6958915614E+09
    88955 -3.3394146740E+09  7.7006433041E+09
    89055 -3.3302122104E+09  7.6999594786E+09
    89155 -3.3340366020E+09  7.7104693575E+09
    89255 -3.3476737431E+09  7.7175097298E+09
    89355 -3.3433497997E+09  7.7162994710E+09
    89455 -3.3454711966E+09  7.7144553820E+09
    89555 -3.3417253015E+09  7.7205280907E+09
    89655 -3.3346334954E+09  7.7220231708E+09
    89755 -3.3482226073E+09  7.7172531648E+09
    89855 -3.3365898039E+09  7.7180611190E+09
    89955 -3.3375994281E+09  7.7139415167E+09
    90055 -3.3301251651E+09  7.7132174208E+09
    90155 -3.3447043041E+09  7.7127020488E+09
    90255 -3.3541969332E+09  7.7210015092E+09
    90355 -3.3408241831E+09  7.7187169211E+09
    90455 -3.3494817646E+09  7.7205353324E+09
    90555 -3.3464575637E+09  7.7206972898E+09
    90655 -3.3452558236E+09  7.7190009943E+09
    90755 -3.3455591912E+09  7.7170683208E+09
    90855 -3.3435357803E+09  7.7131325613E+09
    90955 -3.3445239510E+09  7.7174761905E+09
    91055 -3.3519746520E+09  7.7204280995E+09
    91155 -3.3435461406E+09  7.7098312142E+09
    91255 -3.3404199648E+09  7.7167276382E+09
    91355 -3.3480475780E+09  7.7256748393E+09
    91455 -3.3481504893E+09  7.7255782571E+09
    91555 -3.3498587584E+09  7.7169298470E+09
    91655 -3.3377110717E+09  7.7124345455E+09
    91755 -3.3373385968E+09  7.7198193824E+09
    91855 -3.3455490679E+09  7.7176369759E+09
    91955 -3.3439184270E+09  7.7220656521E+09
    92055 -3.3450479583E+09  7.7288238525E+09
    92155 -3.3392108283E+09  7.7275328115E+09
    92255 -3.3457147487E+09  7.7256541009E+09
    92355 -3.3430392736E+09  7.7259655022E+09
    92455 -3.3419361556E+09  7.7289100461E+09
    92555 -3.3511370764E+09  7.7334155831E+09
    92655 -3.3522237300E+09  7.7259373220E+09
    92755 -3.3333555755E+09  7.7166382953E+09
    92855 -3.3454369017E+09  7.7221595116E+09
    92955 -3.3486318990E+09  7.7292639264E+09
    93055 -3.3457622932E+09  7.7360056798E+09
    93155 -3.3541903165E+09  7.7364185400E+09
    93255 -3.3629965233E+09  7.7396931420E+09
    93355 -3.3541899765E+09  7.7396195178E+09
    93455 -3.3538507127E+09  7.7350223688E+09
    93555 -3.3562383029E+09  7.7271958479E+09
    93655 -3.3552792660E+09  7.7293384527E+09
    93755 -3.3483087584E+09  7.7247090048E+09
    93855 -3.3395978874E+09  7.7234186511E+09
    93955 -3.3302661861E+09  7.7212495340E+09
    94055 -3.3467907096E+09  7.7210737518E+09
    94155 -3.3425406118E+09  7.7243201275E+09
    94255 -3.3396786930E+09  7.7199909515E+09
    94355 -3.3525473312E+09  7.7191496307E+09
    94455 -3.3505281872E+09  7.7140010427E+09
    94555 -3.3480465538E+09  7.7129072520E+09
    94655 -3.3427253645E+09  7.7146342113E+09
    94755 -3.3484502311E+09  7.7204665638E+09
    94855 -3.3435535532E+09  7.7311981837E+09
    94955 -3.3470841788E+09  7.7359486612E+09
    95055 -3.3556023223E+09  7.7298737585E+09
    95155 -3.3528827531E+09  7.7294929507E+09
    95255 -3.3521385779E+09  7.7312786931E+09
    95355 -3.3565087901E+09  7.7376741791E+09
    95455 -3.3595142660E+09  7.7358188711E+09
    95555 -3.3506004099E+09  7.7391287205E+09
    95655 -3.3508425863E+09  7.7457447889E+09
    95755 -3.3602707299E+09  7.7435518366E+09
    95855 -3.3610396602E+09  7.7437817118E+09
    95955 -3.3448787336E+09  7.7370733957E+09
    96055 -3.3531340128E+09  7.7279152840E+09
    96155 -3.3498416952E+09  7.7242166318E+09
    96255 -3.3496117762E+09  7.7273010599E+09
    96355 -3.3562276081E+09  7.7315904000E+09
    96455 -3.3531080768E+09  7.7378479162E+09
    96555 -3.3566709639E+09  7.7315773405E+09
    96655 -3.3440388812E+09  7.7298601683E+09
    96755 -3.3443936784E+09  7.7314930100E+09
    96855 -3.3575795448E+09  7.7386303449E+09
    96955 -3.3576446367E+09  7.7425394563E+09
    97055 -3.3606550474E+09  7.7428447729E+09
    97155 -3.3504115329E+09  7.7410157123E+09
    97255 -3.3529768768E+09  7.7321412868E+09
    97355 -3.3465962196E+09  7.7308383562E+09
    97455 -3.3481203644E+09  7.7345739129E+09
    97555 -3.3512113643E+09  7.7294050189E+09
    97655 -3.3364827337E+09  7.7205825681E+09
    97755 -3.3439712411E+09  7.7236877297E+09
    97855 -3.3471161206E+09  7.7280221065E+09
    97955 -3.3457079907E+09  7.7266568543E+09
    98055 -3.3408542969E+09  7.7215122562E+09
    98155 -3.3514082892E+09  7.7269125088E+09
    98255 -3.3413280836E+09  7.7233566884E+09
    98355 -3.3458354152E+09  7.7176674502E+09
    98455 -3.3478498054E+09  7.7214780753E+09
    98555 -3.3416343749E+09  7.7238312346E+09
    98655 -3.3464921123E+09  7.7283550542E+09
    98755 -3.3473469543E+09  7.7294436981E+09
    98855 -3.3427346693E+09  7.7276885985E+09
    98955 -3.3475441443E+09  7.7309172168E+09
    99055 -3.3487645689E+09  7.7273598873E+09
    99155 -3.3433663462E+09  7.7273709295E+09
    99255 -3.3434950109E+09  7.7311703434E+09
    99355 -3.3559465803E+09  7.7420671121E+09
    99455 -3.3525022528E+09  7.7517460909E+09
    99555 -3.3573272502E+09  7.7524926011E+09
    99655 -3.3604160407E+09  7.7382491080E+09
    99755 -3.3616798939E+09  7.7381879476E+09
    99855 -3.3436104024E+09  7.7314485398E+09
    99955 -3.3517058594E+09  7.7367415231E+09
   100055 -3.3514489064E+09  7.7357506014E+09
   100155 -3.3412468758E+09  7.7309005266E+09
   100255 -3.3408184149E+09  7.7229326061E+09
   100355 -3.3318373051E+09  7.7164719271E+09
   100455 -3.3476697122E+09  7.7220795901E+09
   100555 -3.3483061857E+09  7.7249398337E+09
   100655 -3.3530928427E+09  7.7368763424E+09
   100755 -3.3542711011E+09  7.7410950172E+09
   100855 -3.3395978669E+09  7.7325939697E+09
   100955 -3.3472614925E+09  7.7275884516E+09
   101055 -3.3522943449E+09  7.7382096364E+09
   101155 -3.3433213541E+09  7.7345388177E+09
   101255 -3.3410089408E+09  7.7311092792E+09
   101355 -3.3454979742E+09  7.7309287109E+09
   101455 -3.3531150371E+09  7.7323643493E+09
   101555 -3.3584291140E+09  7.7276538008E+09
   101655 -3.3519907930E+09  7.7236140688E+09
   101755 -3.3467092622E+09  7.7243266518E+09
   101855 -3.3483322417E+09  7.7284066835E+09
   101955 -3.3512617047E+09  7.7264348711E+09
   102055 -3.3528026815E+09  7.7176780177E+09
   102155 -3.3395309827E+09  7.7161977976E+09
   102255 -3.3389489612E+09  7.7156177877E+09
   102355 -3.3523592721E+09  7.7166793525E+09
   102455 -3.3508623563E+09  7.7262232388E+09
   102555 -3.3568688435E+09  7.7397553374E+09
   102655 -3.3311897816E+09  7.7366854336E+09
   102755 -3.3488629694E+09  7.7285692244E+09
   102855 -3.3413640590E+09  7.7250924014E+09
   102955 -3.3463010026E+09  7.7281827513E+09
   103055 -3.3485765231E+09  7.7306235633E+09
   103155 -3.3411411620E+09  7.7258166325E+09
   103255 -3.3512621417E+09  7.7293171071E+09
   103355 -3.3410608499E+09  7.7219049138E+09
   103455 -3.3477785117E+09  7.7226577556E+09
   103555 -3.3457234114E+09  7.7256945558E+09
   103655 -3.3480461822E+09  7.7348721392E+09
   103755 -3.3589328452E+09  7.7381662582E+09
   103855 -3.3491389743E+09  7.7317767664E+09
   103955 -3.3454353318E+09  7.7241553309E+09
   104055 -3.3555803611E+09  7.7204970224E+09
   104155 -3.3411026568E+09  7.7174871211E+09
   104255 -3.3476853698E+09  7.7228006954E+09
   104355 -3.3487551572E+09  7.7255633223E+09
   104455 -3.3434170885E+09  7.7265833921E+09
   104555 -3.3376362676E+09  7.7285553676E+09
   104655 -3.3403119804E+09  7.7372190452E+09
   104755 -3.3449705892E+09  7.7348645377E+09
   104855 -3.3349654723E+09  7.7218758378E+09
   104955 -3.3522271970E+09  7.7183542170E+09
   105055 -3.3357320790E+09  7.7192307689E+09
   105155 -3.3407343322E+09  7.7121646564E+09
   105255 -3.3286000617E+09  7.7130051712E+09
   105355 -3.3436084075E+09  7.7188364818E+09
   105455 -3.3244792706E+09  7.7241121395E+09
   105555 -3.3493112065E+09  7.7207227248E+09
   105655 -3.3380196826E+09  7.7065240133E+09
   105755 -3.3352620688E+09  7.7146761809E+09
   105855 -3.3338753926E+09  7.7222015818E+09
   105955 -3.3217442774E+09  7.7228899030E+09
   106055 -3.3317323619E+09  7.7299173370E+09
   106155 -3.3396846163E+09  7.7330290853E+09
   106255 -3.3442006309E+09  7.7335158872E+09
   106355 -3.3508845888E+09  7.7375591441E+09
   106455 -3.3560206636E+09  7.7321677463E+09
   106555 -3.3451719360E+09  7.7274561682E+09
   106655 -3.3508597476E+09  7.7329101419E+09
   106755 -3.3429002289E+09  7.7274855312E+09
   106855 -3.3424532238E+09  7.7279237269E+09
   106955 -3.3416525034E+09  7.7285551208E+09
   107055 -3.3443742703E+09  7.7222493985E+09
   107155 -3.3471329335E+09  7.7141012805E+09
   107255 -3.3368710360E+09  7.7113007777E+09
   107355 -3.3429748607E+09  7.7249492925E+09
   107455 -3.3373241379E+09  7.7409254223E+09
   107555 -3.3425064005E+09  7.7368833816E+09
   107655 -3.3528751972E+09  7.7391619690E+09
   107755 -3.3550274151E+09  7.7378336634E+09
   107855 -3.3547118509E+09  7.7293461383E+09
   107955 -3.3545100826E+09  7.7369475062E+09
   108055 -3.3531871823E+09  7.7464189357E+09
   108155 -3.3528261421E+09  7.7410959036E+09
   108255 -3.3580984202E+09  7.7333808619E+09
   108355 -3.3574274527E+09  7.7309280281E+09
   108455 -3.3420205435E+09  7.7300271462E+09
   108555 -3.3424837547E+09  7.7248308014E+09
   108655 -3.3386340135E+09  7.7236762925E+09
   108755 -3.3435934194E+09  7.7303530399E+09
   108855 -3.3519611195E+09  7.7287655790E+09
   108955 -3.3338225483E+09  7.7227852823E+09
   109055 -3.3500010275E+09  7.7237612192E+09
   109155 -3.3464657458E+09  7.7170854841E+09
   109255 -3.3454896515E+09  7.7137907804E+09
   109355 -3.3454250965E+09  7.7113669281E+09
   109455 -3.3401097253E+09  7.7131471026E+09
   109555 -3.3434579573E+09  7.7147180467E+09
   109655 -3.3554687441E+09  7.7198146997E+09
   109755 -3.3481543464E+09  7.7214753320E+09
   109855 -3.3544203188E+09  7.7074148061E+09
   109955 -3.3373140862E+09  7.6967640098E+09
   110055 -3.3387725578E+09  7.6965450253E+09
   110155 -3.3388468299E+09  7.6944614044E+09
   110255 -3.3350134095E+09  7.7048904411E+09
   110355 -3.3383407208E+09  7.7111207278E+09
   110455 -3.3365801753E+09  7.7131376538E+09
   110555 -3.3399576422E+09  7.7163294747E+09
   110655 -3.3441295925E+09  7.7221101935E+09
   110755 -3.3438326427E+09  7.7238785704E+09
   110855 -3.3420925553E+09  7.7235522195E+09
   110955 -3.3431112438E+09  7.7226670688E+09
   111055 -3.3344418204E+09  7.7161024843E+09
   111155 -3.3441091376E+09  7.7155117624E+09
   111255 -3.3474310945E+09  7.7222053089E+09
   111355 -3.3390793770E+09  7.7146887094E+09
   111455 -3.3421166898E+09  7.7252326175E+09
   111555 -3.3437203855E+09  7.7293087086E+09
   111655 -3.3470359434E+09  7.7249751401E+09
   111755 -3.3394211786E+09  7.7203074041E+09
   111855 -3.3279910111E+09  7.7229604617E+09
   111955 -3.3535311642E+09  7.7204404805E+09
   112055 -3.3561949206E+09  7.7148992038E+09
   112155 -3.3384611182E+09  7.7217376603E+09
   112255 -3.3354146721E+09  7.7246135184E+09
   112355 -3.3528483152E+09  7.7331548641E+09
   112455 -3.3471936225E+09  7.7338471541E+09
   112555 -3.3405263955E+09  7.7343466200E+09
   112655 -3.3572968310E+09  7.7253116243E+09
   112755 -3.3511617378E+09  7.7183279855E+09
   112855 -3.3411314567E+09  7.7132748865E+09
   112955 -3.3386801148E+09  7.7175745039E+09
   113055 -3.3422823442E+09  7.7200690631E+09
   113155 -3.3403822786E+09  7.7124849904E+09
   113255 -3.3380049318E+09  7.7120754890E+09
   113355 -3.3314287493E+09  7.7139805956E+09
   113455 -3.3395895372E+09  7.7268600701E+09
   113555 -3.3516824654E+09  7.7341137298E+09
   113655 -3.3439775512E+09  7.7327342381E+09
   113755 -3.3485368454E+09  7.7312645787E+09
   113855 -3.3552915797E+09  7.7393264549E+09
   113955 -3.3558515423E+09  7.7354549913E+09
   114055 -3.3431604749E+09  7.7361070097E+09
   114155 -3.3514213026E+09  7.7254933016E+09
   114255 -3.3362220940E+09  7.7252135703E+09
   114355 -3.3585066833E+09  7.7262776043E+09
   114455 -3.3393911925E+09  7.7265679865E+09
   114555 -3.3438583244E+09  7.7324730947E+09
   114655 -3.3450593572E+09  7.7332362398E+09
   114755 -3.3485472305E+09  7.7343193444E+09
   114855 -3.3630546393E+09  7.7364122214E+09
   114955 -3.3514079016E+09  7.7408978403E+09
   115055 -3.3578718401E+09  7.7394622582E+09
   115155 -3.3553499637E+09  7.7378767191E+09
   115255 -3.3509147866E+09  7.7370214595E+09
   115355 -3.3516120734E+09  7.7451719835E+09
   115455 -3.3464137725E+09  7.7405318898E+09
   115555 -3.3419348074E+09  7.7419230721E+09
   115655 -3.3582477187E+09  7.7361868549E+09
   115755 -3.3535487171E+09  7.7342952676E+09
   115855 -3.3452408818E+09  7.7273693318E+09
   115955 -3.3553053344E+09  7.7279894454E+09
   116055 -3.3517230262E+09  7.7334363172E+09
   116155 -3.3499741035E+09  7.7393234595E+09
   116255 -3.3524636820E+09  7.7373454142E+09
   116355 -3.3561389051E+09  7.7354757918E+09
   116455 -3.3615999125E+09  7.7403548093E+09
   116555 -3.3520566277E+09  7.7414500086E+09
   116655 -3.3602791310E+09  7.7420840011E+09
   116755 -3.3659059985E+09  7.7397458881E+09
   116855 -3.3540251852E+09  7.7319801445E+09
   116955 -3.3477196088E+09  7.7174958827E+09
   117055 -3.3412020313E+09  7.7199538194E+09
   117155 -3.3488255282E+09  7.7296476711E+09
   117255 -3.3576769764E+09  7.7294643015E+09
   117355 -3.3589400379E+09  7.7324669732E+09
   117455 -3.3559595507E+09  7.7270515956E+09
   117555 -3.3487899564E+09  7.7233837391E+09
   117655 -3.3489445001E+09  7.7317270425E+09
   117755 -3.3525419557E+09  7.7372525563E+09
   117855 -3.3425103762E+09  7.7383620277E+09
   117955 -3.3457353099E+09  7.7366233614E+09
   118055 -3.3359617765E+09  7.7235259978E+09
   118155 -3.3361220682E+09  7.7171644944E+09
   118255 -3.3350199890E+09  7.7155251523E+09
   118355 -3.3364086309E+09  7.7224107516E+09
   118455 -3.3431485480E+09  7.7270831725E+09
   118555 -3.3459888249E+09  7.7259020363E+09
   118655 -3.3516569981E+09  7.7364652146E+09
   118755 -3.3510605460E+09  7.7354607633E+09
   118855 -3.3560861148E+09  7.7352366417E+09
   118955 -3.3485347364E+09  7.7338657052E+09
   119055 -3.3495590546E+09  7.7367749279E+09
   119155 -3.3554157111E+09  7.7377357085E+09
   119255 -3.3555732971E+09  7.7364684749E+09
   119355 -3.3574367653E+09  7.7383397634E+09
   119455 -3.3502892500E+09  7.7406590815E+09
   119555 -3.3488936473E+09  7.7318414287E+09
   119655 -3.3438020189E+09  7.7297573980E+09
   119755 -3.3467361513E+09  7.7331617265E+09
   119855 -3.3471863021E+09  7.7395890848E+09
   119955 -3.3517251448E+09  7.7410898878E+09
   120055 -3.3508744769E+09  7.7375394120E+09
   120155 -3.3560710940E+09  7.7397619903E+09
   120255 -3.3589543073E+09  7.7321617576E+09
   120355 -3.3476222228E+09  7.7404849089E+09
   120455 -3.3510291876E+09  7.7383027110E+09
   120555 -3.3369134182E+09  7.7311460395E+09
   120655 -3.3346078883E+09  7.7250104304E+09
   120755 -3.3391348845E+09  7.7239479254E+09
   120855 -3.3517348382E+09  7.7317253592E+09
   120955 -3.3389198750E+09  7.7267416823E+09
   121055 -3.3462140503E+09  7.7301139619E+09
   121155 -3.3499488379E+09  7.7379994420E+09
   121255 -3.3495144254E+09  7.7385191017E+09
   121355 -3.3505540542E+09  7.7297093896E+09
   121455 -3.3369730297E+09  7.7293236500E+09
   121555 -3.3460037263E+09  7.7272580467E+09
   121655 -3.3598747460E+09  7.7330749160E+09
   121755 -3.3545147022E+09  7.7422586477E+09
   121855 -3.3482692542E+09  7.7381981363E+09
   121955 -3.3441276987E+09  7.7308232079E+09
   122055 -3.3475841395E+09  7.7223132925E+09
   122155 -3.3477814295E+09  7.7255948556E+09
   122255 -3.3577736767E+09  7.7334453340E+09
   122355 -3.3587490892E+09  7.7438373422E+09
   122455 -3.3699774148E+09  7.7482881699E+09
   122555 -3.3606819072E+09  7.7490166954E+09
   122655 -3.3672679708E+09  7.7403745559E+09
   122755 -3.3606725897E+09  7.7340077299E+09
   122855 -3.3561687241E+09  7.7368551516E+09
   122955 -3.3490193291E+09  7.7394560487E+09
   123055 -3.3499851738E+09  7.7464455213E+09
   123155 -3.3553877597E+09  7.7456849982E+09
   123255 -3.3566101721E+09  7.7438985898E+09
   123355 -3.3512661849E+09  7.7334239307E+09
   123455 -3.3564933934E+09  7.7283950310E+09
   123555 -3.3603651480E+09  7.7256884860E+09
   123655 -3.3465440537E+09  7.7260111171E+09
   123755 -3.3380466826E+09  7.7181029081E+09
   123855 -3.3474859070E+09  7.7205351928E+09
   123955 -3.3492189207E+09  7.7258848030E+09
   124055 -3.3426009155E+09  7.7199427837E+09
   124155 -3.3371649703E+09  7.7192345055E+09
   124255 -3.3374344763E+09  7.7135171536E+09
   124355 -3.3544264915E+09  7.7183051745E+09
   124455 -3.3428698282E+09  7.7192252882E+09
   124555 -3.3400463524E+09  7.7177028433E+09
   124655 -3.3570915318E+09  7.7205985186E+09
   124755 -3.3461940699E+09  7.7202958044E+09
   124855 -3.3592940092E+09  7.7244648990E+09
   124955 -3.3448685291E+09  7.7249631621E+09
   125055 -3.3408659397E+09  7.7171983291E+09
   125155 -3.3290877361E+09  7.7162739848E+09
   125255 -3.3410364956E+09  7.7161225841E+09
   125355 -3.3412406993E+09  7.7194493642E+09
   125455 -3.3370488223E+09  7.7173872491E+09
   125555 -3.3555805270E+09  7.7205856913E+09
   125655 -3.3309705210E+09  7.7281945976E+09
   125755 -3.3440993374E+09  7.7283747925E+09
   125855 -3.3483562644E+09  7.7276719679E+09
   125955 -3.3470358486E+09  7.7253679692E+09
   126055 -3.3521454329E+09  7.7274068527E+09
   126155 -3.3457852913E+09  7.7258546885E+09
   126255 -3.3468870807E+09  7.7298700192E+09
   126355 -3.3546217075E+09  7.7253849687E+09
   126455 -3.3361187101E+09  7.7301301679E+09
   126555 -3.3321969938E+09  7.7356665531E+09
   126655 -3.3441686421E+09  7.7344657576E+09
   126755 -3.3454146570E+09  7.7317046949E+09
   126855 -3.3593254672E+09  7.7424316770E+09
   126955 -3.3524818453E+09  7.7485462428E+09
   127055 -3.3637043479E+09  7.7507667326E+09
   127155 -3.3530593815E+09  7.7464933536E+09
   127255 -3.3514064831E+09  7.7405879599E+09
   127355 -3.3647605006E+09  7.7392540500E+09
   127455 -3.3429463432E+09  7.7223762979E+09
   127555 -3.3542642797E+09  7.7189916666E+09
   127655 -3.3316724780E+09  7.7190222487E+09
   127755 -3.3439003503E+09  7.7210900346E+09
   127855 -3.3326814303E+09  7.7275330579E+09
   127955 -3.3456756422E+09  7.7244775096E+09
   128055 -3.3329825967E+09  7.7211189653E+09
   128155 -3.3306614215E+09  7.7337213278E+09
   128255 -3.3461720695E+09  7.7368822381E+09
   128355 -3.3545509337E+09  7.7346806391E+09
   128455 -3.3437254864E+09  7.7232898859E+09
   128555 -3.3337153410E+09  7.7265818459E+09
   128655 -3.3482223340E+09  7.7291918259E+09
   128755 -3.3438731832E+09  7.7296956775E+09
   128855 -3.3368933613E+09  7.7286959273E+09
   128955 -3.3431626594E+09  7.7354038381E+09
   129055 -3.3463552821E+09  7.7351247404E+09
   129155 -3.3466027412E+09  7.7317295305E+09
   129255 -3.3534216502E+09  7.7380484735E+09
   129355 -3.3487464364E+09  7.7407457470E+09
   129455 -3.3457510723E+09  7.7395084078E+09
   129555 -3.3533981552E+09  7.7403371622E+09
   129655 -3.3595738084E+09  7.7385911220E+09
   129755 -3.3486200231E+09  7.7343153765E+09
   129855 -3.3484808297E+09  7.7356400690E+09
   129955 -3.3469320663E+09  7.7361397813E+09
   130055 -3.3501293731E+09  7.7407451559E+09
   130155 -3.3485569780E+09  7.7459637222E+09
   130255 -3.3487271614E+09  7.7382326533E+09
   130355 -3.3585282097E+09  7.7298289624E+09
   130455 -3.3410592768E+09  7.7192810142E+09
   130555 -3.3398933481E+09  7.7211990920E+09
   130655 -3.3575575785E+09  7.7235266919E+09
   130755 -3.3466328293E+09  7.7210989876E+09
   130855 -3.3483964830E+09  7.7353770600E+09
   130955 -3.3507368554E+09  7.7440060473E+09
   131055 -3.3548503041E+09  7.7404458197E+09
   131155 -3.3660407630E+09  7.7440271248E+09
   131255 -3.3520114831E+09  7.7442944489E+09
   131355 -3.3600056389E+09  7.7364462360E+09
   131455 -3.3677891246E+09  7.7342339539E+09
   131555 -3.3693054745E+09  7.7284390878E+09
   131655 -3.3585215397E+09  7.7268924071E+09
   131755 -3.3460557168E+09  7.7231665146E+09
   131855 -3.3614057675E+09  7.7312392092E+09
   131955 -3.3501064173E+09  7.7338166927E+09
   132055 -3.3470678570E+09  7.7303132767E+09
   132155 -3.3523471733E+09  7.7316679933E+09
   132255 -3.3515446595E+09  7.7341958681E+09
   132355 -3.3513068291E+09  7.7329625772E+09
   132455 -3.3510178776E+09  7.7327141689E+09
   132555 -3.3412580885E+09  7.7357417317E+09
   132655 -3.3498931439E+09  7.7309155371E+09
   132755 -3.3455112348E+09  7.7327277967E+09
   132855 -3.3526216661E+09  7.7339769992E+09
   132955 -3.3473752004E+09  7.7386843410E+09
   133055 -3.3532357343E+09  7.7489401555E+09
   133155 -3.3458293287E+09  7.7502141607E+09
   133255 -3.3515757644E+09  7.7513104159E+09
   133355 -3.3499293079E+09  7.7554790541E+09
   133455 -3.3566669679E+09  7.7471302486E+09
   133555 -3.3567963603E+09  7.7375808220E+09
   133655 -3.3538944550E+09  7.7320934469E+09
   133755 -3.3479389576E+09  7.7319946607E+09
   133855 -3.3552473715E+09  7.7239645150E+09
   133955 -3.3473135919E+09  7.7143187390E+09
   134055 -3.3471841228E+09  7.7151887013E+09
   134155 -3.3539227781E+09  7.7162538567E+09
   134255 -3.3520019126E+09  7.7258918795E+09
   134355 -3.3582701824E+09  7.7308313259E+09
   134455 -3.3486518799E+09  7.7275727378E+09
   134555 -3.3359036294E+09  7.7247951978E+09
   134655 -3.3518191986E+09  7.7263950228E+09
   134755 -3.3470507768E+09  7.7294785921E+09
   134855 -3.3422271673E+09  7.7343363835E+09
   134955 -3.3391868623E+09  7.7337312452E+09
   135055 -3.3407061243E+09  7.7260722356E+09
   135155 -3.3480334531E+09  7.7348386100E+09
   135255 -3.3487316078E+09  7.7408502817E+09
   135355 -3.3431609517E+09  7.7374129976E+09
   135455 -3.3447402654E+09  7.7327570471E+09
   135555 -3.3392685192E+09  7.7319239009E+09
   135655 -3.3580602025E+09  7.7388628335E+09
   135755 -3.3579678285E+09  7.7421203052E+09
   135855 -3.3436356912E+09  7.7377235254E+09
   135955 -3.3587763019E+09  7.7350837165E+09
   136055 -3.3605449844E+09  7.7333766534E+09
   136155 -3.3520312523E+09  7.7391310637E+09
   136255 -3.3484244745E+09  7.7374856462E+09
   136355 -3.3548057266E+09  7.7394817377E+09
   136455 -3.3551876638E+09  7.7416037167E+09
   136555 -3.3665723545E+09  7.7417497830E+09
   136655 -3.3513514299E+09  7.7352927844E+09
   136755 -3.3452758206E+09  7.7235315722E+09
   136855 -3.3519445776E+09  7.7162330324E+09
   136955 -3.3517708148E+09  7.7192188056E+09
   137055 -3.3501354072E+09  7.7142402410E+09
   137155 -3.3383937549E+09  7.7193153351E+09
   137255 -3.3355705120E+09  7.7221151763E+09
   137355 -3.3510164592E+09  7.7219012724E+09
   137455 -3.3474586178E+09  7.7271116728E+09
   137555 -3.3314271228E+09  7.7254811537E+09
   137655 -3.3450524352E+09  7.7210947108E+09
   137755 -3.3447539891E+09  7.7287815844E+09
   137855 -3.3583365379E+09  7.7317884917E+09
   137955 -3.3547577576E+09  7.7337061662E+09
   138055 -3.3544549538E+09  7.7324750887E+09
   138155 -3.3661015519E+09  7.7381403741E+09
   138255 -3.3482088924E+09  7.7418848457E+09
   138355 -3.3604477066E+09  7.7438384166E+09
   138455 -3.3528387953E+09  7.7461519567E+09
   138555 -3.3619808642E+09  7.7492261345E+09
   138655 -3.3417687403E+09  7.7387411361E+09
   138755 -3.3496041001E+09  7.7293469353E+09
   138855 -3.3503063791E+09  7.7302214623E+09
   138955 -3.3535829359E+09  7.7301433997E+09
   139055 -3.3469464506E+09  7.7270323927E+09
   139155 -3.3456094500E+09  7.7207910446E+09
   139255 -3.3334960413E+09  7.7268973393E+09
   139355 -3.3448851664E+09  7.7284464540E+09
   139455 -3.3392480859E+09  7.7207450541E+09
   139555 -3.3433081493E+09  7.7186335269E+09
   139655 -3.3412466562E+09  7.7145731160E+09
   139755 -3.3349771423E+09  7.7171204461E+09
   139855 -3.3398553787E+09  7.7164778049E+09
   139955 -3.3388514218E+09  7.7141106398E+09
   140055 -3.3392338072E+09  7.7223794185E+09
   140155 -3.3454469524E+09  7.7206454324E+09
   140255 -3.3480749839E+09  7.7256258698E+09
   140355 -3.3500679746E+09  7.7356568256E+09
   140455 -3.3390102302E+09  7.7361754985E+09
   140555 -3.3515871620E+09  7.7304467827E+09
   140655 -3.3478062074E+09  7.7214974630E+09
   140755 -3.3279835833E+09  7.7093561073E+09
   140855 -3.3446056672E+09  7.7127529475E+09
   140955 -3.3462222804E+09  7.7121937188E+09
   141055 -3.3354943220E+09  7.7128566593E+09
   141155 -3.3330800069E+09  7.7201340377E+09
   141255 -3.3378402041E+09  7.7204165105E+09
   141355 -3.3458905168E+09  7.7280660301E+09
   141455 -3.3416760313E+09  7.7300846881E+09
   141555 -3.3446460539E+09  7.7350151566E+09
   141655 -3.3440655283E+09  7.7321970768E+09
   141755 -3.3652168285E+09  7.7357396325E+09
   141855 -3.3564943444E+09  7.7375755873E+09
   141955 -3.3464309461E+09  7.7331231987E+09
   142055 -3.3519961375E+09  7.7372837247E+09
   142155 -3.3506782807E+09  7.7384825711E+09
   142255 -3.3594631658E+09  7.7335301459E+09
   142355 -3.3457134785E+09  7.7286968160E+09
   142455 -3.3407752262E+09  7.7282134781E+09
   142555 -3.3477403592E+09  7.7259379784E+09
   142655 -3.3327612214E+09  7.7235667575E+09
   142755 -3.3478699166E+09  7.7247095239E+09
   142855 -3.3487328655E+09  7.7338137122E+09
   142955 -3.3580231423E+09  7.7377105050E+09
   143055 -3.3621263611E+09  7.7431413616E+09
   143155 -3.3495447548E+09  7.7393463945E+09
   143255 -3.3560904132E+09  7.7362527509E+09
   143355 -3.3388665480E+09  7.7348837838E+09
   143455 -3.3413067068E+09  7.7348679435E+09
   143555 -3.3375692098E+09  7.7321695139E+09
   143655 -3.3480288647E+09  7.7267190703E+09
   143755 -3.3409127742E+09  7.7248191466E+09
   143855 -3.3501094956E+09  7.7254642746E+09
   143955 -3.3471213723E+09  7.7268251923E+09
   144055 -3.3590913189E+09  7.7377482312E+09
   144155 -3.3455699669E+09  7.7383331937E+09
   144255 -3.3566863906E+09  7.7354633317E+09
   144355 -3.3453853262E+09  7.7349946747E+09
   144455 -3.3413882634E+09  7.7296092074E+09
   144555 -3.3394138240E+09  7.7242207157E+09
   144655 -3.3528290221E+09  7.7238940772E+09
   144755 -3.3431560535E+09  7.7356343768E+09
   144855 -3.3587114268E+09  7.7360833608E+09
   144955 -3.3474089862E+09  7.7327955552E+09
   145055 -3.3554513329E+09  7.7234917621E+09
   145155 -3.3577150807E+09  7.7170877922E+09
   145255 -3.3384867888E+09  7.7142903232E+09
   145355 -3.3431472777E+09  7.7240532923E+09
   145455 -3.3462532505E+09  7.7287678984E+09
   145555 -3.3415665437E+09  7.7196158640E+09
   145655 -3.3491349234E+09  7.7164991714E+09
   145755 -3.3547850967E+09  7.7274129159E+09
   145855 -3.3428532932E+09  7.7319442875E+09
   145955 -3.3488484071E+09  7.7353461881E+09
   146055 -3.3600114415E+09  7.7331197957E+09
   146155 -3.3514729616E+09  7.7247083124E+09
   146255 -3.3490599180E+09  7.7238200682E+09
   146355 -3.3360926456E+09  7.7305972875E+09
   146455 -3.3404490991E+09  7.7333308996E+09
   146555 -3.3406662924E+09  7.7331099587E+09
   146655 -3.3454155234E+09  7.7291307690E+09
   146755 -3.3481513055E+09  7.7207638563E+09
   146855 -3.3544269683E+09  7.7198039632E+09
   146955 -3.3503736334E+09  7.7167196764E+09
   147055 -3.3427484067E+09  7.7242332331E+09
   147155 -3.3403857703E+09  7.7214810725E+09
   147255 -3.3432931885E+09  7.7301117033E+09
   147355 -3.3478400956E+09  7.7322618826E+09
   147455 -3.3477319312E+09  7.7263051417E+09
   147555 -3.3569356491E+09  7.7202316900E+09
   147655 -3.3435283732E+09  7.7157781529E+09
   147755 -3.3431090673E+09  7.7177261998E+09
   147855 -3.3404475271E+09  7.7191054977E+09
   147955 -3.3418390649E+09  7.7236508211E+09
   148055 -3.3423076566E+09  7.7323180964E+09
   148155 -3.3502121205E+09  7.7352388516E+09
   148255 -3.3482590469E+09  7.7368073031E+09
   148355 -3.3540116545E+09  7.7374389595E+09
   148455 -3.3506256370E+09  7.7426810345E+09
   148555 -3.3454922379E+09  7.7438695377E+09
   148655 -3.3539136907E+09  7.7404918440E+09
   148755 -3.3447490990E+09  7.7429760927E+09
   148855 -3.3492738626E+09  7.7386224759E+09
   148955 -3.3536756625E+09  7.7360536047E+09
   149055 -3.3394439820E+09  7.7346212330E+09
   149155 -3.3425922324E+09  7.7363799204E+09
   149255 -3.3416644434E+09  7.7411771462E+09
   149355 -3.3444590396E+09  7.7468439475E+09
   149455 -3.3506173932E+09  7.7434637420E+09
   149555 -3.3546263523E+09  7.7425389221E+09
   149655 -3.3453003812E+09  7.7409858029E+09
   149755 -3.3489390716E+09  7.7430579732E+09
   149855 -3.3447077363E+09  7.7400047360E+09
   149955 -3.3566500072E+09  7.7384621172E+09
   150055 -3.3403324609E+09  7.7348039164E+09
   150155 -3.3511243814E+09  7.7405390342E+09
   150255 -3.3415421094E+09  7.7360276549E+09
   150355 -3.3459930085E+09  7.7338896589E+09
   150455 -3.3409471236E+09  7.7357714564E+09
   150555 -3.3310019581E+09  7.7353762451E+09
   150655 -3.3439484657E+09  7.7306310301E+09
   150755 -3.3517290511E+09  7.7322940697E+09
   150855 -3.3415457970E+09  7.7365349820E+09
   150955 -3.3573601970E+09  7.7299097750E+09
   151055 -3.3559749364E+09  7.7328982841E+09
   151155 -3.3490208917E+09  7.7321702358E+09
   151255 -3.3412467733E+09  7.7276631899E+09
   151355 -3.3392971760E+09  7.7286680217E+09
   151455 -3.3380142460E+09  7.7355350377E+09
   151555 -3.3564725131E+09  7.7328920192E+09
   151655 -3.3353787639E+09  7.7259336116E+09
   151755 -3.3539655181E+09  7.7254542455E+09
   151855 -3.3542513362E+09  7.7230628556E+09
   151955 -3.3513628178E+09  7.7225184566E+09
   152055 -3.3419963446E+09  7.7198385519E+09
   152155 -3.3410480434E+09  7.7133069925E+09
   152255 -3.3533403399E+09  7.7153562697E+09
   152355 -3.3539655216E+09  7.7271774670E+09
   152455 -3.3558613227E+09  7.7247833899E+09
   152555 -3.3445980836E+09  7.7319241850E+09
   152655 -3.3445309468E+09  7.7353378249E+09
   152755 -3.3696759919E+09  7.7358434488E+09
   152855 -3.3600381493E+09  7.7354435660E+09
   152955 -3.3605500210E+09  7.7436267300E+09
   153055 -3.3568916425E+09  7.7469148363E+09
   153155 -3.3471458071E+09  7.7426977078E+09
   153255 -3.3561485287E+09  7.7416129377E+09
   153355 -3.3514685079E+09  7.7363861112E+09
   153455 -3.3531324701E+09  7.7400527705E+09
   153555 -3.3580904500E+09  7.7401098879E+09
   153655 -3.3508777592E+09  7.7387132273E+09
   153755 -3.3458051667E+09  7.7383984679E+09
   153855 -3.3444706350E+09  7.7356130708E+09
   153955 -3.3424018947E+09  7.7288378680E+09
   154055 -3.3447709922E+09  7.7329170291E+09
   154155 -3.3513639207E+09  7.7286368641E+09
   154255 -3.3445861495E+09  7.7386594043E+09
   154355 -3.3585066414E+09  7.7462255184E+09
   154455 -3.3562686093E+09  7.7478736276E+09
   154555 -3.3500757081E+09  7.7469088764E+09
   154655 -3.3509757503E+09  7.7386434960E+09
   154755 -3.3455497294E+09  7.7317328386E+09
   154855 -3.3399368937E+09  7.7338915517E+09
   154955 -3.3538755278E+09  7.7227020217E+09
   155055 -3.3495387877E+09  7.7072458262E+09
   155155 -3.3460611091E+09  7.7033008768E+09
   155255 -3.3470017355E+09  7.7087593190E+09
   155355 -3.3572693014E+09  7.7180214075E+09
   155455 -3.3535822060E+09  7.7166061979E+09
   155555 -3.3456634396E+09  7.7191725735E+09
   155655 -3.3387449744E+09  7.7072526355E+09
   155755 -3.3363972064E+09  7.6981929428E+09
   155855 -3.3299045053E+09  7.7015528117E+09
   155955 -3.3231555493E+09  7.7133386843E+09
   156055 -3.3285759840E+09  7.7207608636E+09
   156155 -3.3278097531E+09  7.7182772632E+09
   156255 -3.3348153028E+09  7.7201503028E+09
   156355 -3.3333799498E+09  7.7206494173E+09
   156455 -3.3328042193E+09  7.7254416822E+09
   156555 -3.3419437068E+09  7.7312049832E+09
   156655 -3.3359809345E+09  7.7310734625E+09
   156755 -3.3390918316E+09  7.7283892899E+09
   156855 -3.3479269696E+09  7.7226291738E+09
   156955 -3.3388828857E+09  7.7246010822E+09
   157055 -3.3310760431E+09  7.7174057609E+09
   157155 -3.3370212326E+09  7.7205803879E+09
   157255 -3.3417770932E+09  7.7217513527E+09
   157355 -3.3562107827E+09  7.7304857146E+09
   157455 -3.3546186725E+09  7.7278929978E+09
   157555 -3.3550948269E+09  7.7372426376E+09
   157655 -3.3638266419E+09  7.7399229974E+09
   157755 -3.3526696267E+09  7.7395218909E+09
   157855 -3.3544684510E+09  7.7443692955E+09
   157955 -3.3562771641E+09  7.7397371034E+09
   158055 -3.3489941371E+09  7.7375697111E+09
   158155 -3.3489628791E+09  7.7320258615E+09
   158255 -3.3635044413E+09  7.7402694070E+09
   158355 -3.3470768513E+09  7.7378851738E+09
   158455 -3.3455056516E+09  7.7432204841E+09
   158555 -3.3564798614E+09  7.7418253131E+09
   158655 -3.3572286742E+09  7.7433034625E+09
   158755 -3.3551378207E+09  7.7432098404E+09
   158855 -3.3619742021E+09  7.7395691739E+09
   158955 -3.3605642006E+09  7.7406991419E+09
   159055 -3.3665756977E+09  7.7399860877E+09
   159155 -3.3526911893E+09  7.7354027641E+09
   159255 -3.3589022481E+09  7.7242435879E+09
   159355 -3.3372098207E+09  7.7167620711E+09
   159455 -3.3431388319E+09  7.7208977458E+09
   159555 -3.3457676872E+09  7.7110298720E+09
   159655 -3.3404535443E+09  7.7106676629E+09
   159755 -3.3434222784E+09  7.7110229033E+09
   159855 -3.3370390716E+09  7.7230911305E+09
   159955 -3.3422715596E+09  7.7266713884E+09
   160055 -3.3505695710E+09  7.7281669525E+09
   160155 -3.3562360252E+09  7.7307863331E+09
   160255 -3.3553544475E+09  7.7321997167E+09
   160355 -3.3528397258E+09  7.7375044396E+09
   160455 -3.3550222645E+09  7.7461080524E+09
   160555 -3.3550359909E+09  7.7434820843E+09
   160655 -3.3555238462E+09  7.7429474523E+09
   160755 -3.3511132384E+09  7.7435987756E+09
   160855 -3.3543928006E+09  7.7311125181E+09
   160955 -3.3568614902E+09  7.7277584792E+09
   161055 -3.3414898828E+09  7.7292963754E+09
   161155 -3.3286613782E+09  7.7230257809E+09
   161255 -3.3304679314E+09  7.7305215855E+09
   161355 -3.3429488595E+09  7.7369415843E+09
   161455 -3.3417633843E+09  7.7366603524E+09
   161555 -3.3495425142E+09  7.7380357526E+09
   161655 -3.3499384278E+09  7.7416016359E+09
   161755 -3.3419043033E+09  7.7367044917E+09
   161855 -3.3529672344E+09  7.7338246716E+09
   161955 -3.3552430388E+09  7.7384499388E+09
   162055 -3.3673614601E+09  7.7399485145E+09
   162155 -3.3547116967E+09  7.7429435035E+09
   162255 -3.3496153279E+09  7.7424377637E+09
   162355 -3.3601885198E+09  7.7438239817E+09
   162455 -3.3480602685E+09  7.7456578924E+09
   162555 -3.3554290066E+09  7.7340822040E+09
   162655 -3.3498889697E+09  7.7276304345E+09
   162755 -3.3485102765E+09  7.7304597167E+09
   162855 -3.3345695062E+09  7.7216428304E+09
   162955 -3.3501487083E+09  7.7166861362E+09
   163055 -3.3466615562E+09  7.7249592878E+09
   163155 -3.3475065985E+09  7.7190837232E+09
   163255 -3.3377599426E+09  7.7246086226E+09
   163355 -3.3516233067E+09  7.7271642791E+09
   163455 -3.3432741676E+09  7.7287520048E+09
   163555 -3.3393854795E+09  7.7223981768E+09
   163655 -3.3362064982E+09  7.7240220670E+09
   163755 -3.3431556293E+09  7.7350684085E+09
   163855 -3.3484003233E+09  7.7328671059E+09
   163955 -3.3497271140E+09  7.7335073510E+09
   164055 -3.3520086698E+09  7.7363004743E+09
   164155 -3.3389691267E+09  7.7288343868E+09
   164255 -3.3478886857E+09  7.7197007637E+09
   164355 -3.3477613952E+09  7.7264286089E+09
   164455 -3.3482247163E+09  7.7284865841E+09
   164555 -3.3478538113E+09  7.7257378640E+09
   164655 -3.3501309220E+09  7.7237486028E+09
   164755 -3.3481245575E+09  7.7217940879E+09
   164855 -3.3554297007E+09  7.7251835756E+09
   164955 -3.3471767033E+09  7.7359720860E+09
   165055 -3.3669827853E+09  7.7323417973E+09
   165155 -3.3374796391E+09  7.7267790706E+09
   165255 -3.3429809451E+09  7.7255949368E+09
   165355 -3.3483244397E+09  7.7342212182E+09
   165455 -3.3464771594E+09  7.7410421242E+09
   165555 -3.3445202344E+09  7.7343979773E+09
   165655 -3.3421454443E+09  7.7290797663E+09
   165755 -3.3416161196E+09  7.7244982997E+09
   165855 -3.3545714221E+09  7.7267370983E+09
   165955 -3.3465872916E+09  7.7185736882E+09
   166055 -3.3450347880E+09  7.7125994298E+09
   166155 -3.3453880012E+09  7.7199847283E+09
   166255 -3.3490521458E+09  7.7219021823E+09
   166355 -3.3500939033E+09  7.7278671144E+09
   166455 -3.3536689641E+09  7.7252136941E+09
   166555 -3.3395842448E+09  7.7105651670E+09
   166655 -3.3442915213E+09  7.7061142614E+09
   166755 -3.3330740001E+09  7.7076026358E+09
   166855 -3.3404314475E+09  7.7159170965E+09
   166955 -3.3492085341E+09  7.7194955347E+09
   167055 -3.3329693529E+09  7.7255564749E+09
   167155 -3.3393864823E+09  7.7355456342E+09
   167255 -3.3412801192E+09  7.7397030303E+09
   167355 -3.3410573018E+09  7.7433927009E+09
   167455 -3.3382182752E+09  7.7332680792E+09
   167555 -3.3455842797E+09  7.7291376003E+09
   167655 -3.3550250603E+09  7.7238256853E+09
   167755 -3.3445453623E+09  7.7206680476E+09
   167855 -3.3491244460E+09  7.7258600498E+09
   167955 -3.3482696822E+09  7.7198734921E+09
   168055 -3.3364737373E+09  7.7136100244E+09
   168155 -3.3449846215E+09  7.7187802963E+09
   168255 -3.3505782825E+09  7.7224607029E+09
   168355 -3.3426501503E+09  7.7292016579E+09
   168455 -3.3537353906E+09  7.7390218968E+09
   168555 -3.3510577608E+09  7.7394264808E+09
   168655 -3.3478918911E+09  7.7423060982E+09
   168755 -3.3589481434E+09  7.7392060255E+09
   168855 -3.3571513150E+09  7.7309406123E+09
   168955 -3.3449782045E+09  7.7302524219E+09
   169055 -3.3540307816E+09  7.7301336724E+09
   169155 -3.3464304796E+09  7.7300602679E+09
   169255 -3.3393157968E+09  7.7270144039E+09
   169355 -3.3545469056E+09  7.7336530576E+09
   169455 -3.3557614305E+09  7.7319716243E+09
   169555 -3.3391964054E+09  7.7252846806E+09
   169655 -3.3376538253E+09  7.7207739037E+09
   169755 -3.3492603628E+09  7.7241740783E+09
   169855 -3.3570178630E+09  7.7234482024E+09
   169955 -3.3462491484E+09  7.7279535738E+09
   170055 -3.3507920421E+09  7.7321033356E+09
   170155 -3.3481674763E+09  7.7317761005E+09
   170255 -3.3484752873E+09  7.7364478154E+09
   170355 -3.3525363555E+09  7.7399987654E+09
   170455 -3.3527660677E+09  7.7414351190E+09
   170555 -3.3588005711E+09  7.7410598276E+09
   170655 -3.3478944078E+09  7.7388496622E+09
   170755 -3.3547888754E+09  7.7271472336E+09
   170855 -3.3496607131E+09  7.7317522333E+09
   170955 -3.3456410952E+09  7.7366889102E+09
   171055 -3.3442614087E+09  7.7367190741E+09
   171155 -3.3448607294E+09  7.7261097418E+09
   171255 -3.3497207137E+09  7.7202950901E+09
   171355 -3.3383126527E+09  7.7240963287E+09
   171455 -3.3489239538E+09  7.7296165995E+09
   171555 -3.3452275212E+09  7.7369621081E+09
   171655 -3.3484927947E+09  7.7405232316E+09
   171755 -3.3505737335E+09  7.7453779809E+09
   171855 -3.3546587410E+09  7.7359418874E+09
   171955 -3.3419514272E+09  7.7318067872E+09
   172055 -3.3493325830E+09  7.7276401793E+09
   172155 -3.3414603131E+09  7.7249046735E+09
   172255 -3.3357952270E+09  7.7209031954E+09
   172355 -3.3459493324E+09  7.7167928313E+09
   172455 -3.3356239404E+09  7.7181461012E+09
   172555 -3.3430660686E+09  7.7231849549E+09
   172655 -3.3504579366E+09  7.7172589341E+09
   172755 -3.3508683847E+09  7.7149833001E+09
   172855 -3.3523124370E+09  7.7195362020E+09
   172955 -3.3579551207E+09  7.7258786590E+09
   173055 -3.3475752062E+09  7.7314724306E+09
   173155 -3.3479469948E+09  7.7253789156E+09
   173255 -3.3421171502E+09  7.7212515785E+09
   173355 -3.3513833154E+09  7.7270707960E+09
   173455 -3.3602492652E+09  7.7332125447E+09
   173555 -3.3577782317E+09  7.7384835035E+09
   173655 -3.3563646512E+09  7.7329387889E+09
   173755 -3.3601485365E+09  7.7345887425E+09
   173855 -3.3537663057E+09  7.7359720112E+09
   173955 -3.3457194771E+09  7.7370265703E+09
   174055 -3.3486452053E+09  7.7293389391E+09
   174155 -3.3455407348E+09  7.7198030214E+09
   174255 -3.3451683227E+09  7.7268775582E+09
   174355 -3.3489293001E+09  7.7375272256E+09
   174455 -3.3504195368E+09  7.7362868598E+09
   174555 -3.3488805089E+09  7.7408895503E+09
   174655 -3.3442592793E+09  7.7467944598E+09
   174755 -3.3487685589E+09  7.7418669339E+09
   174855 -3.3528008449E+09  7.7385686573E+09
   174955 -3.3481358469E+09  7.7345138996E+09
   175055 -3.3404167059E+09  7.7229304534E+09
   175155 -3.3434464831E+09  7.7267732893E+09
   175255 -3.3359499743E+09  7.7326980502E+09
   175355 -3.3406928874E+09  7.7312107572E+09
   175455 -3.3478239833E+09  7.7294569167E+09
   175555 -3.3450605261E+09  7.7298418674E+09
   175655 -3.3527167812E+09  7.7361633077E+09
   175755 -3.3555822974E+09  7.7306391101E+09
   175855 -3.3563423945E+09  7.7278482596E+09
   175955 -3.3518860603E+09  7.7368783066E+09
   176055 -3.3520538978E+09  7.7303527319E+09
   176155 -3.3460882790E+09  7.7266531041E+09
   176255 -3.3448688383E+09  7.7381100974E+09
   176355 -3.3368714796E+09  7.7397354533E+09
   176455 -3.3580056352E+09  7.7370913012E+09
   176555 -3.3335855121E+09  7.7386807075E+09
   176655 -3.3393326017E+09  7.7363559879E+09
   176755 -3.3614250507E+09  7.7282616527E+09
   176855 -3.3456899817E+09  7.7288881874E+09
   176955 -3.3500610544E+09  7.7305630888E+09
   177055 -3.3500979277E+09  7.7352483134E+09
   177155 -3.3442459812E+09  7.7452702183E+09
   177255 -3.3472668011E+09  7.7390613869E+09
   177355 -3.3504990839E+09  7.7380132993E+09
   177455 -3.3589848293E+09  7.7408586617E+09
   177555 -3.3512683258E+09  7.7285970832E+09
   177655 -3.3540404617E+09  7.7198973696E+09
   177755 -3.3385079244E+09  7.7249616158E+09
   177855 -3.3478234108E+09  7.7356210176E+09
   177955 -3.3466500660E+09  7.7369880230E+09
   178055 -3.3439323997E+09  7.7344184133E+09
   178155 -3.3444524986E+09  7.7365552705E+09
   178255 -3.3443146302E+09  7.7351416044E+09
   178355 -3.3537169797E+09  7.7412982953E+09
   178455 -3.3466544896E+09  7.7490154869E+09
   178555 -3.3674900485E+09  7.7510491280E+09
   178655 -3.3517224134E+09  7.7420269169E+09
   178755 -3.3405688821E+09  7.7388939519E+09
   178855 -3.3529943258E+09  7.7390199645E+09
   178955 -3.3530899743E+09  7.7343196986E+09
   179055 -3.3503813670E+09  7.7250755277E+09
   179155 -3.3430638745E+09  7.7268011519E+09
   179255 -3.3477519287E+09  7.7227351584E+09
   179355 -3.3467583725E+09  7.7259766932E+09
   179455 -3.3474356206E+09  7.7264871818E+09
   179555 -3.3524170102E+09  7.7293879942E+09
   179655 -3.3539568751E+09  7.7326309118E+09
   179755 -3.3570982289E+09  7.7189083717E+09
   179855 -3.3489663310E+09  7.7248028243E+09
   179955 -3.3490111970E+09  7.7300466219E+09
   180055 -3.3559668028E+09  7.7342385093E+09
   180155 -3.3576588270E+09  7.7366474068E+09
   180255 -3.3496915752E+09  7.7392860482E+09
   180355 -3.3551896372E+09  7.7339002234E+09
   180455 -3.3404685680E+09  7.7257481446E+09
   180555 -3.3390044563E+09  7.7231382455E+09
   180655 -3.3397883779E+09  7.7318344535E+09
   180755 -3.3555774292E+09  7.7317891261E+09
   180855 -3.3514641957E+09  7.7310738468E+09
   180955 -3.3535461049E+09  7.7316723145E+09
   181055 -3.3427699179E+09  7.7353595046E+09
   181155 -3.3483414359E+09  7.7334064638E+09
   181255 -3.3542486945E+09  7.7307785999E+09
   181355 -3.3547659415E+09  7.7322773756E+09
   181455 -3.3492126944E+09  7.7433843913E+09
   181555 -3.3551455905E+09  7.7431810945E+09
   181655 -3.3441837284E+09  7.7348259588E+09
   181755 -3.3373162912E+09  7.7322717721E+09
   181855 -3.3485753897E+09  7.7303921627E+09
   181955 -3.3380425040E+09  7.7243714636E+09
   182055 -3.3511050788E+09  7.7206692737E+09
   182155 -3.3493504480E+09  7.7247821477E+09
   182255 -3.3409222091E+09  7.7282936597E+09
   182355 -3.3459750523E+09  7.7292396968E+09
   182455 -3.3416041209E+09  7.7308613693E+09
   182555 -3.3544298608E+09  7.7374781913E+09
   182655 -3.3518304459E+09  7.7344314401E+09
   182755 -3.3442826630E+09  7.7337946981E+09
   182855 -3.3471656658E+09  7.7367606038E+09
   182955 -3.3359449414E+09  7.7260359769E+09
   183055 -3.3407132653E+09  7.7200085285E+09
   183155 -3.3332856840E+09  7.7086895186E+09
   183255 -3.3355089469E+09  7.7091558290E+09
   183355 -3.3412135378E+09  7.7167217263E+09
   183455 -3.3502535327E+09  7.7296665513E+09
   183555 -3.3425025662E+09  7.7351053494E+09
   183655 -3.3371532528E+09  7.7382838036E+09
   183755 -3.3342137898E+09  7.7307230160E+09
   183855 -3.3465486552E+09  7.7348873869E+09
   183955 -3.3359351408E+09  7.7336269146E+09
   184055 -3.3379595490E+09  7.7296667729E+09
   184155 -3.3449837454E+09  7.7377024392E+09
   184255 -3.3467417658E+09  7.7377562806E+09
   184355 -3.3508071851E+09  7.7305307066E+09
   184455 -3.3427515044E+09  7.7376657631E+09
   184555 -3.3367032277E+09  7.7475894522E+09
   184655 -3.3461336535E+09  7.7472511810E+09
   184755 -3.3682361984E+09  7.7463582177E+09
   184855 -3.3471545503E+09  7.7477132265E+09
   184955 -3.3483785445E+09  7.7401341651E+09
   185055 -3.3599247472E+09  7.7357059453E+09
   185155 -3.3533464513E+09  7.7351303220E+09
   185255 -3.3558954088E+09  7.7295573538E+09
   185355 -3.3556719007E+09  7.7382289138E+09
   185455 -3.3427648655E+09  7.7340829914E+09
   185555 -3.3490662986E+09  7.7355395817E+09
   185655 -3.3566366957E+09  7.7387820296E+09
   185755 -3.3626613279E+09  7.7369983495E+09
   185855 -3.3455923665E+09  7.7427460675E+09
   185955 -3.3519277634E+09  7.7389831725E+09
   186055 -3.3628607306E+09  7.7413555357E+09
   186155 -3.3522986986E+09  7.7307975613E+09
   186255 -3.3524822029E+09  7.7226872042E+09
   186355 -3.3333340310E+09  7.7242694373E+09
   186455 -3.3428588394E+09  7.7256923727E+09
   186555 -3.3448591475E+09  7.7278838884E+09
   186655 -3.3397955496E+09  7.7269758835E+09
   186755 -3.3376567481E+09  7.7303252220E+09
   186855 -3.3459926989E+09  7.7323604016E+09
   186955 -3.3539052690E+09  7.7475156840E+09
   187055 -3.3490824078E+09  7.7532721099E+09
   187155 -3.3501316832E+09  7.7404327236E+09
   187255 -3.3523358797E+09  7.7427849911E+09
   187355 -3.3526785489E+09  7.7343191063E+09
   187455 -3.3484850493E+09  7.7303030850E+09
   187555 -3.3499248212E+09  7.7375870801E+09
   187655 -3.3376520269E+09  7.7335235367E+09
   187755 -3.3495384321E+09  7.7333825163E+09
   187855 -3.3437990858E+09  7.7405584531E+09
   187955 -3.3527461376E+09  7.7450519328E+09
   188055 -3.3509706862E+09  7.7391802475E+09
   188155 -3.3503676236E+09  7.7303831928E+09
   188255 -3.3536936102E+09  7.7284713140E+09
   188355 -3.3510422650E+09  7.7350288090E+09
   188455 -3.3445570065E+09  7.7323845865E+09
   188555 -3.3544979519E+09  7.7254500272E+09
   188655 -3.3511091232E+09  7.7248572054E+09
   188755 -3.3466526358E+09  7.7226558153E+09
   188855 -3.3565214758E+09  7.7268658460E+09
