 ######
     5100 -1.3432533475E+08  7.9523611073E+10
     5200 -1.3381046904E+08  1.5550212889E+09
     5300 -1.3768239547E+08  1.5556706713E+09
     5400 -1.3343149566E+08  1.5544388347E+09
     5500 -1.3207721830E+08  1.5549634288E+09
     5600 -1.2885358021E+08  1.5550937364E+09
     5700 -1.3046103426E+08  1.5545898072E+09
     5800 -1.3332280758E+08  1.5564725880E+09
     5900 -1.3449966658E+08  1.5573075239E+09
     6000 -1.3180787928E+08  1.5584816706E+09
     6100 -1.3207982921E+08  1.5591243516E+09
     6200 -1.3428335271E+08  1.5583371046E+09
     6300 -1.3196941662E+08  1.5576290870E+09
     6400 -1.3271115688E+08  1.5592084902E+09
     6500 -1.3274861998E+08  1.5589953845E+09
     6600 -1.3243374424E+08  1.5575136238E+09
     6700 -1.3270465501E+08  1.5581895993E+09
     6800 -1.3219468993E+08  1.5599985577E+09
     6900 -1.3442393381E+08  1.5608405120E+09
     7000 -1.3464329076E+08  1.5611843536E+09
     7100 -1.3376895812E+08  1.5612367166E+09
     7200 -1.3181528484E+08  1.5597669045E+09
     7300 -1.3325176595E+08  1.5590770494E+09
     7400 -1.3284377407E+08  1.5572143610E+09
     7500 -1.2894039183E+08  1.5564024878E+09
     7600 -1.3449701563E+08  1.5553033753E+09
     7700 -1.3324557489E+08  1.5552423689E+09
     7800 -1.3207528874E+08  1.5560904501E+09
     7900 -1.3226175456E+08  1.5571901742E+09
     8000 -1.3152409906E+08  1.5559042294E+09
     8100 -1.3213916172E+08  1.5568703075E+09
     8200 -1.3333681464E+08  1.5585572429E+09
     8300 -1.3132423157E+08  1.5597025305E+09
     8400 -1.3274333385E+08  1.5599658137E+09
     8500 -1.3397880672E+08  1.5603149263E+09
     8600 -1.3208470049E+08  1.5603978594E+09
     8700 -1.3378810532E+08  1.5596364083E+09
     8800 -1.3372398552E+08  1.5603995382E+09
     8900 -1.3347601426E+08  1.5608754439E+09
     9000 -1.3249206728E+08  1.5599078095E+09
     9100 -1.3194158337E+08  1.5581500198E+09
     9200 -1.3011436922E+08  1.5570064827E+09
     9300 -1.3425021805E+08  1.5560692184E+09
     9400 -1.3334009068E+08  1.5545194684E+09
     9500 -1.3414701843E+08  1.5547037948E+09
     9600 -1.3216239798E+08  1.5571515586E+09
     9700 -1.3257285962E+08  1.5563181450E+09
     9800 -1.3380854423E+08  1.5562088253E+09
     9900 -1.3454925798E+08  1.5553076039E+09
    10000 -1.3627451646E+08  1.5564237549E+09
    10100 -1.3566194527E+08  1.5575196312E+09
    10200 -1.3334629980E+08  1.5586145287E+09
    10300 -1.3265906902E+08  1.5588714659E+09
    10400 -1.3412750772E+08  1.5576160058E+09
    10500 -1.3342354156E+08  1.5571359639E+09
    10600 -1.3393297310E+08  1.5567345663E+09
    10700 -1.3705643684E+08  1.5580793847E+09
    10800 -1.3369291666E+08  1.5570040076E+09
    10900 -1.3367556919E+08  1.5563590742E+09
    11000 -1.3385143283E+08  1.5554044331E+09
    11100 -1.3304357662E+08  1.5557321231E+09
    11200 -1.3331303058E+08  1.5578703578E+09
    11300 -1.3251950771E+08  1.5565148122E+09
    11400 -1.3068969792E+08  1.5561357139E+09
    11500 -1.2962162958E+08  1.5570528516E+09
    11600 -1.3457162572E+08  1.5587993058E+09
    11700 -1.3216156423E+08  1.5568702378E+09
    11800 -1.3211050056E+08  1.5573208703E+09
    11900 -1.3381746281E+08  1.5588390699E+09
    12000 -1.3354046940E+08  1.5601429972E+09
    12100 -1.3481526626E+08  1.5584404434E+09
    12200 -1.3555212477E+08  1.5581231537E+09
    12300 -1.3360099774E+08  1.5589088086E+09
    12400 -1.3438617131E+08  1.5593255765E+09
    12500 -1.3496512591E+08  1.5591512524E+09
    12600 -1.3367705982E+08  1.5592059074E+09
    12700 -1.3253020865E+08  1.5540819588E+09
    12800 -1.3370051528E+08  1.5541496142E+09
    12900 -1.3311856667E+08  1.5568392779E+09
    13000 -1.3417771767E+08  1.5591397586E+09
    13100 -1.3325986730E+08  1.5600201057E+09
    13200 -1.3357955981E+08  1.5597070462E+09
    13300 -1.3394633052E+08  1.5592626924E+09
    13400 -1.3416960239E+08  1.5582440169E+09
    13500 -1.3342406068E+08  1.5584003194E+09
    13600 -1.3387318149E+08  1.5570429629E+09
    13700 -1.3336825305E+08  1.5559560610E+09
    13800 -1.3471501864E+08  1.5552200253E+09
    13900 -1.3438225881E+08  1.5558219691E+09
    14000 -1.3274310096E+08  1.5568046533E+09
    14100 -1.3240340867E+08  1.5567412046E+09
    14200 -1.3312483638E+08  1.5576497928E+09
    14300 -1.3091257404E+08  1.5590267184E+09
    14400 -1.3104807690E+08  1.5577611667E+09
    14500 -1.3329853299E+08  1.5564642091E+09
    14600 -1.3327267019E+08  1.5555109443E+09
    14700 -1.3339183279E+08  1.5544322609E+09
    14800 -1.3502032768E+08  1.5549999454E+09
    14900 -1.3305579895E+08  1.5545239990E+09
    15000 -1.3068408924E+08  1.5552946197E+09
    15100 -1.3385437969E+08  1.5571833608E+09
    15200 -1.3354598981E+08  1.5603744586E+09
    15300 -1.3253059258E+08  1.5591863191E+09
    15400 -1.3312060201E+08  1.5595233774E+09
    15500 -1.3318024512E+08  1.5595398752E+09
    15600 -1.3359216317E+08  1.5605264577E+09
    15700 -1.3282731316E+08  1.5609453655E+09
    15800 -1.3468246745E+08  1.5610179593E+09
    15900 -1.3366057554E+08  1.5596455536E+09
    16000 -1.3473525480E+08  1.5591600411E+09
    16100 -1.3420728206E+08  1.5584799242E+09
    16200 -1.3085102227E+08  1.5561753337E+09
    16300 -1.3175044425E+08  1.5569682375E+09
    16400 -1.3410259077E+08  1.5591896910E+09
    16500 -1.3307990019E+08  1.5579726537E+09
    16600 -1.3763983827E+08  1.5577190910E+09
    16700 -1.3324711111E+08  1.5579020987E+09
    16800 -1.3547270660E+08  1.5584814575E+09
    16900 -1.3145164431E+08  1.5580779247E+09
    17000 -1.3656210610E+08  1.5569390810E+09
    17100 -1.3634888783E+08  1.5578902341E+09
    17200 -1.3494519416E+08  1.5586737133E+09
    17300 -1.3559297711E+08  1.5592598496E+09
    17400 -1.3444144422E+08  1.5591644327E+09
    17500 -1.3466467618E+08  1.5602964603E+09
    17600 -1.3392577608E+08  1.5612620144E+09
    17700 -1.3369682299E+08  1.5611957433E+09
    17800 -1.3387419272E+08  1.5601097291E+09
    17900 -1.3290415381E+08  1.5599872786E+09
    18000 -1.3311711398E+08  1.5621260072E+09
    18100 -1.3465734783E+08  1.5627546000E+09
    18200 -1.3458417499E+08  1.5616327220E+09
    18300 -1.3451004622E+08  1.5598566026E+09
    18400 -1.3349000753E+08  1.5587721653E+09
    18500 -1.3244075002E+08  1.5575475039E+09
    18600 -1.3228911137E+08  1.5586532558E+09
    18700 -1.3356805843E+08  1.5589908536E+09
    18800 -1.3401586976E+08  1.5612313222E+09
    18900 -1.3775792394E+08  1.5591116930E+09
    19000 -1.3310802361E+08  1.5578097615E+09
    19100 -1.3245648016E+08  1.5587194734E+09
    19200 -1.3065383413E+08  1.5607459653E+09
    19300 -1.3364993675E+08  1.5608367887E+09
    19400 -1.3160807167E+08  1.5600972237E+09
    19500 -1.3176886247E+08  1.5599358511E+09
    19600 -1.3252921637E+08  1.5583888604E+09
    19700 -1.3274994345E+08  1.5582124474E+09
    19800 -1.3325683467E+08  1.5582461986E+09
    19900 -1.3432821069E+08  1.5599607097E+09
    20000 -1.3363995797E+08  1.5605435297E+09
    20100 -1.3273003281E+08  1.5597553100E+09
    20200 -1.3499735861E+08  1.5580070101E+09
    20300 -1.3181817192E+08  1.5564414553E+09
    20400 -1.3445258424E+08  1.5543091693E+09
    20500 -1.3258370146E+08  1.5542164530E+09
    20600 -1.3243339252E+08  1.5554253842E+09
    20700 -1.3475117069E+08  1.5553768549E+09
    20800 -1.3506380672E+08  1.5557063694E+09
    20900 -1.3574723168E+08  1.5548524983E+09
    21000 -1.3378181664E+08  1.5556004508E+09
    21100 -1.3211326269E+08  1.5562426023E+09
    21200 -1.3500809294E+08  1.5589108178E+09
    21300 -1.3264812889E+08  1.5596784503E+09
    21400 -1.3303925065E+08  1.5582535038E+09
    21500 -1.3233223005E+08  1.5576007613E+09
    21600 -1.3310105549E+08  1.5577555446E+09
    21700 -1.3359655138E+08  1.5570930010E+09
    21800 -1.3336065427E+08  1.5571624847E+09
    21900 -1.3339790396E+08  1.5580236451E+09
    22000 -1.3506278143E+08  1.5579338884E+09
    22100 -1.3231914020E+08  1.5579790999E+09
    22200 -1.3160959579E+08  1.5588045737E+09
    22300 -1.3282728095E+08  1.5579701358E+09
    22400 -1.3242097916E+08  1.5583123858E+09
    22500 -1.3378667237E+08  1.5572500201E+09
    22600 -1.3544936061E+08  1.5560111680E+09
    22700 -1.3438908915E+08  1.5567771456E+09
    22800 -1.3021971555E+08  1.5568013713E+09
    22900 -1.3164595841E+08  1.5572330000E+09
    23000 -1.3229214826E+08  1.5556868061E+09
    23100 -1.3149054882E+08  1.5546481903E+09
    23200 -1.3397416100E+08  1.5543088639E+09
    23300 -1.3376895615E+08  1.5536657219E+09
    23400 -1.3481869045E+08  1.5537161285E+09
    23500 -1.3535354458E+08  1.5539503296E+09
    23600 -1.3418057651E+08  1.5538105446E+09
    23700 -1.3346486092E+08  1.5538228378E+09
    23800 -1.3247244932E+08  1.5533026156E+09
    23900 -1.3043970875E+08  1.5544717529E+09
    24000 -1.3492710181E+08  1.5553567683E+09
    24100 -1.3454185053E+08  1.5560177759E+09
    24200 -1.3121536429E+08  1.5557142945E+09
    24300 -1.3176293874E+08  1.5556269406E+09
    24400 -1.3358751803E+08  1.5574055492E+09
    24500 -1.3628193420E+08  1.5557665852E+09
    24600 -1.3142542947E+08  1.5543285426E+09
    24700 -1.3508044241E+08  1.5550527271E+09
    24800 -1.3504459338E+08  1.5558931361E+09
    24900 -1.3513211892E+08  1.5578266893E+09
    25000 -1.3403850993E+08  1.5578514350E+09
    25100 -1.3305377428E+08  1.5573409039E+09
    25200 -1.3228960474E+08  1.5571244519E+09
    25300 -1.3516494437E+08  1.5583451374E+09
    25400 -1.3610641624E+08  1.5589500705E+09
    25500 -1.3304590254E+08  1.5588657650E+09
    25600 -1.3011160269E+08  1.5591456611E+09
    25700 -1.2937657494E+08  1.5589297024E+09
    25800 -1.3060869315E+08  1.5583230665E+09
    25900 -1.3170708334E+08  1.5578898344E+09
    26000 -1.3286136141E+08  1.5572747934E+09
    26100 -1.3427142242E+08  1.5565271471E+09
    26200 -1.3695996520E+08  1.5549786308E+09
    26300 -1.3272103134E+08  1.5568557939E+09
    26400 -1.3344660670E+08  1.5571796976E+09
    26500 -1.3437301072E+08  1.5578694135E+09
    26600 -1.3420181723E+08  1.5569739606E+09
    26700 -1.3456276922E+08  1.5581755149E+09
    26800 -1.3102384756E+08  1.5573254782E+09
    26900 -1.3448691498E+08  1.5572216957E+09
    27000 -1.3432216066E+08  1.5569956902E+09
    27100 -1.3515054198E+08  1.5567442252E+09
    27200 -1.3426016427E+08  1.5581401348E+09
    27300 -1.3358227943E+08  1.5578621481E+09
    27400 -1.3193613534E+08  1.5587060552E+09
    27500 -1.3135504927E+08  1.5572608324E+09
    27600 -1.3435582635E+08  1.5585371922E+09
    27700 -1.3427935661E+08  1.5583349586E+09
    27800 -1.3065132457E+08  1.5568144240E+09
    27900 -1.3168211611E+08  1.5554700974E+09
    28000 -1.3439980656E+08  1.5550350333E+09
    28100 -1.3432952545E+08  1.5571101859E+09
    28200 -1.3393415783E+08  1.5580410472E+09
    28300 -1.3227981270E+08  1.5585736767E+09
    28400 -1.3449163186E+08  1.5585221789E+09
    28500 -1.3207497984E+08  1.5574409215E+09
    28600 -1.3290830764E+08  1.5577900909E+09
    28700 -1.3331625574E+08  1.5584301828E+09
    28800 -1.3289189691E+08  1.5578129403E+09
    28900 -1.3321593649E+08  1.5594462749E+09
    29000 -1.3333803990E+08  1.5590691727E+09
    29100 -1.3447135391E+08  1.5587144324E+09
    29200 -1.3657620815E+08  1.5596438822E+09
    29300 -1.3481197704E+08  1.5584032888E+09
    29400 -1.3313934220E+08  1.5569229999E+09
    29500 -1.3194547347E+08  1.5571014337E+09
    29600 -1.3134075291E+08  1.5578809425E+09
    29700 -1.3399417103E+08  1.5581850830E+09
    29800 -1.3420237698E+08  1.5586151075E+09
    29900 -1.3299393555E+08  1.5601243764E+09
    30000 -1.3138837901E+08  1.5611009035E+09
    30100 -1.3588038658E+08  1.5600621311E+09
    30200 -1.3446873525E+08  1.5584768105E+09
    30300 -1.3226714565E+08  1.5576941951E+09
    30400 -1.3434444090E+08  1.5585000771E+09
    30500 -1.3175100849E+08  1.5582265835E+09
    30600 -1.3445757914E+08  1.5589527223E+09
    30700 -1.3224162816E+08  1.5580174628E+09
    30800 -1.3149673430E+08  1.5572647930E+09
    30900 -1.3184591399E+08  1.5575311679E+09
    31000 -1.3199317763E+08  1.5567463838E+09
    31100 -1.3314771913E+08  1.5558515089E+09
    31200 -1.3377039804E+08  1.5571830409E+09
    31300 -1.3193000621E+08  1.5578513275E+09
    31400 -1.3485542700E+08  1.5582922096E+09
    31500 -1.3490911034E+08  1.5590155886E+09
    31600 -1.3582343259E+08  1.5586533246E+09
    31700 -1.3432865567E+08  1.5588685562E+09
    31800 -1.3366880235E+08  1.5597597842E+09
    31900 -1.3599724795E+08  1.5604595017E+09
    32000 -1.3422688780E+08  1.5609516923E+09
    32100 -1.3395727821E+08  1.5597873946E+09
    32200 -1.3517364127E+08  1.5601100897E+09
    32300 -1.3533706344E+08  1.5592921786E+09
    32400 -1.3446975105E+08  1.5583455444E+09
    32500 -1.3523233234E+08  1.5583541688E+09
    32600 -1.3149202739E+08  1.5583602467E+09
    32700 -1.3374202769E+08  1.5573962686E+09
    32800 -1.3182780263E+08  1.5578719349E+09
    32900 -1.3291185846E+08  1.5568022658E+09
    33000 -1.3256614644E+08  1.5563885805E+09
    33100 -1.3234126209E+08  1.5568531756E+09
    33200 -1.3336814453E+08  1.5565959193E+09
    33300 -1.3406694680E+08  1.5574370861E+09
    33400 -1.3465513283E+08  1.5582028644E+09
    33500 -1.3236834522E+08  1.5584468699E+09
    33600 -1.3203678668E+08  1.5596492415E+09
    33700 -1.3350812477E+08  1.5590895447E+09
    33800 -1.3378136327E+08  1.5580080082E+09
    33900 -1.3307534275E+08  1.5564357229E+09
    34000 -1.3097736928E+08  1.5570255253E+09
    34100 -1.3135156167E+08  1.5575380235E+09
    34200 -1.3338111163E+08  1.5581666190E+09
    34300 -1.3255740124E+08  1.5585372507E+09
    34400 -1.3151873754E+08  1.5582951195E+09
    34500 -1.3267695272E+08  1.5573217309E+09
    34600 -1.3211866171E+08  1.5568655543E+09
    34700 -1.3486457533E+08  1.5552235204E+09
    34800 -1.3583353329E+08  1.5563337848E+09
    34900 -1.3478660179E+08  1.5574601100E+09
    35000 -1.3297808982E+08  1.5584767790E+09
    35100 -1.3456079861E+08  1.5598128065E+09
    35200 -1.3271600984E+08  1.5601032602E+09
    35300 -1.3285571192E+08  1.5611222657E+09
    35400 -1.3146907902E+08  1.5612421942E+09
    35500 -1.3086612419E+08  1.5604597735E+09
    35600 -1.3341373888E+08  1.5597941753E+09
    35700 -1.3369742748E+08  1.5598381662E+09
    35800 -1.3306169410E+08  1.5589163141E+09
    35900 -1.3179969170E+08  1.5574374161E+09
    36000 -1.3266295909E+08  1.5563129666E+09
    36100 -1.3266163880E+08  1.5577200960E+09
    36200 -1.3144630501E+08  1.5599667025E+09
    36300 -1.3507782268E+08  1.5613383319E+09
    36400 -1.3292581230E+08  1.5619783136E+09
    36500 -1.3094463682E+08  1.5613041560E+09
    36600 -1.3121909408E+08  1.5614179914E+09
    36700 -1.3704980783E+08  1.5612295061E+09
    36800 -1.3484535621E+08  1.5611490835E+09
    36900 -1.3676910816E+08  1.5613604569E+09
    37000 -1.3544693693E+08  1.5601892566E+09
    37100 -1.3238955905E+08  1.5602504817E+09
    37200 -1.3219006666E+08  1.5601349509E+09
    37300 -1.3468492867E+08  1.5599467434E+09
    37400 -1.3475448789E+08  1.5603443586E+09
    37500 -1.3654252622E+08  1.5606431485E+09
    37600 -1.3568442023E+08  1.5598672034E+09
    37700 -1.3146343151E+08  1.5587942793E+09
    37800 -1.3320751399E+08  1.5587363206E+09
    37900 -1.3364614148E+08  1.5594323793E+09
    38000 -1.3471240059E+08  1.5603414071E+09
    38100 -1.3349603187E+08  1.5590684574E+09
    38200 -1.3516770113E+08  1.5579001393E+09
    38300 -1.3414468079E+08  1.5566675633E+09
    38400 -1.3336553737E+08  1.5559001433E+09
    38500 -1.3388144167E+08  1.5544586608E+09
    38600 -1.3367153885E+08  1.5554744545E+09
    38700 -1.3358343269E+08  1.5562858815E+09
    38800 -1.3222981864E+08  1.5565858150E+09
    38900 -1.3417945155E+08  1.5557852256E+09
    39000 -1.3179015953E+08  1.5550051074E+09
    39100 -1.3037923590E+08  1.5572730635E+09
    39200 -1.3554243857E+08  1.5573439970E+09
    39300 -1.3291007041E+08  1.5564827959E+09
    39400 -1.3509252114E+08  1.5563419034E+09
    39500 -1.3355180519E+08  1.5567870179E+09
    39600 -1.3158170189E+08  1.5576859943E+09
    39700 -1.3466913106E+08  1.5569953467E+09
    39800 -1.3376294730E+08  1.5570858046E+09
    39900 -1.3113338331E+08  1.5576004997E+09
    40000 -1.3126395920E+08  1.5583557643E+09
    40100 -1.3159329372E+08  1.5591043990E+09
    40200 -1.2944389935E+08  1.5595532905E+09
    40300 -1.3266507165E+08  1.5581998926E+09
    40400 -1.3354046492E+08  1.5576992805E+09
    40500 -1.3227106095E+08  1.5578716549E+09
    40600 -1.3299853104E+08  1.5573351896E+09
    40700 -1.3357428976E+08  1.5580165444E+09
    40800 -1.3576735113E+08  1.5574001531E+09
    40900 -1.3273695388E+08  1.5578393294E+09
    41000 -1.3405060737E+08  1.5589988254E+09
    41100 -1.3536210059E+08  1.5583935932E+09
    41200 -1.3267777853E+08  1.5572480180E+09
    41300 -1.3706640052E+08  1.5561574850E+09
    41400 -1.3296053640E+08  1.5550116054E+09
    41500 -1.3334448198E+08  1.5557676679E+09
    41600 -1.3430380807E+08  1.5547340217E+09
    41700 -1.3414546568E+08  1.5543918193E+09
    41800 -1.2999021996E+08  1.5538141685E+09
    41900 -1.3082481874E+08  1.5512183467E+09
    42000 -1.3409086076E+08  1.5506515375E+09
    42100 -1.3203063538E+08  1.5518090399E+09
    42200 -1.3244866478E+08  1.5525469776E+09
    42300 -1.3301410762E+08  1.5514621751E+09
    42400 -1.3388880745E+08  1.5543796109E+09
    42500 -1.3448406621E+08  1.5572432990E+09
    42600 -1.3210119172E+08  1.5585920647E+09
    42700 -1.3410405383E+08  1.5588354323E+09
    42800 -1.3127817382E+08  1.5578024823E+09
    42900 -1.2983380549E+08  1.5581597681E+09
    43000 -1.3084575776E+08  1.5583197239E+09
    43100 -1.3357447959E+08  1.5577370986E+09
    43200 -1.3245951888E+08  1.5589394100E+09
    43300 -1.3113240351E+08  1.5591076047E+09
    43400 -1.3445962190E+08  1.5588397368E+09
    43500 -1.3112834946E+08  1.5587058332E+09
    43600 -1.3122055599E+08  1.5610001061E+09
    43700 -1.3465990411E+08  1.5622875981E+09
    43800 -1.3337761329E+08  1.5611337990E+09
    43900 -1.3269685125E+08  1.5605857011E+09
    44000 -1.3276382812E+08  1.5594111097E+09
    44100 -1.3423903034E+08  1.5580130803E+09
    44200 -1.3540134368E+08  1.5575297157E+09
    44300 -1.3426275719E+08  1.5575370891E+09
    44400 -1.3434326865E+08  1.5579384845E+09
    44500 -1.3258401024E+08  1.5562569559E+09
    44600 -1.3339220777E+08  1.5543472544E+09
    44700 -1.3378269131E+08  1.5536293449E+09
    44800 -1.3187557298E+08  1.5541437330E+09
    44900 -1.3142625469E+08  1.5549909356E+09
    45000 -1.3038993000E+08  1.5559969825E+09
    45100 -1.3017251528E+08  1.5562772842E+09
    45200 -1.3031670251E+08  1.5548902884E+09
    45300 -1.3177076717E+08  1.5560695971E+09
    45400 -1.2934278499E+08  1.5539324534E+09
    45500 -1.3406787386E+08  1.5532772904E+09
    45600 -1.3334100771E+08  1.5551397002E+09
    45700 -1.3029619748E+08  1.5566660796E+09
    45800 -1.3195544365E+08  1.5559421887E+09
    45900 -1.3194694982E+08  1.5549048509E+09
    46000 -1.3179902263E+08  1.5558534282E+09
    46100 -1.3563591993E+08  1.5566746692E+09
    46200 -1.3366499004E+08  1.5577624012E+09
    46300 -1.3490999975E+08  1.5569687463E+09
    46400 -1.3371191899E+08  1.5575686801E+09
    46500 -1.3255671138E+08  1.5593450568E+09
    46600 -1.3284514746E+08  1.5590265110E+09
    46700 -1.3219238729E+08  1.5576423018E+09
    46800 -1.3328798049E+08  1.5567284801E+09
    46900 -1.3367970074E+08  1.5548994675E+09
    47000 -1.3461584858E+08  1.5549733264E+09
    47100 -1.3552215219E+08  1.5561969126E+09
    47200 -1.3655467687E+08  1.5581086511E+09
    47300 -1.3432090082E+08  1.5583385247E+09
    47400 -1.3259237228E+08  1.5583749007E+09
    47500 -1.3463230794E+08  1.5576724187E+09
    47600 -1.3109052557E+08  1.5590251820E+09
    47700 -1.3341011305E+08  1.5601590835E+09
    47800 -1.3234866568E+08  1.5605060102E+09
    47900 -1.3384495757E+08  1.5591344926E+09
    48000 -1.3341646451E+08  1.5570523644E+09
    48100 -1.3170296251E+08  1.5565812705E+09
    48200 -1.3367624665E+08  1.5562027301E+09
    48300 -1.3534310067E+08  1.5555843679E+09
    48400 -1.3518737533E+08  1.5567694916E+09
    48500 -1.3201646132E+08  1.5572213632E+09
    48600 -1.3647376819E+08  1.5588151932E+09
    48700 -1.3179845492E+08  1.5595287095E+09
    48800 -1.3490856924E+08  1.5590310430E+09
    48900 -1.3237297712E+08  1.5574449005E+09
    49000 -1.3230751951E+08  1.5601760506E+09
    49100 -1.2904864038E+08  1.5614511345E+09
    49200 -1.3159855831E+08  1.5625729436E+09
    49300 -1.3191642708E+08  1.5618611354E+09
    49400 -1.3198575096E+08  1.5607127789E+09
    49500 -1.3456447839E+08  1.5607534242E+09
    49600 -1.3108582928E+08  1.5616973139E+09
    49700 -1.3556315352E+08  1.5612225918E+09
    49800 -1.3376734944E+08  1.5603572955E+09
    49900 -1.3032094285E+08  1.5592565690E+09
    50000 -1.3374679318E+08  1.5604384137E+09
    50100 -1.3162733817E+08  1.5592079183E+09
    50200 -1.3026242404E+08  1.5593848054E+09
    50300 -1.3291550097E+08  1.5588006988E+09
    50400 -1.3349360048E+08  1.5577447245E+09
    50500 -1.3274105896E+08  1.5578636965E+09
    50600 -1.3185410859E+08  1.5593221369E+09
    50700 -1.3328886304E+08  1.5590537739E+09
    50800 -1.3329889250E+08  1.5590614947E+09
    50900 -1.3436382497E+08  1.5591598793E+09
    51000 -1.3150675941E+08  1.5594164444E+09
    51100 -1.3326948735E+08  1.5602082567E+09
    51200 -1.3528095599E+08  1.5599483935E+09
    51300 -1.3479530739E+08  1.5594056608E+09
    51400 -1.3415576112E+08  1.5584795270E+09
    51500 -1.3569948584E+08  1.5605832711E+09
    51600 -1.3368687246E+08  1.5592479154E+09
    51700 -1.3474193152E+08  1.5599318505E+09
    51800 -1.3429829508E+08  1.5631010309E+09
    51900 -1.3451804649E+08  1.5636378125E+09
    52000 -1.3372346821E+08  1.5630333349E+09
    52100 -1.3300372442E+08  1.5616435661E+09
    52200 -1.3502176889E+08  1.5614402733E+09
    52300 -1.3096854320E+08  1.5611647297E+09
    52400 -1.3257177244E+08  1.5601509795E+09
    52500 -1.3166158908E+08  1.5595027012E+09
    52600 -1.3246753267E+08  1.5582083463E+09
    52700 -1.3327433699E+08  1.5569051116E+09
    52800 -1.3249309621E+08  1.5590347249E+09
    52900 -1.3410368296E+08  1.5594303401E+09
    53000 -1.3489964789E+08  1.5575879101E+09
    53100 -1.3506771295E+08  1.5556878760E+09
    53200 -1.3565794236E+08  1.5555024916E+09
    53300 -1.3278913199E+08  1.5551086522E+09
    53400 -1.3235586929E+08  1.5545166487E+09
    53500 -1.3274434238E+08  1.5550455203E+09
    53600 -1.3315831608E+08  1.5569152283E+09
    53700 -1.3162057399E+08  1.5558403811E+09
    53800 -1.3142006610E+08  1.5554136384E+09
    53900 -1.3407852667E+08  1.5558498586E+09
    54000 -1.3633959609E+08  1.5574167918E+09
    54100 -1.3567857150E+08  1.5567864059E+09
    54200 -1.3365331421E+08  1.5577685413E+09
    54300 -1.3561484494E+08  1.5590651144E+09
    54400 -1.3578080517E+08  1.5588229410E+09
    54500 -1.3522743734E+08  1.5578110008E+09
    54600 -1.3474197468E+08  1.5591079491E+09
    54700 -1.3436056584E+08  1.5591846497E+09
    54800 -1.3266721659E+08  1.5586591499E+09
    54900 -1.3599302109E+08  1.5590501421E+09
    55000 -1.3556285398E+08  1.5594570178E+09
    55100 -1.3344078915E+08  1.5585447919E+09
    55200 -1.3189161147E+08  1.5585617477E+09
    55300 -1.3242836469E+08  1.5603327169E+09
    55400 -1.3251400065E+08  1.5599455346E+09
    55500 -1.3337309146E+08  1.5585563078E+09
    55600 -1.3225300645E+08  1.5580467168E+09
    55700 -1.3212109392E+08  1.5568266523E+09
    55800 -1.3330254951E+08  1.5567989084E+09
    55900 -1.3276429135E+08  1.5572848110E+09
    56000 -1.3287147968E+08  1.5572892354E+09
    56100 -1.3323726177E+08  1.5582162563E+09
    56200 -1.3504142949E+08  1.5585329488E+09
    56300 -1.3465550985E+08  1.5566059990E+09
    56400 -1.3349378393E+08  1.5540121649E+09
    56500 -1.3278645139E+08  1.5535791434E+09
    56600 -1.3481894882E+08  1.5537890039E+09
    56700 -1.3399139930E+08  1.5534043107E+09
    56800 -1.3321598439E+08  1.5552363938E+09
    56900 -1.3168611501E+08  1.5575732103E+09
    57000 -1.3315217218E+08  1.5573343174E+09
    57100 -1.3277817800E+08  1.5581850471E+09
    57200 -1.3238276142E+08  1.5571141144E+09
    57300 -1.3300343107E+08  1.5544565850E+09
    57400 -1.3175290309E+08  1.5538552261E+09
    57500 -1.2909251002E+08  1.5550031057E+09
    57600 -1.3203269640E+08  1.5558218644E+09
    57700 -1.3080611159E+08  1.5567264434E+09
    57800 -1.3140191794E+08  1.5572326246E+09
    57900 -1.3387437799E+08  1.5558547940E+09
    58000 -1.3284865325E+08  1.5566208185E+09
    58100 -1.3433885262E+08  1.5574785112E+09
    58200 -1.3015614803E+08  1.5587333933E+09
    58300 -1.3393945084E+08  1.5584145189E+09
    58400 -1.3337515490E+08  1.5569680735E+09
    58500 -1.3290577670E+08  1.5570466709E+09
    58600 -1.3322023673E+08  1.5576985954E+09
    58700 -1.3135665837E+08  1.5579707469E+09
    58800 -1.3077222364E+08  1.5579103101E+09
    58900 -1.3382119320E+08  1.5568860151E+09
    59000 -1.3353233932E+08  1.5552994640E+09
    59100 -1.3108190345E+08  1.5560788184E+09
    59200 -1.3424935646E+08  1.5569379351E+09
    59300 -1.3236639236E+08  1.5581396387E+09
    59400 -1.3516651574E+08  1.5582811021E+09
    59500 -1.3504147516E+08  1.5587192782E+09
    59600 -1.3217376386E+08  1.5587596012E+09
    59700 -1.3488765433E+08  1.5589292019E+09
    59800 -1.3246310850E+08  1.5588075549E+09
    59900 -1.3407606846E+08  1.5599918384E+09
    60000 -1.3325309687E+08  1.5592393844E+09
    60100 -1.3511586769E+08  1.5594172878E+09
    60200 -1.3186399140E+08  1.5594079352E+09
    60300 -1.3499162648E+08  1.5582523556E+09
    60400 -1.3356987059E+08  1.5582657589E+09
    60500 -1.3363297465E+08  1.5580429731E+09
    60600 -1.3531918774E+08  1.5575202667E+09
    60700 -1.3205658081E+08  1.5578394211E+09
    60800 -1.3271118547E+08  1.5573359935E+09
    60900 -1.3519517646E+08  1.5585540164E+09
    61000 -1.3560244419E+08  1.5572066195E+09
    61100 -1.3426532611E+08  1.5567759598E+09
    61200 -1.3292374908E+08  1.5541462465E+09
    61300 -1.2944494267E+08  1.5528960869E+09
    61400 -1.3359922996E+08  1.5527756965E+09
    61500 -1.3217342431E+08  1.5538651769E+09
    61600 -1.3376761010E+08  1.5550413323E+09
    61700 -1.3317950722E+08  1.5548916166E+09
    61800 -1.3165515716E+08  1.5549376430E+09
    61900 -1.3323401411E+08  1.5551429279E+09
    62000 -1.2997455363E+08  1.5551691650E+09
    62100 -1.3260021093E+08  1.5522431598E+09
    62200 -1.3364768150E+08  1.5521329985E+09
    62300 -1.3362802947E+08  1.5537567155E+09
    62400 -1.3588128964E+08  1.5537581973E+09
    62500 -1.3221499593E+08  1.5545272479E+09
    62600 -1.3311922342E+08  1.5543016220E+09
    62700 -1.3173540681E+08  1.5555409019E+09
    62800 -1.3481815482E+08  1.5559101368E+09
    62900 -1.3165803846E+08  1.5561925083E+09
    63000 -1.3382505362E+08  1.5545720537E+09
    63100 -1.3249794213E+08  1.5551026252E+09
    63200 -1.3242555366E+08  1.5569909371E+09
    63300 -1.3144943421E+08  1.5550321278E+09
    63400 -1.3200303580E+08  1.5544954586E+09
    63500 -1.3089849119E+08  1.5535499763E+09
    63600 -1.3357115681E+08  1.5537937199E+09
    63700 -1.3685872829E+08  1.5538285538E+09
    63800 -1.3661938031E+08  1.5531949515E+09
    63900 -1.3490020432E+08  1.5539792155E+09
    64000 -1.3377006311E+08  1.5569116311E+09
    64100 -1.3215646444E+08  1.5575117667E+09
    64200 -1.3461370493E+08  1.5573804013E+09
    64300 -1.3110588475E+08  1.5569010025E+09
    64400 -1.3284188580E+08  1.5592256813E+09
    64500 -1.3431126489E+08  1.5594027712E+09
    64600 -1.3336828979E+08  1.5582715268E+09
    64700 -1.3380505008E+08  1.5564988991E+09
    64800 -1.3123325836E+08  1.5574308643E+09
    64900 -1.3171116969E+08  1.5580406251E+09
    65000 -1.3177650237E+08  1.5570615642E+09
    65100 -1.3067884805E+08  1.5577926783E+09
    65200 -1.3524123784E+08  1.5584419792E+09
    65300 -1.3267264039E+08  1.5590362258E+09
    65400 -1.3078635036E+08  1.5603271750E+09
    65500 -1.3070217991E+08  1.5609503647E+09
    65600 -1.3290756382E+08  1.5607108176E+09
    65700 -1.3427628252E+08  1.5602900950E+09
    65800 -1.3408846717E+08  1.5608947604E+09
    65900 -1.3364190136E+08  1.5601210703E+09
    66000 -1.3376284069E+08  1.5582872846E+09
    66100 -1.3384614743E+08  1.5547519846E+09
    66200 -1.3155264671E+08  1.5530490834E+09
    66300 -1.3335106247E+08  1.5536901678E+09
    66400 -1.3206015415E+08  1.5555181941E+09
    66500 -1.3222278456E+08  1.5568283002E+09
    66600 -1.3407360403E+08  1.5566606095E+09
    66700 -1.3620203955E+08  1.5575971440E+09
    66800 -1.3270097375E+08  1.5587437941E+09
    66900 -1.3453834385E+08  1.5597384913E+09
    67000 -1.3033431795E+08  1.5593192756E+09
    67100 -1.3285139493E+08  1.5583413874E+09
    67200 -1.3365042230E+08  1.5570424310E+09
    67300 -1.3436069143E+08  1.5576281403E+09
    67400 -1.3366483915E+08  1.5564114714E+09
    67500 -1.3202626515E+08  1.5561590392E+09
    67600 -1.3572168678E+08  1.5563603603E+09
    67700 -1.3265431650E+08  1.5572146562E+09
    67800 -1.3267685145E+08  1.5565272510E+09
    67900 -1.3201593328E+08  1.5555627643E+09
    68000 -1.3184185217E+08  1.5555927785E+09
    68100 -1.3426963570E+08  1.5557631803E+09
    68200 -1.3444073995E+08  1.5563248804E+09
    68300 -1.3099791356E+08  1.5566856756E+09
    68400 -1.3272836266E+08  1.5575574200E+09
    68500 -1.3299914174E+08  1.5566164555E+09
    68600 -1.3545330880E+08  1.5563547440E+09
    68700 -1.3457002586E+08  1.5562304301E+09
    68800 -1.3392195806E+08  1.5562887723E+09
    68900 -1.3409922898E+08  1.5581308613E+09
    69000 -1.3352913288E+08  1.5602439917E+09
    69100 -1.3512744325E+08  1.5595055643E+09
    69200 -1.3459510661E+08  1.5609777148E+09
    69300 -1.3621768292E+08  1.5624630592E+09
    69400 -1.3531433628E+08  1.5620881545E+09
    69500 -1.3465664420E+08  1.5596740137E+09
    69600 -1.3406075550E+08  1.5581033653E+09
    69700 -1.3351945031E+08  1.5598273476E+09
    69800 -1.3731066045E+08  1.5597351800E+09
    69900 -1.3238374045E+08  1.5594478139E+09
    70000 -1.3518756628E+08  1.5579940363E+09
    70100 -1.3357342903E+08  1.5584253766E+09
    70200 -1.3433964949E+08  1.5576392833E+09
    70300 -1.3240246648E+08  1.5592574825E+09
    70400 -1.3075883038E+08  1.5600167031E+09
    70500 -1.3171488061E+08  1.5611426438E+09
    70600 -1.3478263902E+08  1.5621016814E+09
    70700 -1.3436650665E+08  1.5607424068E+09
    70800 -1.3419106259E+08  1.5592006299E+09
    70900 -1.3245240149E+08  1.5579495268E+09
    71000 -1.3002633586E+08  1.5584990568E+09
    71100 -1.3097556481E+08  1.5586884054E+09
    71200 -1.3075500695E+08  1.5586599438E+09
    71300 -1.3364674449E+08  1.5580230703E+09
    71400 -1.3279634791E+08  1.5569661569E+09
    71500 -1.3008632012E+08  1.5561832294E+09
    71600 -1.3171389806E+08  1.5573003114E+09
    71700 -1.3275295555E+08  1.5572639938E+09
    71800 -1.3188643010E+08  1.5576994288E+09
    71900 -1.3373085355E+08  1.5591112255E+09
    72000 -1.3383376731E+08  1.5601518389E+09
    72100 -1.3256841478E+08  1.5594243288E+09
    72200 -1.3403903697E+08  1.5584164185E+09
    72300 -1.3325750332E+08  1.5575582068E+09
    72400 -1.3273316295E+08  1.5570812080E+09
    72500 -1.3231525976E+08  1.5563857236E+09
    72600 -1.3347765064E+08  1.5552893315E+09
    72700 -1.3373183707E+08  1.5554825768E+09
    72800 -1.3401625043E+08  1.5574164707E+09
    72900 -1.3451413079E+08  1.5596108660E+09
    73000 -1.3506387218E+08  1.5594264084E+09
    73100 -1.3589788376E+08  1.5594834517E+09
    73200 -1.3530224113E+08  1.5592140324E+09
    73300 -1.3345332248E+08  1.5587013739E+09
    73400 -1.3368564258E+08  1.5588092398E+09
    73500 -1.3095919377E+08  1.5601265022E+09
    73600 -1.2965078531E+08  1.5605908137E+09
    73700 -1.3064308804E+08  1.5588804653E+09
    73800 -1.3297231043E+08  1.5578663912E+09
    73900 -1.3053018425E+08  1.5581245240E+09
    74000 -1.3203738259E+08  1.5584273487E+09
    74100 -1.3445346915E+08  1.5566015960E+09
    74200 -1.3118696764E+08  1.5584939211E+09
    74300 -1.3287519563E+08  1.5586262518E+09
    74400 -1.3566746771E+08  1.5585383093E+09
    74500 -1.3371769680E+08  1.5591113301E+09
    74600 -1.3537471105E+08  1.5610386344E+09
    74700 -1.3261328484E+08  1.5626880881E+09
    74800 -1.3466109661E+08  1.5617351297E+09
    74900 -1.3371338173E+08  1.5608326646E+09
    75000 -1.3398372135E+08  1.5599842952E+09
    75100 -1.3406777198E+08  1.5606666985E+09
    75200 -1.3366457556E+08  1.5604517245E+09
    75300 -1.3563647134E+08  1.5601591358E+09
    75400 -1.3382779422E+08  1.5604299683E+09
    75500 -1.3509957257E+08  1.5605291535E+09
    75600 -1.3358825552E+08  1.5616449231E+09
    75700 -1.3258765084E+08  1.5619904676E+09
    75800 -1.3569339773E+08  1.5619236330E+09
    75900 -1.3316327901E+08  1.5618389050E+09
    76000 -1.3329251060E+08  1.5605028293E+09
    76100 -1.3476576700E+08  1.5591987644E+09
    76200 -1.3146690493E+08  1.5582185446E+09
    76300 -1.3309109057E+08  1.5579839073E+09
    76400 -1.3357805783E+08  1.5578998951E+09
    76500 -1.3213238750E+08  1.5572540147E+09
    76600 -1.2997844843E+08  1.5562788533E+09
    76700 -1.3460816898E+08  1.5562439211E+09
    76800 -1.3326088415E+08  1.5557283590E+09
    76900 -1.3304109675E+08  1.5550828265E+09
    77000 -1.3135348137E+08  1.5564643270E+09
    77100 -1.3444003160E+08  1.5572749327E+09
    77200 -1.3492218426E+08  1.5589209605E+09
    77300 -1.3506198688E+08  1.5602316553E+09
    77400 -1.3378594430E+08  1.5578101911E+09
    77500 -1.3271961084E+08  1.5562562972E+09
    77600 -1.2962289764E+08  1.5559902989E+09
    77700 -1.3363611747E+08  1.5567557252E+09
    77800 -1.3249052362E+08  1.5573338396E+09
    77900 -1.3191925277E+08  1.5568855474E+09
    78000 -1.3146911340E+08  1.5568399609E+09
    78100 -1.3454302951E+08  1.5561457674E+09
    78200 -1.3313955136E+08  1.5552304247E+09
    78300 -1.3443520602E+08  1.5547054032E+09
    78400 -1.3460614930E+08  1.5564850125E+09
    78500 -1.3603784546E+08  1.5570204217E+09
    78600 -1.3239139107E+08  1.5581835543E+09
    78700 -1.3241291916E+08  1.5587318931E+09
    78800 -1.3381540221E+08  1.5595921541E+09
    78900 -1.3270034254E+08  1.5567145444E+09
    79000 -1.3361545445E+08  1.5557061369E+09
    79100 -1.3466814422E+08  1.5543942903E+09
    79200 -1.3368742687E+08  1.5558459665E+09
    79300 -1.3202021087E+08  1.5571642145E+09
    79400 -1.3137065927E+08  1.5565064387E+09
    79500 -1.3168942396E+08  1.5550434176E+09
    79600 -1.3201693184E+08  1.5556202050E+09
    79700 -1.3244886192E+08  1.5560727051E+09
    79800 -1.3095129285E+08  1.5563763441E+09
    79900 -1.3284728234E+08  1.5569232242E+09
    80000 -1.3289933343E+08  1.5564495440E+09
    80100 -1.3260860042E+08  1.5557815814E+09
    80200 -1.3280142806E+08  1.5573514414E+09
    80300 -1.3628470032E+08  1.5582570327E+09
    80400 -1.3673294535E+08  1.5561827910E+09
    80500 -1.3244790206E+08  1.5560346258E+09
    80600 -1.3316711171E+08  1.5544830581E+09
    80700 -1.3059670367E+08  1.5539271375E+09
    80800 -1.3539094064E+08  1.5535345846E+09
    80900 -1.3346529547E+08  1.5510657322E+09
    81000 -1.3436947510E+08  1.5511176105E+09
    81100 -1.3420520522E+08  1.5531606558E+09
    81200 -1.3509492234E+08  1.5545934386E+09
    81300 -1.3300390167E+08  1.5542655197E+09
    81400 -1.3278646989E+08  1.5538681716E+09
    81500 -1.3213415522E+08  1.5538134565E+09
    81600 -1.3045108269E+08  1.5518476893E+09
    81700 -1.3270806126E+08  1.5513656114E+09
    81800 -1.3364200097E+08  1.5515849546E+09
    81900 -1.3217466605E+08  1.5513218964E+09
    82000 -1.3512029177E+08  1.5538567944E+09
    82100 -1.3369562402E+08  1.5554199887E+09
    82200 -1.3349399826E+08  1.5547042505E+09
    82300 -1.3572827009E+08  1.5562180745E+09
    82400 -1.3248808567E+08  1.5570498646E+09
    82500 -1.3325732028E+08  1.5570136423E+09
    82600 -1.3533274212E+08  1.5589438512E+09
    82700 -1.3341623637E+08  1.5607022470E+09
    82800 -1.3373289472E+08  1.5602832974E+09
    82900 -1.3289385411E+08  1.5586495028E+09
    83000 -1.3506608928E+08  1.5576119128E+09
    83100 -1.3334416721E+08  1.5573057544E+09
    83200 -1.3712286001E+08  1.5574733566E+09
    83300 -1.3388601160E+08  1.5577885085E+09
    83400 -1.3406220872E+08  1.5584710311E+09
    83500 -1.3504541182E+08  1.5587071748E+09
    83600 -1.3251571598E+08  1.5581002252E+09
    83700 -1.2994903446E+08  1.5593136313E+09
    83800 -1.3317013415E+08  1.5585721691E+09
    83900 -1.3183671967E+08  1.5570928627E+09
    84000 -1.3512177123E+08  1.5563781263E+09
    84100 -1.3340726820E+08  1.5568615857E+09
    84200 -1.3298319019E+08  1.5561727338E+09
    84300 -1.3255777547E+08  1.5566320657E+09
    84400 -1.3345948801E+08  1.5569207228E+09
    84500 -1.3011453987E+08  1.5576569926E+09
    84600 -1.3331925006E+08  1.5584241790E+09
    84700 -1.3129491144E+08  1.5580323789E+09
    84800 -1.3017984529E+08  1.5577600539E+09
    84900 -1.3108684441E+08  1.5571131623E+09
    85000 -1.3009695799E+08  1.5567980902E+09
    85100 -1.3101025174E+08  1.5576332534E+09
    85200 -1.3036632720E+08  1.5575091126E+09
    85300 -1.3046862816E+08  1.5582175150E+09
    85400 -1.3065601972E+08  1.5580573725E+09
    85500 -1.3264318025E+08  1.5607124693E+09
    85600 -1.3010520746E+08  1.5601338001E+09
    85700 -1.3108400390E+08  1.5595936984E+09
    85800 -1.3359184795E+08  1.5591920673E+09
    85900 -1.3204340970E+08  1.5600349086E+09
    86000 -1.3606023949E+08  1.5610055352E+09
    86100 -1.3422565541E+08  1.5616651895E+09
    86200 -1.3479355455E+08  1.5616618235E+09
    86300 -1.3263615467E+08  1.5619152734E+09
    86400 -1.3291542615E+08  1.5611384353E+09
    86500 -1.3549774852E+08  1.5598822193E+09
    86600 -1.3307361512E+08  1.5574540860E+09
    86700 -1.3439874741E+08  1.5579138060E+09
    86800 -1.3416458093E+08  1.5600504958E+09
    86900 -1.3258593158E+08  1.5588490086E+09
    87000 -1.3315605783E+08  1.5577972197E+09
    87100 -1.3333651291E+08  1.5583783998E+09
    87200 -1.3365430061E+08  1.5601055401E+09
    87300 -1.3481981900E+08  1.5598843130E+09
    87400 -1.3206346582E+08  1.5586961902E+09
    87500 -1.3456174862E+08  1.5594519548E+09
    87600 -1.3094006954E+08  1.5610607350E+09
    87700 -1.3499279210E+08  1.5607154739E+09
    87800 -1.3191155672E+08  1.5598647389E+09
    87900 -1.3296367791E+08  1.5584175474E+09
    88000 -1.3304887951E+08  1.5582158883E+09
    88100 -1.3232344976E+08  1.5586398407E+09
    88200 -1.3027995318E+08  1.5604854667E+09
    88300 -1.3049306494E+08  1.5594465715E+09
    88400 -1.3339701556E+08  1.5582885170E+09
    88500 -1.3196826111E+08  1.5582804144E+09
    88600 -1.3056161240E+08  1.5578991276E+09
    88700 -1.3444095801E+08  1.5599404437E+09
    88800 -1.3468057886E+08  1.5588859320E+09
    88900 -1.3215765543E+08  1.5571654969E+09
    89000 -1.3163835625E+08  1.5583156907E+09
    89100 -1.3343189690E+08  1.5603692800E+09
    89200 -1.3569428242E+08  1.5614836150E+09
    89300 -1.3341696087E+08  1.5612775899E+09
    89400 -1.3418547431E+08  1.5594237083E+09
    89500 -1.3334876305E+08  1.5597341121E+09
    89600 -1.3604883990E+08  1.5591086117E+09
    89700 -1.3410161247E+08  1.5574738987E+09
    89800 -1.3116515395E+08  1.5574864175E+09
    89900 -1.3200397945E+08  1.5599897516E+09
    90000 -1.3261681025E+08  1.5604902376E+09
    90100 -1.2965630582E+08  1.5614693517E+09
    90200 -1.3088473736E+08  1.5608419794E+09
    90300 -1.3105537597E+08  1.5603166363E+09
    90400 -1.3264677959E+08  1.5594500545E+09
    90500 -1.3226566995E+08  1.5597793872E+09
    90600 -1.3500807320E+08  1.5590993417E+09
    90700 -1.3556540237E+08  1.5592778793E+09
    90800 -1.3256815737E+08  1.5596571820E+09
    90900 -1.3305950866E+08  1.5592855715E+09
    91000 -1.3455354958E+08  1.5579830898E+09
    91100 -1.3579963212E+08  1.5576617547E+09
    91200 -1.3750164415E+08  1.5584494831E+09
    91300 -1.3473888134E+08  1.5587831058E+09
    91400 -1.3175789987E+08  1.5583266822E+09
    91500 -1.3062094915E+08  1.5556078860E+09
    91600 -1.3312101633E+08  1.5565815170E+09
    91700 -1.3334135989E+08  1.5579264494E+09
    91800 -1.3219288677E+08  1.5579443117E+09
    91900 -1.3279079502E+08  1.5556639476E+09
    92000 -1.3552115535E+08  1.5554832856E+09
    92100 -1.3412925704E+08  1.5573446425E+09
    92200 -1.3398959178E+08  1.5574621732E+09
    92300 -1.3127724921E+08  1.5568869667E+09
    92400 -1.3069695367E+08  1.5568078115E+09
    92500 -1.3198656153E+08  1.5582130472E+09
    92600 -1.3217887389E+08  1.5571286250E+09
    92700 -1.3246770833E+08  1.5591005954E+09
    92800 -1.3355450829E+08  1.5603516059E+09
    92900 -1.3370542669E+08  1.5594348764E+09
    93000 -1.3097206684E+08  1.5586376622E+09
    93100 -1.3174216931E+08  1.5597292089E+09
    93200 -1.3180668870E+08  1.5579576364E+09
    93300 -1.3115297337E+08  1.5591980704E+09
    93400 -1.3079314287E+08  1.5583599312E+09
    93500 -1.3102687999E+08  1.5577985062E+09
    93600 -1.3155830317E+08  1.5584440180E+09
    93700 -1.3251982783E+08  1.5583681706E+09
    93800 -1.3363070362E+08  1.5570262142E+09
    93900 -1.3265851091E+08  1.5571765677E+09
    94000 -1.3349110769E+08  1.5586821072E+09
    94100 -1.3354158477E+08  1.5609281232E+09
    94200 -1.3064877718E+08  1.5591635769E+09
    94300 -1.3262818681E+08  1.5585043852E+09
    94400 -1.3369021364E+08  1.5586000927E+09
    94500 -1.3155841755E+08  1.5580892964E+09
    94600 -1.3355512238E+08  1.5587327573E+09
    94700 -1.3471251303E+08  1.5595900917E+09
    94800 -1.3269562198E+08  1.5582927003E+09
    94900 -1.3153625521E+08  1.5584907189E+09
    95000 -1.3420279310E+08  1.5579674179E+09
    95100 -1.3406299405E+08  1.5566590094E+09
    95200 -1.3521998400E+08  1.5570551353E+09
    95300 -1.3397405498E+08  1.5585745592E+09
    95400 -1.3145274226E+08  1.5585697410E+09
    95500 -1.3213496313E+08  1.5599380256E+09
    95600 -1.3169878886E+08  1.5594798574E+09
    95700 -1.3119183506E+08  1.5584675006E+09
    95800 -1.3234456798E+08  1.5572129867E+09
    95900 -1.3314302842E+08  1.5578627497E+09
    96000 -1.3236511181E+08  1.5577543475E+09
    96100 -1.3307097421E+08  1.5573557844E+09
    96200 -1.3305492280E+08  1.5570666813E+09
    96300 -1.3200958780E+08  1.5589597121E+09
    96400 -1.3154875152E+08  1.5583711131E+09
    96500 -1.3186462539E+08  1.5569910136E+09
    96600 -1.3064595912E+08  1.5584425912E+09
    96700 -1.3287462843E+08  1.5595461231E+09
    96800 -1.3524707306E+08  1.5593058103E+09
    96900 -1.3581395864E+08  1.5590232963E+09
    97000 -1.3374242904E+08  1.5595773362E+09
    97100 -1.3202368187E+08  1.5599501054E+09
    97200 -1.3295194764E+08  1.5588641538E+09
    97300 -1.3682782897E+08  1.5573803945E+09
    97400 -1.3173670783E+08  1.5571234705E+09
    97500 -1.3229270393E+08  1.5582044148E+09
    97600 -1.3205094845E+08  1.5582237376E+09
    97700 -1.3260203242E+08  1.5590570856E+09
    97800 -1.3188177216E+08  1.5597883712E+09
    97900 -1.3159116576E+08  1.5608718157E+09
    98000 -1.3261426849E+08  1.5620529112E+09
    98100 -1.3466426004E+08  1.5589864010E+09
    98200 -1.3364415371E+08  1.5578852386E+09
    98300 -1.3460245345E+08  1.5587949162E+09
    98400 -1.3671806444E+08  1.5577615189E+09
    98500 -1.3276330668E+08  1.5581664266E+09
    98600 -1.3370153912E+08  1.5573919967E+09
    98700 -1.3559386770E+08  1.5572137571E+09
    98800 -1.3411196839E+08  1.5566487932E+09
    98900 -1.3723090914E+08  1.5599036075E+09
    99000 -1.3499434246E+08  1.5615578798E+09
    99100 -1.3539627034E+08  1.5623414059E+09
    99200 -1.3213259027E+08  1.5613700056E+09
    99300 -1.3354330836E+08  1.5609812777E+09
    99400 -1.3371470081E+08  1.5617262012E+09
    99500 -1.3147120039E+08  1.5640952696E+09
    99600 -1.3336588600E+08  1.5636066826E+09
    99700 -1.3364160426E+08  1.5622840292E+09
    99800 -1.3279999668E+08  1.5610162948E+09
    99900 -1.3424141857E+08  1.5617190287E+09
   100000 -1.3739472010E+08  1.5613536383E+09
   100100 -1.3480341008E+08  1.5611502090E+09
   100200 -1.3484368075E+08  1.5598914720E+09
   100300 -1.3472862017E+08  1.5601751156E+09
   100400 -1.3472553831E+08  1.5626663698E+09
   100500 -1.3673521362E+08  1.5630470991E+09
   100600 -1.3347041281E+08  1.5624049475E+09
   100700 -1.3466563387E+08  1.5605375278E+09
   100800 -1.3219193542E+08  1.5601633990E+09
   100900 -1.3362122214E+08  1.5589910910E+09
   101000 -1.3188817082E+08  1.5591370372E+09
   101100 -1.3283039636E+08  1.5605128217E+09
   101200 -1.3216746995E+08  1.5602958161E+09
   101300 -1.3021594831E+08  1.5616363904E+09
   101400 -1.3211467511E+08  1.5618640793E+09
   101500 -1.3164425111E+08  1.5607115485E+09
   101600 -1.3278692844E+08  1.5590616926E+09
   101700 -1.3395037822E+08  1.5583146602E+09
   101800 -1.3447954049E+08  1.5579053723E+09
   101900 -1.3217110058E+08  1.5595102079E+09
   102000 -1.3556433951E+08  1.5595986064E+09
   102100 -1.3096253609E+08  1.5600431164E+09
   102200 -1.3219465655E+08  1.5594263168E+09
   102300 -1.3193679785E+08  1.5590995579E+09
   102400 -1.3367011190E+08  1.5589874543E+09
   102500 -1.3378813798E+08  1.5589032563E+09
   102600 -1.3272679407E+08  1.5590723159E+09
   102700 -1.3128330772E+08  1.5578218165E+09
   102800 -1.3298401625E+08  1.5579167304E+09
   102900 -1.3557843134E+08  1.5587323579E+09
   103000 -1.3530140322E+08  1.5574891187E+09
   103100 -1.3532306449E+08  1.5590207927E+09
   103200 -1.3347558807E+08  1.5587255588E+09
   103300 -1.3740921129E+08  1.5601792854E+09
   103400 -1.3429834234E+08  1.5598306124E+09
   103500 -1.3409546043E+08  1.5583523354E+09
   103600 -1.3486019519E+08  1.5579253914E+09
   103700 -1.3469128960E+08  1.5581005756E+09
   103800 -1.3302292916E+08  1.5598499450E+09
   103900 -1.3326574400E+08  1.5597124316E+09
   104000 -1.3427838021E+08  1.5598810003E+09
   104100 -1.3399112187E+08  1.5610904114E+09
   104200 -1.3297250466E+08  1.5602137537E+09
   104300 -1.3300153944E+08  1.5591344429E+09
   104400 -1.3016875218E+08  1.5573833952E+09
   104500 -1.3074465018E+08  1.5588299385E+09
   104600 -1.3438378365E+08  1.5595453619E+09
   104700 -1.3165837745E+08  1.5586326750E+09
   104800 -1.3150639928E+08  1.5588906451E+09
   104900 -1.3149156955E+08  1.5591835200E+09
   105000 -1.3420845378E+08  1.5587107836E+09
   105100 -1.3044792764E+08  1.5587392172E+09
   105200 -1.3313535342E+08  1.5595785440E+09
   105300 -1.3067594127E+08  1.5600798085E+09
   105400 -1.3322793081E+08  1.5596644512E+09
   105500 -1.3123571360E+08  1.5585034008E+09
   105600 -1.3396946788E+08  1.5586998431E+09
   105700 -1.3402299230E+08  1.5597885982E+09
   105800 -1.3548799214E+08  1.5599333712E+09
   105900 -1.3385026207E+08  1.5576718051E+09
   106000 -1.3379082697E+08  1.5553962523E+09
   106100 -1.3130109993E+08  1.5550040278E+09
   106200 -1.3353872825E+08  1.5552886272E+09
   106300 -1.3538794617E+08  1.5559647909E+09
   106400 -1.3501374448E+08  1.5572004172E+09
   106500 -1.3587136584E+08  1.5575123570E+09
   106600 -1.3370639440E+08  1.5579765394E+09
   106700 -1.3494605988E+08  1.5586357837E+09
   106800 -1.3381162617E+08  1.5597122656E+09
   106900 -1.3203196433E+08  1.5601357099E+09
   107000 -1.3558907212E+08  1.5595897928E+09
   107100 -1.3426810110E+08  1.5579034060E+09
   107200 -1.3332437796E+08  1.5568729271E+09
   107300 -1.3264995538E+08  1.5574906016E+09
   107400 -1.3546708934E+08  1.5576805452E+09
   107500 -1.3401410768E+08  1.5571027210E+09
   107600 -1.3377516622E+08  1.5567279574E+09
   107700 -1.3415574570E+08  1.5566089777E+09
   107800 -1.3595317303E+08  1.5585604253E+09
   107900 -1.3182594211E+08  1.5585472463E+09
   108000 -1.3280454945E+08  1.5566875942E+09
   108100 -1.3202597178E+08  1.5552995230E+09
   108200 -1.3260289683E+08  1.5580185190E+09
   108300 -1.3430501747E+08  1.5590785318E+09
   108400 -1.3379739466E+08  1.5580662350E+09
   108500 -1.3444910332E+08  1.5565197198E+09
   108600 -1.3175330581E+08  1.5579004959E+09
   108700 -1.3126774769E+08  1.5583931123E+09
   108800 -1.3058673313E+08  1.5563289519E+09
   108900 -1.2942556840E+08  1.5556980993E+09
   109000 -1.2947343279E+08  1.5569963774E+09
   109100 -1.3207753229E+08  1.5576762560E+09
   109200 -1.3082066906E+08  1.5582701583E+09
   109300 -1.3275984650E+08  1.5588716171E+09
   109400 -1.3329825766E+08  1.5596552111E+09
   109500 -1.3376956277E+08  1.5589880759E+09
   109600 -1.3251992171E+08  1.5589375895E+09
   109700 -1.3024317946E+08  1.5589259679E+09
   109800 -1.3508184491E+08  1.5584107800E+09
   109900 -1.3372652536E+08  1.5568268086E+09
   110000 -1.3201140177E+08  1.5545448706E+09
   110100 -1.3453409595E+08  1.5544171103E+09
   110200 -1.3396425190E+08  1.5557461819E+09
   110300 -1.3289123612E+08  1.5564407965E+09
   110400 -1.3181475464E+08  1.5568455906E+09
   110500 -1.3039776700E+08  1.5560746989E+09
   110600 -1.3208446477E+08  1.5571987019E+09
   110700 -1.3238455230E+08  1.5566346483E+09
   110800 -1.3478243660E+08  1.5586482891E+09
   110900 -1.3239564145E+08  1.5600958144E+09
   111000 -1.3698878616E+08  1.5596462318E+09
   111100 -1.3333479168E+08  1.5602576841E+09
   111200 -1.3356998790E+08  1.5603529354E+09
   111300 -1.3372443396E+08  1.5604141300E+09
   111400 -1.3292757036E+08  1.5595679939E+09
   111500 -1.3562335692E+08  1.5595055917E+09
   111600 -1.3246641301E+08  1.5576910849E+09
   111700 -1.3443076985E+08  1.5562607881E+09
   111800 -1.3272442689E+08  1.5559224436E+09
   111900 -1.3186020501E+08  1.5554969686E+09
   112000 -1.3304789511E+08  1.5576430919E+09
   112100 -1.3276471546E+08  1.5584764969E+09
   112200 -1.3199375719E+08  1.5579875707E+09
   112300 -1.3519699187E+08  1.5567799758E+09
   112400 -1.3540006084E+08  1.5569561511E+09
   112500 -1.3217350190E+08  1.5575082673E+09
   112600 -1.3211414168E+08  1.5577309716E+09
   112700 -1.3218884513E+08  1.5581978374E+09
   112800 -1.3334878935E+08  1.5584196112E+09
   112900 -1.3536955675E+08  1.5596331768E+09
   113000 -1.3510671100E+08  1.5611382136E+09
   113100 -1.3480412958E+08  1.5598178283E+09
   113200 -1.3137306590E+08  1.5578778828E+09
   113300 -1.3358640706E+08  1.5579004373E+09
   113400 -1.3338131628E+08  1.5572334329E+09
   113500 -1.3007093430E+08  1.5575743952E+09
   113600 -1.3248978133E+08  1.5572266556E+09
   113700 -1.3342146947E+08  1.5554864390E+09
   113800 -1.3346767302E+08  1.5559344568E+09
   113900 -1.3485422083E+08  1.5556142945E+09
   114000 -1.3708115156E+08  1.5559674861E+09
   114100 -1.3529848850E+08  1.5568291527E+09
   114200 -1.3552076159E+08  1.5568795148E+09
   114300 -1.3268887388E+08  1.5565825986E+09
   114400 -1.3280330017E+08  1.5559492851E+09
   114500 -1.3033541001E+08  1.5549964414E+09
   114600 -1.3317114375E+08  1.5565959037E+09
   114700 -1.3493055689E+08  1.5582128226E+09
   114800 -1.3352744833E+08  1.5574589213E+09
   114900 -1.3415231290E+08  1.5567785578E+09
   115000 -1.3222995325E+08  1.5571621803E+09
   115100 -1.3321432715E+08  1.5576232775E+09
   115200 -1.3259669418E+08  1.5584747831E+09
   115300 -1.3013120891E+08  1.5574486602E+09
   115400 -1.3190469124E+08  1.5573819575E+09
   115500 -1.3460271338E+08  1.5557917988E+09
   115600 -1.3066165643E+08  1.5565740175E+09
   115700 -1.3311824354E+08  1.5549312944E+09
   115800 -1.3110544621E+08  1.5545864658E+09
   115900 -1.3313864811E+08  1.5559059329E+09
   116000 -1.3468534843E+08  1.5549028540E+09
   116100 -1.3207608204E+08  1.5544950204E+09
   116200 -1.3183634236E+08  1.5547167979E+09
   116300 -1.3446596089E+08  1.5562998873E+09
   116400 -1.3156353685E+08  1.5577359012E+09
   116500 -1.3118181764E+08  1.5575436900E+09
   116600 -1.3295627200E+08  1.5576677787E+09
   116700 -1.3145377008E+08  1.5569943759E+09
   116800 -1.3200041538E+08  1.5570642593E+09
   116900 -1.3254681737E+08  1.5556184938E+09
   117000 -1.3256661888E+08  1.5571657346E+09
   117100 -1.3470807490E+08  1.5563110150E+09
   117200 -1.3293291346E+08  1.5555670529E+09
   117300 -1.3328664230E+08  1.5558473179E+09
   117400 -1.3268894645E+08  1.5572267702E+09
   117500 -1.3178097548E+08  1.5581396606E+09
   117600 -1.3328587221E+08  1.5563132908E+09
   117700 -1.3494450866E+08  1.5565761338E+09
   117800 -1.3261684824E+08  1.5558278418E+09
   117900 -1.3117650120E+08  1.5561685635E+09
   118000 -1.3273971789E+08  1.5541326502E+09
   118100 -1.3342358004E+08  1.5547876716E+09
   118200 -1.3310175521E+08  1.5558528073E+09
   118300 -1.3499256191E+08  1.5553797415E+09
   118400 -1.3689734557E+08  1.5565035709E+09
   118500 -1.3703753870E+08  1.5563753718E+09
   118600 -1.3559197219E+08  1.5565041472E+09
   118700 -1.3625064956E+08  1.5568807077E+09
   118800 -1.3374022117E+08  1.5558534375E+09
   118900 -1.3151105052E+08  1.5563274710E+09
   119000 -1.3275242680E+08  1.5563352088E+09
   119100 -1.3349714831E+08  1.5563470281E+09
   119200 -1.3307913644E+08  1.5559249710E+09
   119300 -1.3281640749E+08  1.5566215146E+09
   119400 -1.3327758952E+08  1.5573324646E+09
   119500 -1.3613581298E+08  1.5591560778E+09
   119600 -1.3430764773E+08  1.5580447774E+09
   119700 -1.3279333996E+08  1.5579988795E+09
   119800 -1.3359982788E+08  1.5577052116E+09
   119900 -1.3362039174E+08  1.5583120960E+09
   120000 -1.3367666820E+08  1.5581334597E+09
   120100 -1.3408896765E+08  1.5582214904E+09
   120200 -1.3380779371E+08  1.5593027622E+09
   120300 -1.3335122495E+08  1.5590903150E+09
   120400 -1.3256144920E+08  1.5593618529E+09
   120500 -1.3333992571E+08  1.5619491298E+09
   120600 -1.3386945540E+08  1.5615850224E+09
   120700 -1.3297247642E+08  1.5611633736E+09
   120800 -1.3403971861E+08  1.5606884333E+09
   120900 -1.3359071116E+08  1.5612092061E+09
   121000 -1.3132902051E+08  1.5605136609E+09
   121100 -1.3089658542E+08  1.5608166015E+09
   121200 -1.3462079885E+08  1.5612021780E+09
   121300 -1.3359661131E+08  1.5603204047E+09
   121400 -1.3239851133E+08  1.5585067955E+09
   121500 -1.3415435754E+08  1.5589400997E+09
   121600 -1.3306764085E+08  1.5587657191E+09
   121700 -1.3108332101E+08  1.5578546616E+09
   121800 -1.3357248841E+08  1.5562634499E+09
   121900 -1.2994799666E+08  1.5558400673E+09
   122000 -1.3409460826E+08  1.5575830772E+09
   122100 -1.3497579160E+08  1.5564125898E+09
   122200 -1.3283384418E+08  1.5564350981E+09
   122300 -1.3315394583E+08  1.5578800459E+09
   122400 -1.3193906523E+08  1.5587408480E+09
   122500 -1.3194819669E+08  1.5570310686E+09
   122600 -1.3039006738E+08  1.5568133950E+09
   122700 -1.3089736771E+08  1.5577417855E+09
   122800 -1.3220547981E+08  1.5574764070E+09
   122900 -1.3456244468E+08  1.5559075123E+09
   123000 -1.3351865788E+08  1.5558622130E+09
   123100 -1.3347165047E+08  1.5564015761E+09
   123200 -1.3138086473E+08  1.5569130299E+09
   123300 -1.2969870158E+08  1.5568205479E+09
   123400 -1.2949107606E+08  1.5583903589E+09
   123500 -1.3065486605E+08  1.5581168614E+09
   123600 -1.3187784446E+08  1.5565592998E+09
   123700 -1.3271760722E+08  1.5566756169E+09
   123800 -1.3212657802E+08  1.5571281244E+09
   123900 -1.3405927421E+08  1.5575956573E+09
   124000 -1.3374491369E+08  1.5580799595E+09
   124100 -1.3316722349E+08  1.5582057877E+09
   124200 -1.3242165279E+08  1.5596938910E+09
   124300 -1.3407577701E+08  1.5607579284E+09
   124400 -1.3104789173E+08  1.5616927049E+09
   124500 -1.3311665871E+08  1.5602758315E+09
   124600 -1.3452908463E+08  1.5604516173E+09
   124700 -1.3253040976E+08  1.5599363542E+09
   124800 -1.3439555845E+08  1.5596253099E+09
   124900 -1.3561177790E+08  1.5600390936E+09
   125000 -1.3390257261E+08  1.5603121770E+09
   125100 -1.3385735834E+08  1.5604022973E+09
   125200 -1.3361092113E+08  1.5602894117E+09
   125300 -1.3015170009E+08  1.5610440346E+09
   125400 -1.3301807926E+08  1.5610081549E+09
   125500 -1.3373274697E+08  1.5581066923E+09
   125600 -1.3293326110E+08  1.5584071711E+09
   125700 -1.3303538254E+08  1.5592753114E+09
   125800 -1.3264004637E+08  1.5579067919E+09
   125900 -1.3084680620E+08  1.5553993388E+09
   126000 -1.3164050882E+08  1.5540022419E+09
   126100 -1.3204101308E+08  1.5539490332E+09
   126200 -1.3249732362E+08  1.5545099117E+09
   126300 -1.3279827292E+08  1.5551375468E+09
   126400 -1.3324697178E+08  1.5563922852E+09
   126500 -1.3160295179E+08  1.5555034222E+09
   126600 -1.3303447695E+08  1.5557835244E+09
   126700 -1.3533598487E+08  1.5551608922E+09
   126800 -1.3320927046E+08  1.5535483262E+09
   126900 -1.3264898881E+08  1.5523450268E+09
   127000 -1.3201775343E+08  1.5532651666E+09
   127100 -1.3273425382E+08  1.5530188515E+09
   127200 -1.3322968040E+08  1.5558865718E+09
   127300 -1.3016328657E+08  1.5574330701E+09
   127400 -1.3524549133E+08  1.5570585045E+09
   127500 -1.3133720739E+08  1.5566568060E+09
   127600 -1.3435563153E+08  1.5554892014E+09
   127700 -1.3364254885E+08  1.5542176010E+09
   127800 -1.3362503245E+08  1.5538636432E+09
   127900 -1.3081948748E+08  1.5529980782E+09
   128000 -1.3098950076E+08  1.5519518984E+09
   128100 -1.3019257632E+08  1.5519313926E+09
   128200 -1.3272085890E+08  1.5517589897E+09
   128300 -1.3344060716E+08  1.5532549364E+09
   128400 -1.3222742402E+08  1.5544903120E+09
   128500 -1.3544428291E+08  1.5551556028E+09
   128600 -1.3433410280E+08  1.5560029025E+09
   128700 -1.3233981053E+08  1.5558614419E+09
   128800 -1.3234784883E+08  1.5573502387E+09
   128900 -1.3280718116E+08  1.5576328235E+09
   129000 -1.3382931021E+08  1.5543667659E+09
   129100 -1.3309079575E+08  1.5533964821E+09
   129200 -1.3294348486E+08  1.5528197381E+09
   129300 -1.3464295884E+08  1.5540336492E+09
   129400 -1.3473693256E+08  1.5559953639E+09
   129500 -1.3519411301E+08  1.5562295516E+09
   129600 -1.3248857221E+08  1.5546947832E+09
   129700 -1.3208567656E+08  1.5546490673E+09
   129800 -1.3129743430E+08  1.5519827778E+09
   129900 -1.3154093938E+08  1.5512094981E+09
   130000 -1.3014197713E+08  1.5526061692E+09
   130100 -1.3405024805E+08  1.5549354932E+09
   130200 -1.3201213602E+08  1.5542882887E+09
   130300 -1.3386521340E+08  1.5560322855E+09
   130400 -1.3248657283E+08  1.5561577547E+09
   130500 -1.3132827110E+08  1.5573228965E+09
   130600 -1.3461380413E+08  1.5600859860E+09
   130700 -1.3266724161E+08  1.5600505772E+09
   130800 -1.3396614291E+08  1.5574586163E+09
   130900 -1.3433009186E+08  1.5581742231E+09
   131000 -1.3421669350E+08  1.5582071762E+09
   131100 -1.3214890606E+08  1.5554488440E+09
   131200 -1.3198249950E+08  1.5559240938E+09
   131300 -1.3315884469E+08  1.5586951652E+09
   131400 -1.3170957604E+08  1.5579992031E+09
   131500 -1.3464448594E+08  1.5565203465E+09
   131600 -1.3324515237E+08  1.5574787783E+09
   131700 -1.3130095788E+08  1.5567777992E+09
   131800 -1.3146807466E+08  1.5569134409E+09
   131900 -1.3170067023E+08  1.5575684566E+09
   132000 -1.3294626834E+08  1.5581278902E+09
   132100 -1.3082379617E+08  1.5593195349E+09
   132200 -1.3050600463E+08  1.5583064933E+09
   132300 -1.3189684486E+08  1.5572349661E+09
   132400 -1.3315082522E+08  1.5581928002E+09
   132500 -1.3540794297E+08  1.5583243310E+09
   132600 -1.3332994723E+08  1.5579413659E+09
   132700 -1.3351516018E+08  1.5553944971E+09
   132800 -1.3327771640E+08  1.5550616433E+09
   132900 -1.3243364047E+08  1.5551304140E+09
   133000 -1.3154192675E+08  1.5553977781E+09
   133100 -1.3134642654E+08  1.5555453385E+09
   133200 -1.3299080696E+08  1.5573378145E+09
   133300 -1.3375132852E+08  1.5583437178E+09
   133400 -1.3252213337E+08  1.5586129334E+09
   133500 -1.3432349655E+08  1.5588470156E+09
   133600 -1.3179665635E+08  1.5569748830E+09
   133700 -1.3475401471E+08  1.5580157741E+09
   133800 -1.3383588492E+08  1.5585931249E+09
   133900 -1.3433428738E+08  1.5586450914E+09
   134000 -1.3213763653E+08  1.5583742200E+09
   134100 -1.3351626632E+08  1.5591331497E+09
   134200 -1.3397125271E+08  1.5577173412E+09
   134300 -1.3521054461E+08  1.5569426066E+09
   134400 -1.3545696455E+08  1.5568102430E+09
   134500 -1.3543701368E+08  1.5581499301E+09
   134600 -1.3554231763E+08  1.5597516867E+09
   134700 -1.3459471456E+08  1.5605546077E+09
   134800 -1.3455544407E+08  1.5588002020E+09
   134900 -1.3355367363E+08  1.5575703523E+09
   135000 -1.3306070467E+08  1.5590654725E+09
   135100 -1.3403279157E+08  1.5598820581E+09
   135200 -1.3283567058E+08  1.5599645880E+09
   135300 -1.3228402991E+08  1.5617024605E+09
   135400 -1.3057838362E+08  1.5612257941E+09
   135500 -1.3028082392E+08  1.5619659314E+09
   135600 -1.3369217601E+08  1.5624852765E+09
   135700 -1.3440563203E+08  1.5615264342E+09
   135800 -1.3444577805E+08  1.5604959083E+09
   135900 -1.3385301137E+08  1.5615972980E+09
   136000 -1.3405632358E+08  1.5632645479E+09
   136100 -1.3246984806E+08  1.5630602644E+09
   136200 -1.3172345767E+08  1.5615318325E+09
   136300 -1.3266113847E+08  1.5601424923E+09
   136400 -1.3319315294E+08  1.5602350531E+09
   136500 -1.3573241663E+08  1.5590558011E+09
   136600 -1.3425621185E+08  1.5593030824E+09
   136700 -1.3335291600E+08  1.5587722023E+09
   136800 -1.3398839771E+08  1.5591553876E+09
   136900 -1.3365405097E+08  1.5598554556E+09
   137000 -1.3222061142E+08  1.5608909751E+09
   137100 -1.3086380169E+08  1.5599291022E+09
   137200 -1.3098992733E+08  1.5592739223E+09
   137300 -1.3288846877E+08  1.5570681487E+09
   137400 -1.3256582487E+08  1.5566652869E+09
   137500 -1.3419487392E+08  1.5561524813E+09
   137600 -1.3491397649E+08  1.5555170656E+09
   137700 -1.3563639206E+08  1.5573148725E+09
   137800 -1.3076299645E+08  1.5577238578E+09
   137900 -1.3166987206E+08  1.5568175162E+09
   138000 -1.3226117532E+08  1.5566736363E+09
   138100 -1.3097321750E+08  1.5566421048E+09
   138200 -1.3241282795E+08  1.5569289430E+09
   138300 -1.3065632698E+08  1.5580702642E+09
   138400 -1.3430695596E+08  1.5578144458E+09
   138500 -1.3419814640E+08  1.5579804736E+09
   138600 -1.3157832688E+08  1.5594564795E+09
   138700 -1.3605789361E+08  1.5604702115E+09
   138800 -1.3383245770E+08  1.5615924923E+09
   138900 -1.3414571865E+08  1.5613547763E+09
   139000 -1.3202549821E+08  1.5598134984E+09
   139100 -1.3585162957E+08  1.5591022181E+09
   139200 -1.3344911274E+08  1.5585875446E+09
   139300 -1.3402642273E+08  1.5581708958E+09
   139400 -1.3471967281E+08  1.5574234099E+09
   139500 -1.3065244202E+08  1.5557986949E+09
   139600 -1.3482445621E+08  1.5570197357E+09
   139700 -1.3396486354E+08  1.5581294538E+09
   139800 -1.3259857532E+08  1.5571745260E+09
   139900 -1.3172429928E+08  1.5567019346E+09
   140000 -1.3291109657E+08  1.5588967750E+09
   140100 -1.3264732110E+08  1.5602635310E+09
   140200 -1.3256253714E+08  1.5603723330E+09
   140300 -1.3458995543E+08  1.5580153366E+09
   140400 -1.3218261159E+08  1.5573262015E+09
   140500 -1.3437409074E+08  1.5583138605E+09
   140600 -1.3388588521E+08  1.5578749714E+09
   140700 -1.3223492079E+08  1.5584507756E+09
   140800 -1.3569076574E+08  1.5569590278E+09
   140900 -1.3507600407E+08  1.5563936016E+09
   141000 -1.3502103137E+08  1.5560924364E+09
   141100 -1.3542089432E+08  1.5559138530E+09
   141200 -1.3440874973E+08  1.5565711847E+09
   141300 -1.3468033385E+08  1.5559755439E+09
   141400 -1.3257697913E+08  1.5548742497E+09
   141500 -1.3491076339E+08  1.5537674633E+09
   141600 -1.3483837956E+08  1.5558297902E+09
   141700 -1.3381687833E+08  1.5555853811E+09
   141800 -1.3475436308E+08  1.5547765639E+09
   141900 -1.3439790882E+08  1.5555580610E+09
   142000 -1.3379017311E+08  1.5587950420E+09
   142100 -1.3611834638E+08  1.5594064772E+09
   142200 -1.3486333137E+08  1.5600571474E+09
   142300 -1.3138454694E+08  1.5613589214E+09
   142400 -1.3261078522E+08  1.5607815539E+09
   142500 -1.3242398723E+08  1.5620326316E+09
   142600 -1.3155529261E+08  1.5612881116E+09
   142700 -1.3377749866E+08  1.5597972431E+09
   142800 -1.3343602081E+08  1.5600166622E+09
   142900 -1.3302222681E+08  1.5618791073E+09
   143000 -1.3300032563E+08  1.5616853611E+09
   143100 -1.3298447817E+08  1.5603501066E+09
   143200 -1.3287552257E+08  1.5608724189E+09
   143300 -1.3370980100E+08  1.5624099599E+09
   143400 -1.3451859116E+08  1.5614944526E+09
   143500 -1.3580507951E+08  1.5601726212E+09
   143600 -1.3633931846E+08  1.5622238511E+09
   143700 -1.3548409767E+08  1.5627082668E+09
   143800 -1.3252371775E+08  1.5617605460E+09
   143900 -1.3193616004E+08  1.5632927441E+09
   144000 -1.3436289398E+08  1.5639295021E+09
   144100 -1.3286640691E+08  1.5635394361E+09
   144200 -1.3650996296E+08  1.5633497182E+09
   144300 -1.3331326216E+08  1.5625414292E+09
   144400 -1.3502225901E+08  1.5609327261E+09
   144500 -1.3456355012E+08  1.5597547996E+09
   144600 -1.3401687694E+08  1.5597263588E+09
   144700 -1.3306821365E+08  1.5616667956E+09
   144800 -1.3449258522E+08  1.5620000912E+09
   144900 -1.3582795939E+08  1.5623737824E+09
   145000 -1.3297100056E+08  1.5621505962E+09
   145100 -1.3335385473E+08  1.5605389956E+09
   145200 -1.3698099088E+08  1.5620393650E+09
   145300 -1.3324997660E+08  1.5624573479E+09
   145400 -1.3554886510E+08  1.5613883845E+09
   145500 -1.3614463205E+08  1.5624846018E+09
   145600 -1.3280359156E+08  1.5627974817E+09
   145700 -1.3366914806E+08  1.5630736143E+09
   145800 -1.3509341258E+08  1.5628186832E+09
   145900 -1.3309107468E+08  1.5620495622E+09
   146000 -1.3317420677E+08  1.5621147451E+09
   146100 -1.3350995086E+08  1.5608204621E+09
   146200 -1.3408085341E+08  1.5598307347E+09
   146300 -1.3121849021E+08  1.5603206074E+09
   146400 -1.3105386314E+08  1.5615536891E+09
   146500 -1.3309133236E+08  1.5625606746E+09
   146600 -1.3676795822E+08  1.5619260702E+09
   146700 -1.3303570714E+08  1.5619263341E+09
   146800 -1.3357548284E+08  1.5613785604E+09
   146900 -1.3568280879E+08  1.5599594488E+09
   147000 -1.3452295786E+08  1.5610548450E+09
   147100 -1.3481376997E+08  1.5617212210E+09
   147200 -1.3285446478E+08  1.5607374217E+09
   147300 -1.3338325388E+08  1.5603779112E+09
   147400 -1.3297053999E+08  1.5605531067E+09
   147500 -1.3735973780E+08  1.5623006476E+09
   147600 -1.3537562707E+08  1.5608102386E+09
   147700 -1.3577969268E+08  1.5607150969E+09
   147800 -1.3813248659E+08  1.5598596592E+09
   147900 -1.3440200707E+08  1.5593026906E+09
   148000 -1.3328420048E+08  1.5601682211E+09
   148100 -1.3262233428E+08  1.5605864550E+09
   148200 -1.3502821038E+08  1.5618697425E+09
   148300 -1.3344468708E+08  1.5590175736E+09
   148400 -1.3412779771E+08  1.5563199031E+09
   148500 -1.3354697822E+08  1.5569848766E+09
   148600 -1.3285062767E+08  1.5599357529E+09
   148700 -1.3352022181E+08  1.5601790954E+09
   148800 -1.3256800273E+08  1.5591012702E+09
   148900 -1.3431952584E+08  1.5576648037E+09
   149000 -1.3345808974E+08  1.5589280196E+09
   149100 -1.3304467820E+08  1.5589340446E+09
   149200 -1.3391585830E+08  1.5597308779E+09
   149300 -1.3420833685E+08  1.5590488843E+09
   149400 -1.3335459401E+08  1.5571385764E+09
   149500 -1.3021343745E+08  1.5557749701E+09
   149600 -1.3319100479E+08  1.5571208505E+09
   149700 -1.3437197545E+08  1.5587008208E+09
   149800 -1.3506655417E+08  1.5601356936E+09
   149900 -1.3324851639E+08  1.5601552428E+09
   150000 -1.3478155922E+08  1.5604959940E+09
   150100 -1.3394355033E+08  1.5615167723E+09
   150200 -1.3329227029E+08  1.5614064464E+09
   150300 -1.3295338351E+08  1.5613448286E+09
   150400 -1.3144728232E+08  1.5603113632E+09
   150500 -1.3089268813E+08  1.5607458204E+09
   150600 -1.3182341517E+08  1.5614458070E+09
   150700 -1.3088916213E+08  1.5619290372E+09
   150800 -1.3220611209E+08  1.5604404483E+09
   150900 -1.3113942859E+08  1.5588302228E+09
   151000 -1.3296042624E+08  1.5581779659E+09
   151100 -1.3301310521E+08  1.5583507629E+09
   151200 -1.3396691385E+08  1.5584584622E+09
   151300 -1.3360149437E+08  1.5571373975E+09
   151400 -1.3345574743E+08  1.5578078756E+09
   151500 -1.3216271856E+08  1.5576707118E+09
   151600 -1.3302259383E+08  1.5563601831E+09
   151700 -1.3499306557E+08  1.5555366550E+09
   151800 -1.3227409919E+08  1.5565999036E+09
   151900 -1.3067531655E+08  1.5596546501E+09
   152000 -1.3565816338E+08  1.5598912650E+09
   152100 -1.3519768670E+08  1.5609346737E+09
   152200 -1.3700772123E+08  1.5609998811E+09
   152300 -1.3465493356E+08  1.5609507526E+09
   152400 -1.3468984243E+08  1.5596449997E+09
   152500 -1.3385007304E+08  1.5598555288E+09
   152600 -1.3420522431E+08  1.5610855081E+09
   152700 -1.3335600669E+08  1.5592707169E+09
   152800 -1.3476751688E+08  1.5587324363E+09
   152900 -1.3200405062E+08  1.5577310473E+09
   153000 -1.3248301033E+08  1.5573608936E+09
   153100 -1.3151324667E+08  1.5586501671E+09
   153200 -1.3238080857E+08  1.5570778127E+09
   153300 -1.3308842562E+08  1.5557846503E+09
   153400 -1.3206730698E+08  1.5573680468E+09
   153500 -1.3299558221E+08  1.5579570038E+09
   153600 -1.3496420065E+08  1.5595156160E+09
   153700 -1.3254656147E+08  1.5591484453E+09
   153800 -1.3246533518E+08  1.5577748111E+09
   153900 -1.3377864047E+08  1.5580849505E+09
   154000 -1.3294976278E+08  1.5566483794E+09
   154100 -1.3424048524E+08  1.5574951614E+09
   154200 -1.3408340715E+08  1.5579140236E+09
   154300 -1.3740307080E+08  1.5581625144E+09
   154400 -1.3300446203E+08  1.5580720313E+09
   154500 -1.3002547525E+08  1.5583573095E+09
   154600 -1.3269311703E+08  1.5583938108E+09
   154700 -1.3334261041E+08  1.5573963703E+09
   154800 -1.3160287733E+08  1.5567957602E+09
   154900 -1.3216894644E+08  1.5567170460E+09
   155000 -1.3091099218E+08  1.5561923077E+09
   155100 -1.3043883623E+08  1.5565411339E+09
   155200 -1.3121990651E+08  1.5591482461E+09
   155300 -1.3339135991E+08  1.5600095199E+09
   155400 -1.3308488571E+08  1.5595533179E+09
   155500 -1.3336967055E+08  1.5621124703E+09
   155600 -1.3424224706E+08  1.5622175996E+09
   155700 -1.3292302088E+08  1.5626145287E+09
   155800 -1.3026349884E+08  1.5620623449E+09
   155900 -1.3254155988E+08  1.5596645303E+09
   156000 -1.3157104116E+08  1.5573202600E+09
   156100 -1.3294189461E+08  1.5560592857E+09
   156200 -1.3437476419E+08  1.5563232541E+09
   156300 -1.3389576349E+08  1.5560934113E+09
   156400 -1.3348351648E+08  1.5577703951E+09
   156500 -1.3730282426E+08  1.5581375287E+09
   156600 -1.3615168356E+08  1.5570723887E+09
   156700 -1.3291937394E+08  1.5590991665E+09
   156800 -1.3355318658E+08  1.5610124261E+09
   156900 -1.3464717877E+08  1.5611566867E+09
   157000 -1.3329767217E+08  1.5587010020E+09
   157100 -1.3314960276E+08  1.5589195192E+09
   157200 -1.3135681040E+08  1.5574010723E+09
   157300 -1.3284903134E+08  1.5565842182E+09
   157400 -1.2914689699E+08  1.5570020463E+09
   157500 -1.3458760902E+08  1.5586187563E+09
   157600 -1.3333588006E+08  1.5584789927E+09
   157700 -1.3308547836E+08  1.5563740431E+09
   157800 -1.3342254841E+08  1.5563381339E+09
   157900 -1.2897370392E+08  1.5565391809E+09
   158000 -1.3433718605E+08  1.5559415708E+09
   158100 -1.3343785653E+08  1.5566994027E+09
   158200 -1.3371537264E+08  1.5572486475E+09
   158300 -1.3212237741E+08  1.5568843043E+09
   158400 -1.3440150783E+08  1.5576619501E+09
   158500 -1.3335380119E+08  1.5579971005E+09
   158600 -1.3136905365E+08  1.5584733351E+09
   158700 -1.3373065692E+08  1.5584115416E+09
   158800 -1.3160710551E+08  1.5587197991E+09
   158900 -1.3313786133E+08  1.5592865677E+09
   159000 -1.3433104259E+08  1.5580542325E+09
   159100 -1.3307885549E+08  1.5576285806E+09
   159200 -1.3118752505E+08  1.5588609858E+09
   159300 -1.3359826276E+08  1.5590451083E+09
   159400 -1.3305251742E+08  1.5589439704E+09
   159500 -1.3520666856E+08  1.5583309601E+09
   159600 -1.3255143223E+08  1.5580550870E+09
   159700 -1.3355875146E+08  1.5589601247E+09
   159800 -1.3268266947E+08  1.5592880238E+09
   159900 -1.3398866068E+08  1.5590029999E+09
   160000 -1.3217662020E+08  1.5593535227E+09
   160100 -1.3227743937E+08  1.5599832338E+09
   160200 -1.3158272709E+08  1.5597895507E+09
   160300 -1.3432561350E+08  1.5586436578E+09
   160400 -1.3343929438E+08  1.5584736741E+09
   160500 -1.3514356035E+08  1.5575670517E+09
   160600 -1.3549241561E+08  1.5575943581E+09
   160700 -1.3193582158E+08  1.5585433901E+09
   160800 -1.3239347194E+08  1.5585381485E+09
   160900 -1.3538867311E+08  1.5574864081E+09
   161000 -1.3084116288E+08  1.5580102212E+09
   161100 -1.3070898675E+08  1.5580356312E+09
   161200 -1.3162092955E+08  1.5578082272E+09
   161300 -1.3218790305E+08  1.5572954035E+09
   161400 -1.3204080914E+08  1.5569381829E+09
   161500 -1.3481915713E+08  1.5591349794E+09
   161600 -1.3471916933E+08  1.5592392812E+09
   161700 -1.3241740650E+08  1.5598360405E+09
   161800 -1.3406845363E+08  1.5606933819E+09
   161900 -1.3622876849E+08  1.5600838234E+09
   162000 -1.3366590183E+08  1.5598965729E+09
   162100 -1.3188393969E+08  1.5592671617E+09
   162200 -1.3217555571E+08  1.5602586315E+09
   162300 -1.3308082969E+08  1.5623482456E+09
   162400 -1.3468566844E+08  1.5628388989E+09
   162500 -1.3130438500E+08  1.5624044755E+09
   162600 -1.3605740446E+08  1.5609539275E+09
   162700 -1.3381983235E+08  1.5607474125E+09
