 ######
    20100 -1.3362865824E+08  5.7919059416E+10
    20200 -1.3387569886E+08  2.8896892618E+08
    20300 -1.3615311660E+08  2.8907106032E+08
    20400 -1.3649221153E+08  2.8924750903E+08
    20500 -1.3655346793E+08  2.8978620262E+08
    20600 -1.3776076522E+08  2.8988623776E+08
    20700 -1.3577481690E+08  2.8978978891E+08
    20800 -1.3753236033E+08  2.8998845814E+08
    20900 -1.3633410455E+08  2.8967599171E+08
    21000 -1.3714684639E+08  2.8958451793E+08
    21100 -1.3679299679E+08  2.8883248524E+08
    21200 -1.3682351789E+08  2.8878670070E+08
    21300 -1.3576190098E+08  2.8875611174E+08
    21400 -1.3676534575E+08  2.8851354699E+08
    21500 -1.3716662962E+08  2.8823431645E+08
    21600 -1.3659293035E+08  2.8803526292E+08
    21700 -1.3692180166E+08  2.8802416793E+08
    21800 -1.3777886683E+08  2.8820142186E+08
    21900 -1.3778111155E+08  2.8784032332E+08
    22000 -1.3566993708E+08  2.8748588877E+08
    22100 -1.3579002923E+08  2.8736817655E+08
    22200 -1.3574153968E+08  2.8761394840E+08
    22300 -1.3528586468E+08  2.8797244959E+08
    22400 -1.3673948926E+08  2.8786488826E+08
    22500 -1.3802776992E+08  2.8799267993E+08
    22600 -1.3710443102E+08  2.8815322616E+08
    22700 -1.3699788356E+08  2.8871271754E+08
    22800 -1.3754533697E+08  2.8927759457E+08
    22900 -1.3713843768E+08  2.8912352291E+08
    23000 -1.3664367042E+08  2.8925771890E+08
    23100 -1.3759150537E+08  2.8915615359E+08
    23200 -1.3716363571E+08  2.8938911120E+08
    23300 -1.3761790390E+08  2.8938927324E+08
    23400 -1.3748735185E+08  2.8920959105E+08
    23500 -1.3691023681E+08  2.8868092589E+08
    23600 -1.3552898041E+08  2.8895569254E+08
    23700 -1.3806449192E+08  2.8901765940E+08
    23800 -1.3857989802E+08  2.8935893075E+08
    23900 -1.3929259022E+08  2.8940182778E+08
    24000 -1.3679655625E+08  2.8856339042E+08
    24100 -1.3597160209E+08  2.8780597102E+08
    24200 -1.3769353863E+08  2.8769145067E+08
    24300 -1.3672975441E+08  2.8797796816E+08
    24400 -1.3572962540E+08  2.8791290625E+08
    24500 -1.3599521266E+08  2.8726115466E+08
    24600 -1.3552202589E+08  2.8771475992E+08
    24700 -1.3651052788E+08  2.8804109627E+08
    24800 -1.3730244672E+08  2.8836513828E+08
    24900 -1.3689088057E+08  2.8841447085E+08
    25000 -1.3654852872E+08  2.8830812760E+08
    25100 -1.3799177839E+08  2.8795637054E+08
    25200 -1.3662434172E+08  2.8795731389E+08
    25300 -1.3593559894E+08  2.8830193900E+08
    25400 -1.3554076125E+08  2.8831899921E+08
    25500 -1.3768273386E+08  2.8829900045E+08
    25600 -1.3589637342E+08  2.8827931936E+08
    25700 -1.3669719493E+08  2.8824001564E+08
    25800 -1.3645606633E+08  2.8808700779E+08
    25900 -1.3684311942E+08  2.8798158812E+08
    26000 -1.3647331062E+08  2.8808720627E+08
    26100 -1.3672423285E+08  2.8808712287E+08
    26200 -1.3552392916E+08  2.8784372044E+08
    26300 -1.3488059853E+08  2.8762867708E+08
    26400 -1.3657477512E+08  2.8770797795E+08
    26500 -1.3652201827E+08  2.8781016021E+08
    26600 -1.3593990079E+08  2.8797185990E+08
    26700 -1.3533576630E+08  2.8796899664E+08
    26800 -1.3654773262E+08  2.8841350474E+08
    26900 -1.3666917326E+08  2.8847803405E+08
    27000 -1.3702266785E+08  2.8828749070E+08
    27100 -1.3724305519E+08  2.8805704037E+08
    27200 -1.3635581956E+08  2.8822449601E+08
    27300 -1.3577267234E+08  2.8817316672E+08
    27400 -1.3724679746E+08  2.8774482949E+08
    27500 -1.3724378340E+08  2.8780973247E+08
    27600 -1.3688822838E+08  2.8728906523E+08
    27700 -1.3437447160E+08  2.8722165430E+08
    27800 -1.3569065183E+08  2.8733778393E+08
    27900 -1.3583050135E+08  2.8740605166E+08
    28000 -1.3672883467E+08  2.8767909230E+08
    28100 -1.3663344215E+08  2.8752642041E+08
    28200 -1.3558585023E+08  2.8746621073E+08
    28300 -1.3578675049E+08  2.8750483102E+08
    28400 -1.3521527132E+08  2.8757671851E+08
    28500 -1.3767490694E+08  2.8766593210E+08
    28600 -1.3696175111E+08  2.8766336020E+08
    28700 -1.3777918642E+08  2.8783837833E+08
    28800 -1.3703887967E+08  2.8814096224E+08
    28900 -1.3700819977E+08  2.8815723264E+08
    29000 -1.3659274141E+08  2.8816545926E+08
    29100 -1.3693532073E+08  2.8784816814E+08
    29200 -1.3780729554E+08  2.8787985660E+08
    29300 -1.3698241693E+08  2.8807991570E+08
    29400 -1.3602455641E+08  2.8798367315E+08
    29500 -1.3678825813E+08  2.8769658442E+08
    29600 -1.3690929956E+08  2.8759742606E+08
    29700 -1.3543684480E+08  2.8771731256E+08
    29800 -1.3476261957E+08  2.8802479715E+08
    29900 -1.3482299977E+08  2.8826490137E+08
    30000 -1.3589383381E+08  2.8828635545E+08
    30100 -1.3633244485E+08  2.8829537844E+08
    30200 -1.3625131324E+08  2.8832642778E+08
    30300 -1.3671449490E+08  2.8820986424E+08
    30400 -1.3623907210E+08  2.8815286532E+08
    30500 -1.3602080654E+08  2.8830312446E+08
    30600 -1.3530265219E+08  2.8828386888E+08
    30700 -1.3619782561E+08  2.8820297795E+08
    30800 -1.3475249874E+08  2.8826600006E+08
    30900 -1.3507729571E+08  2.8821939734E+08
    31000 -1.3624894779E+08  2.8834260062E+08
    31100 -1.3666608417E+08  2.8833710265E+08
    31200 -1.3556214648E+08  2.8816170959E+08
    31300 -1.3730823292E+08  2.8824201605E+08
    31400 -1.3792625815E+08  2.8824535460E+08
    31500 -1.3526126338E+08  2.8812244853E+08
    31600 -1.3619957138E+08  2.8792628447E+08
    31700 -1.3622115685E+08  2.8795569233E+08
    31800 -1.3636965976E+08  2.8821588962E+08
    31900 -1.3532855330E+08  2.8822734584E+08
    32000 -1.3616828334E+08  2.8827402973E+08
    32100 -1.3561053004E+08  2.8808369252E+08
    32200 -1.3621155795E+08  2.8795526450E+08
    32300 -1.3593799052E+08  2.8819390372E+08
    32400 -1.3685941867E+08  2.8800453952E+08
    32500 -1.3617382442E+08  2.8816083947E+08
    32600 -1.3593949700E+08  2.8819306374E+08
    32700 -1.3662980654E+08  2.8824827902E+08
    32800 -1.3583334050E+08  2.8844179680E+08
    32900 -1.3796507728E+08  2.8870458802E+08
    33000 -1.3540168427E+08  2.8895698404E+08
    33100 -1.3751657136E+08  2.8876822260E+08
    33200 -1.3601204599E+08  2.8812337364E+08
    33300 -1.3670070873E+08  2.8825222950E+08
    33400 -1.3620159365E+08  2.8842020110E+08
    33500 -1.3694161262E+08  2.8867083381E+08
    33600 -1.3582470195E+08  2.8874896201E+08
    33700 -1.3573547980E+08  2.8862778033E+08
    33800 -1.3706604815E+08  2.8862749113E+08
    33900 -1.3613950113E+08  2.8879754068E+08
    34000 -1.3689862022E+08  2.8870674713E+08
    34100 -1.3716897550E+08  2.8816923505E+08
    34200 -1.3716809423E+08  2.8846431554E+08
    34300 -1.3672537321E+08  2.8845705163E+08
    34400 -1.3749428802E+08  2.8829182365E+08
    34500 -1.3741195001E+08  2.8841200158E+08
    34600 -1.3709087130E+08  2.8836862429E+08
    34700 -1.3796608981E+08  2.8845924319E+08
    34800 -1.3834974777E+08  2.8843244395E+08
    34900 -1.3775655382E+08  2.8838974803E+08
    35000 -1.3855119375E+08  2.8832543261E+08
    35100 -1.3801534292E+08  2.8858081664E+08
    35200 -1.3769504692E+08  2.8835354657E+08
    35300 -1.3871879168E+08  2.8811908299E+08
    35400 -1.3640218312E+08  2.8802108395E+08
    35500 -1.3735155127E+08  2.8831176548E+08
    35600 -1.3696725486E+08  2.8817494269E+08
    35700 -1.3784217986E+08  2.8832783309E+08
    35800 -1.3722652949E+08  2.8835016429E+08
    35900 -1.3581957898E+08  2.8790394246E+08
    36000 -1.3658733319E+08  2.8798947069E+08
    36100 -1.3651222565E+08  2.8818711891E+08
    36200 -1.3707919688E+08  2.8817441630E+08
    36300 -1.3599773966E+08  2.8802495118E+08
    36400 -1.3592921427E+08  2.8795806612E+08
    36500 -1.3598038038E+08  2.8822418018E+08
    36600 -1.3733336503E+08  2.8814044951E+08
    36700 -1.3521844404E+08  2.8780340398E+08
    36800 -1.3633075540E+08  2.8773407490E+08
    36900 -1.3504332764E+08  2.8807677193E+08
    37000 -1.3632085164E+08  2.8798999785E+08
    37100 -1.3513197522E+08  2.8796889976E+08
    37200 -1.3544818433E+08  2.8800100597E+08
    37300 -1.3593718544E+08  2.8821106207E+08
    37400 -1.3679522217E+08  2.8815735734E+08
    37500 -1.3654685912E+08  2.8808353375E+08
    37600 -1.3690566081E+08  2.8821301876E+08
    37700 -1.3758284472E+08  2.8827935866E+08
    37800 -1.3701750886E+08  2.8802903676E+08
    37900 -1.3768584381E+08  2.8789310821E+08
    38000 -1.3668334591E+08  2.8797093000E+08
    38100 -1.3790956278E+08  2.8804383550E+08
    38200 -1.3799545485E+08  2.8805838482E+08
    38300 -1.3581466698E+08  2.8787168612E+08
    38400 -1.3771104707E+08  2.8768219682E+08
    38500 -1.3649967601E+08  2.8789826076E+08
    38600 -1.3701630227E+08  2.8802509410E+08
    38700 -1.3586576618E+08  2.8794136804E+08
    38800 -1.3715721312E+08  2.8806279217E+08
    38900 -1.3717149379E+08  2.8786398319E+08
    39000 -1.3698418012E+08  2.8797852359E+08
    39100 -1.3838080547E+08  2.8822553720E+08
    39200 -1.3677035100E+08  2.8803664751E+08
    39300 -1.3639291074E+08  2.8771580047E+08
    39400 -1.3628740932E+08  2.8758333080E+08
    39500 -1.3613494948E+08  2.8743670619E+08
    39600 -1.3681336131E+08  2.8761720922E+08
    39700 -1.3739450651E+08  2.8770563023E+08
    39800 -1.3619317033E+08  2.8776775912E+08
    39900 -1.3672045096E+08  2.8780194087E+08
    40000 -1.3763854578E+08  2.8778073928E+08
    40100 -1.3675852737E+08  2.8787600735E+08
    40200 -1.3724936016E+08  2.8795145810E+08
    40300 -1.3620196252E+08  2.8799405936E+08
    40400 -1.3723595163E+08  2.8797553652E+08
    40500 -1.3584208858E+08  2.8776278626E+08
    40600 -1.3561120964E+08  2.8781174746E+08
    40700 -1.3685407163E+08  2.8745744919E+08
    40800 -1.3659797157E+08  2.8757729454E+08
    40900 -1.3584279919E+08  2.8749631756E+08
    41000 -1.3575022095E+08  2.8766412875E+08
    41100 -1.3658429401E+08  2.8793671878E+08
    41200 -1.3648301632E+08  2.8840187966E+08
    41300 -1.3649301509E+08  2.8858259054E+08
    41400 -1.3631184746E+08  2.8857466461E+08
    41500 -1.3704714234E+08  2.8856736250E+08
    41600 -1.3587162212E+08  2.8812144964E+08
    41700 -1.3676132891E+08  2.8808548802E+08
    41800 -1.3629608555E+08  2.8831348453E+08
    41900 -1.3609445091E+08  2.8809272418E+08
    42000 -1.3519416913E+08  2.8805708851E+08
