 ######
     5100 -9.8093221368E+07  7.9444504896E+10
     5200 -9.7509948244E+07  1.5552150388E+09
     5300 -9.7692824196E+07  1.5538229652E+09
     5400 -9.7950277911E+07  1.5537006562E+09
     5500 -9.7838764208E+07  1.5543824955E+09
     5600 -9.8024295324E+07  1.5553539207E+09
     5700 -9.8343248233E+07  1.5551043183E+09
     5800 -9.8217870050E+07  1.5536819895E+09
     5900 -9.7806899385E+07  1.5557582649E+09
     6000 -9.8338088498E+07  1.5549841773E+09
     6100 -9.7710133374E+07  1.5539649306E+09
     6200 -9.8381361777E+07  1.5531525696E+09
     6300 -9.8637007455E+07  1.5545036793E+09
     6400 -9.7958580857E+07  1.5546501606E+09
     6500 -9.8769797659E+07  1.5551504553E+09
     6600 -9.8063791069E+07  1.5546643671E+09
     6700 -9.8303887834E+07  1.5543118694E+09
     6800 -9.8558638070E+07  1.5564105829E+09
     6900 -9.8321961725E+07  1.5575488253E+09
     7000 -9.8089984016E+07  1.5570002109E+09
     7100 -9.8289838349E+07  1.5574654322E+09
     7200 -9.8409769973E+07  1.5584667779E+09
     7300 -9.8822995506E+07  1.5596646115E+09
     7400 -9.8097883344E+07  1.5592644497E+09
     7500 -9.8626364995E+07  1.5591648707E+09
     7600 -9.7940934281E+07  1.5586053673E+09
     7700 -9.8794674984E+07  1.5591495794E+09
     7800 -9.8607402508E+07  1.5584162038E+09
     7900 -9.8535943238E+07  1.5590430386E+09
     8000 -9.8769272027E+07  1.5596220686E+09
     8100 -9.9131792497E+07  1.5588893866E+09
     8200 -9.9505122479E+07  1.5592070341E+09
     8300 -1.0018530583E+08  1.5605378694E+09
     8400 -9.8923536970E+07  1.5604988890E+09
     8500 -9.8854719453E+07  1.5618656866E+09
     8600 -9.8747735041E+07  1.5609591724E+09
     8700 -9.8406345298E+07  1.5614099968E+09
     8800 -9.8688201638E+07  1.5618970464E+09
     8900 -9.8397619007E+07  1.5606042407E+09
     9000 -9.8674889186E+07  1.5591980276E+09
     9100 -9.8619015428E+07  1.5602958908E+09
     9200 -9.8710628038E+07  1.5609790021E+09
     9300 -9.9141856822E+07  1.5585234804E+09
     9400 -9.8368406952E+07  1.5570723833E+09
     9500 -9.7515225093E+07  1.5567674839E+09
     9600 -9.8203831051E+07  1.5579308184E+09
     9700 -9.8115722466E+07  1.5580792057E+09
     9800 -9.7489672364E+07  1.5580959140E+09
     9900 -9.8244303513E+07  1.5583037223E+09
    10000 -9.8355103525E+07  1.5584837305E+09
    10100 -9.8214229268E+07  1.5579443193E+09
    10200 -9.7516358313E+07  1.5587754086E+09
    10300 -9.8513609357E+07  1.5594272335E+09
    10400 -9.8982091216E+07  1.5571229057E+09
    10500 -9.7813504374E+07  1.5561720614E+09
    10600 -9.8908755275E+07  1.5560535763E+09
    10700 -9.8248967915E+07  1.5564601841E+09
    10800 -9.8180367823E+07  1.5578720902E+09
    10900 -9.8045351630E+07  1.5580457229E+09
    11000 -9.8082106265E+07  1.5588409668E+09
    11100 -9.7800281896E+07  1.5610568436E+09
    11200 -9.7637353707E+07  1.5619423830E+09
    11300 -9.8334654287E+07  1.5605353750E+09
    11400 -9.8735806591E+07  1.5601349398E+09
    11500 -9.8400926469E+07  1.5606279059E+09
    11600 -9.9086835462E+07  1.5611271954E+09
    11700 -9.8877486294E+07  1.5597260762E+09
    11800 -9.8276527603E+07  1.5579482672E+09
    11900 -9.9118463833E+07  1.5578659663E+09
    12000 -9.8602069080E+07  1.5591587580E+09
    12100 -9.8761559134E+07  1.5595738734E+09
    12200 -9.8267758390E+07  1.5581251721E+09
    12300 -9.7880423277E+07  1.5574870081E+09
    12400 -9.8600837595E+07  1.5579645935E+09
    12500 -9.8267934483E+07  1.5577893184E+09
    12600 -9.8069088959E+07  1.5592854340E+09
    12700 -9.8439033212E+07  1.5580978467E+09
    12800 -9.8379073821E+07  1.5578391348E+09
    12900 -9.8079558511E+07  1.5582242919E+09
    13000 -9.8900506302E+07  1.5589730048E+09
    13100 -9.8915987744E+07  1.5587196912E+09
    13200 -9.7659672310E+07  1.5580456697E+09
    13300 -9.8207519282E+07  1.5586195809E+09
    13400 -9.7541560343E+07  1.5602044179E+09
    13500 -9.8256600914E+07  1.5602218355E+09
    13600 -9.9012478178E+07  1.5585651009E+09
    13700 -9.8589248448E+07  1.5572081817E+09
    13800 -9.8804148666E+07  1.5561545895E+09
    13900 -9.8723084627E+07  1.5565603300E+09
    14000 -9.8998094302E+07  1.5583616049E+09
    14100 -9.8438573021E+07  1.5578958502E+09
    14200 -9.8635678385E+07  1.5597361548E+09
    14300 -9.9049708146E+07  1.5608031543E+09
    14400 -9.8789436885E+07  1.5574293382E+09
    14500 -9.8715247285E+07  1.5579361456E+09
    14600 -9.9010941295E+07  1.5587066010E+09
    14700 -9.8926838770E+07  1.5584632741E+09
    14800 -9.9157267487E+07  1.5585801994E+09
    14900 -9.8223219981E+07  1.5570870713E+09
    15000 -9.8052267705E+07  1.5560687244E+09
    15100 -9.8161411258E+07  1.5546704134E+09
    15200 -9.7891319456E+07  1.5534471967E+09
    15300 -9.7988598669E+07  1.5535018289E+09
    15400 -9.8611607944E+07  1.5543158445E+09
    15500 -9.8477960173E+07  1.5550621512E+09
    15600 -9.8020034422E+07  1.5542639463E+09
    15700 -9.8436317763E+07  1.5523273990E+09
    15800 -9.8578293460E+07  1.5517893395E+09
    15900 -9.8022270921E+07  1.5532579906E+09
    16000 -9.8365046867E+07  1.5533624452E+09
    16100 -9.8586678763E+07  1.5549775737E+09
    16200 -9.8476911378E+07  1.5543237049E+09
    16300 -9.7771442254E+07  1.5538962720E+09
    16400 -9.8769443177E+07  1.5552154722E+09
    16500 -9.8493959798E+07  1.5553281266E+09
    16600 -9.8279310766E+07  1.5544229212E+09
    16700 -9.8297312034E+07  1.5541773099E+09
    16800 -9.8199845333E+07  1.5542618796E+09
    16900 -9.7747910146E+07  1.5543566966E+09
    17000 -9.7708214515E+07  1.5548015739E+09
    17100 -9.7730438040E+07  1.5541652402E+09
    17200 -9.8451540497E+07  1.5559936240E+09
    17300 -9.8912861028E+07  1.5574919495E+09
    17400 -9.8990997823E+07  1.5574707331E+09
    17500 -9.7665085749E+07  1.5558768035E+09
    17600 -9.8174629495E+07  1.5538204109E+09
    17700 -9.7505479547E+07  1.5544162640E+09
    17800 -9.7743062468E+07  1.5554005976E+09
    17900 -9.8112048077E+07  1.5553805464E+09
    18000 -9.8464418403E+07  1.5560721099E+09
    18100 -9.8155768405E+07  1.5573621213E+09
    18200 -9.8513732837E+07  1.5567074749E+09
    18300 -9.7804126262E+07  1.5560756609E+09
    18400 -9.8359583180E+07  1.5544193783E+09
    18500 -9.8016251498E+07  1.5552934435E+09
    18600 -9.7964520906E+07  1.5553553391E+09
    18700 -9.8200001996E+07  1.5560183917E+09
    18800 -9.7502851448E+07  1.5567201305E+09
    18900 -9.7526257628E+07  1.5568331867E+09
    19000 -9.7744155622E+07  1.5567504120E+09
    19100 -9.7716976377E+07  1.5565691055E+09
    19200 -9.7839772073E+07  1.5564965051E+09
    19300 -9.7767800866E+07  1.5563078686E+09
    19400 -9.8434723952E+07  1.5560529050E+09
    19500 -9.8169093609E+07  1.5571104634E+09
    19600 -9.8657458165E+07  1.5572441022E+09
    19700 -9.8496764229E+07  1.5570597553E+09
    19800 -9.9023092208E+07  1.5562958107E+09
    19900 -9.8282856870E+07  1.5570599447E+09
    20000 -9.8506586466E+07  1.5572584556E+09
    20100 -9.7899596498E+07  1.5567817084E+09
    20200 -9.7524619507E+07  1.5569738557E+09
    20300 -9.7807542266E+07  1.5579938894E+09
    20400 -9.7943997571E+07  1.5575647264E+09
    20500 -9.8042620433E+07  1.5573094614E+09
    20600 -9.8274726360E+07  1.5562568632E+09
    20700 -9.8047559460E+07  1.5556122615E+09
    20800 -9.8009191324E+07  1.5541342700E+09
    20900 -9.7667045354E+07  1.5547082939E+09
    21000 -9.7610120432E+07  1.5558507005E+09
    21100 -9.8708307074E+07  1.5586900195E+09
    21200 -9.7992037007E+07  1.5598998419E+09
    21300 -9.7715540147E+07  1.5572175730E+09
    21400 -9.8264748940E+07  1.5561869114E+09
    21500 -9.8734469579E+07  1.5562185806E+09
    21600 -9.9485423273E+07  1.5572510287E+09
    21700 -9.8050703236E+07  1.5582775917E+09
    21800 -9.9331725878E+07  1.5572048465E+09
    21900 -9.7467937705E+07  1.5558853268E+09
    22000 -9.8118865883E+07  1.5578852436E+09
    22100 -9.8152739082E+07  1.5581278946E+09
    22200 -9.9223826273E+07  1.5579682136E+09
    22300 -9.8813517507E+07  1.5583535758E+09
    22400 -9.8522318083E+07  1.5581346027E+09
    22500 -9.8353717349E+07  1.5573995328E+09
    22600 -9.8269296063E+07  1.5578042296E+09
    22700 -9.8840990855E+07  1.5584076580E+09
    22800 -9.8385228347E+07  1.5580724824E+09
    22900 -9.8854388583E+07  1.5587943844E+09
    23000 -9.8620945300E+07  1.5594421076E+09
    23100 -9.8438312931E+07  1.5576125650E+09
    23200 -9.8491630123E+07  1.5573471307E+09
    23300 -9.7707674019E+07  1.5555492504E+09
    23400 -9.8298692966E+07  1.5568595758E+09
    23500 -9.8413993584E+07  1.5591309895E+09
    23600 -9.8554049214E+07  1.5586856717E+09
    23700 -9.8966376143E+07  1.5587615814E+09
    23800 -9.7823296354E+07  1.5583718931E+09
    23900 -9.7780109901E+07  1.5578636805E+09
    24000 -9.8358876863E+07  1.5561868214E+09
    24100 -9.8065123628E+07  1.5561972481E+09
    24200 -9.7556622841E+07  1.5546881053E+09
    24300 -9.7910556187E+07  1.5542011721E+09
    24400 -9.8218432061E+07  1.5560054542E+09
    24500 -9.8349295992E+07  1.5570806600E+09
    24600 -9.8138192730E+07  1.5590401675E+09
    24700 -9.9372364723E+07  1.5601572459E+09
    24800 -9.8718127039E+07  1.5597062546E+09
    24900 -9.9680947981E+07  1.5603959034E+09
    25000 -9.8682121961E+07  1.5592858409E+09
    25100 -9.8679177815E+07  1.5582519373E+09
    25200 -9.8615051921E+07  1.5580137638E+09
    25300 -9.8045939118E+07  1.5578463947E+09
    25400 -9.8822061763E+07  1.5580587766E+09
    25500 -9.8730852901E+07  1.5597209162E+09
    25600 -9.8963256040E+07  1.5581709156E+09
    25700 -9.8441922569E+07  1.5572345516E+09
    25800 -9.8303195645E+07  1.5577403284E+09
    25900 -9.7814793297E+07  1.5567727539E+09
    26000 -9.8186518968E+07  1.5569698669E+09
    26100 -9.8746222533E+07  1.5583803689E+09
    26200 -9.8277561606E+07  1.5607073064E+09
    26300 -9.7998897406E+07  1.5628284778E+09
    26400 -9.7768361165E+07  1.5618670883E+09
    26500 -9.8364323819E+07  1.5612698863E+09
    26600 -9.8692476852E+07  1.5585844602E+09
    26700 -9.9129670685E+07  1.5578769854E+09
    26800 -9.8453485382E+07  1.5582746449E+09
    26900 -9.8534881986E+07  1.5600575264E+09
    27000 -9.9229207005E+07  1.5605804815E+09
    27100 -9.9214704669E+07  1.5603697860E+09
    27200 -9.7718681637E+07  1.5596146601E+09
    27300 -9.8483035274E+07  1.5600571766E+09
    27400 -9.8870786080E+07  1.5596196830E+09
    27500 -9.9076647260E+07  1.5597110442E+09
    27600 -9.9326954278E+07  1.5585005925E+09
    27700 -9.8769405370E+07  1.5590365874E+09
    27800 -9.8117984233E+07  1.5584991438E+09
    27900 -9.9061318890E+07  1.5583643821E+09
    28000 -9.7895736369E+07  1.5592396855E+09
    28100 -9.8796236388E+07  1.5594207374E+09
    28200 -9.8615441770E+07  1.5599520140E+09
    28300 -9.8419696286E+07  1.5592695203E+09
    28400 -9.8638677242E+07  1.5573589083E+09
    28500 -9.7908111209E+07  1.5578319124E+09
    28600 -9.8312978711E+07  1.5560158591E+09
    28700 -9.8265382081E+07  1.5574580107E+09
    28800 -9.8456119401E+07  1.5572197173E+09
    28900 -9.8732334734E+07  1.5580934593E+09
    29000 -9.7891844322E+07  1.5593420565E+09
    29100 -9.7418916742E+07  1.5592968776E+09
    29200 -9.7316218410E+07  1.5569442770E+09
    29300 -9.7730584445E+07  1.5572497736E+09
    29400 -9.7782182356E+07  1.5579814567E+09
    29500 -9.8355530467E+07  1.5567319415E+09
    29600 -9.8334823860E+07  1.5564469928E+09
    29700 -9.8391078168E+07  1.5589845568E+09
    29800 -9.8869067818E+07  1.5594102579E+09
    29900 -9.8125947050E+07  1.5596715081E+09
    30000 -9.8429805072E+07  1.5597679208E+09
    30100 -9.8991882075E+07  1.5586913241E+09
    30200 -9.8504391019E+07  1.5570037242E+09
    30300 -9.8403132196E+07  1.5561486474E+09
    30400 -9.9180610346E+07  1.5570063133E+09
    30500 -9.9588893696E+07  1.5564389474E+09
    30600 -9.8493641444E+07  1.5546767105E+09
    30700 -9.8256576367E+07  1.5538883907E+09
    30800 -9.8475253128E+07  1.5560775727E+09
    30900 -9.7532747782E+07  1.5575121796E+09
    31000 -9.8205778447E+07  1.5575175269E+09
