 ######
    20100 -1.8739215038E+08  1.0726728688E+11
    20200 -1.8757886295E+08  5.3307161366E+08
    20300 -1.8987537354E+08  5.3291083039E+08
    20400 -1.8568135793E+08  5.3288675188E+08
    20500 -1.8857240789E+08  5.3313907840E+08
    20600 -1.8896830228E+08  5.3312934263E+08
    20700 -1.8613175583E+08  5.3320160157E+08
    20800 -1.8732309522E+08  5.3299533068E+08
    20900 -1.8635207500E+08  5.3270417195E+08
    21000 -1.8717942779E+08  5.3310465169E+08
    21100 -1.8874636825E+08  5.3334762536E+08
    21200 -1.8955761699E+08  5.3327654466E+08
    21300 -1.8877154220E+08  5.3340639451E+08
    21400 -1.8904983593E+08  5.3413770536E+08
    21500 -1.8950971316E+08  5.3397046740E+08
    21600 -1.8652745984E+08  5.3339541146E+08
    21700 -1.9058106325E+08  5.3349291397E+08
    21800 -1.8887320987E+08  5.3337814893E+08
    21900 -1.9073719889E+08  5.3294431542E+08
    22000 -1.8645121753E+08  5.3333022547E+08
    22100 -1.8964492531E+08  5.3263810064E+08
    22200 -1.9095439507E+08  5.3272758109E+08
    22300 -1.8884075460E+08  5.3322439559E+08
    22400 -1.8747650269E+08  5.3332498431E+08
    22500 -1.8548113183E+08  5.3364764428E+08
    22600 -1.8877339349E+08  5.3378344896E+08
    22700 -1.8748328072E+08  5.3407882813E+08
    22800 -1.8481724840E+08  5.3370648000E+08
    22900 -1.8683197484E+08  5.3407062890E+08
    23000 -1.8499951717E+08  5.3438246161E+08
    23100 -1.8647439281E+08  5.3444981688E+08
    23200 -1.8747553051E+08  5.3515418949E+08
    23300 -1.8693580966E+08  5.3511443268E+08
    23400 -1.8816693816E+08  5.3426764074E+08
    23500 -1.8863424406E+08  5.3412294690E+08
    23600 -1.8758764682E+08  5.3443674280E+08
    23700 -1.8583528090E+08  5.3460739220E+08
    23800 -1.8645030917E+08  5.3439197546E+08
    23900 -1.8503166039E+08  5.3434870834E+08
    24000 -1.8590989555E+08  5.3434813411E+08
    24100 -1.8848607799E+08  5.3427141272E+08
    24200 -1.8849838455E+08  5.3418935224E+08
    24300 -1.8938959294E+08  5.3413418512E+08
    24400 -1.9005799831E+08  5.3450347456E+08
    24500 -1.8726694968E+08  5.3457173392E+08
    24600 -1.8742006770E+08  5.3441306723E+08
    24700 -1.8810530234E+08  5.3439397564E+08
    24800 -1.9137234011E+08  5.3405985180E+08
    24900 -1.9065416425E+08  5.3402478403E+08
    25000 -1.9023937919E+08  5.3472721719E+08
    25100 -1.9178820515E+08  5.3519966440E+08
    25200 -1.9112751275E+08  5.3511900619E+08
