 ######
    34574  0.0000000000E+00  5.6197329598E+10
    34674  0.0000000000E+00  2.6422891496E+08
    34774  0.0000000000E+00  2.6461981908E+08
    34874  0.0000000000E+00  2.6488043039E+08
    34974  0.0000000000E+00  2.6462151905E+08
    35074  0.0000000000E+00  2.6483034262E+08
    35174  0.0000000000E+00  2.6492949411E+08
    35274  0.0000000000E+00  2.6468034153E+08
    35374  0.0000000000E+00  2.6456678956E+08
    35474  0.0000000000E+00  3.9693866162E+08
    35574  0.0000000000E+00  3.9643781376E+08
    35674  0.0000000000E+00  3.9601693435E+08
    35774  0.0000000000E+00  3.9520691134E+08
    35874  0.0000000000E+00  3.9531363774E+08
    35974  0.0000000000E+00  3.9520576313E+08
    36074  0.0000000000E+00  3.9505018410E+08
    36174  0.0000000000E+00  3.9457978441E+08
    36274  0.0000000000E+00  3.9484285857E+08
    36374  0.0000000000E+00  3.9530623973E+08
    36474  0.0000000000E+00  3.9502048472E+08
    36574  0.0000000000E+00  3.9432383002E+08
    36674  0.0000000000E+00  3.9419148824E+08
    36774  0.0000000000E+00  3.9422285095E+08
    36874  0.0000000000E+00  3.9422220339E+08
    36974  0.0000000000E+00  3.9441360284E+08
    37074  0.0000000000E+00  3.9488643091E+08
    37174  0.0000000000E+00  3.9541307498E+08
    37274  0.0000000000E+00  3.9447756638E+08
    37374  0.0000000000E+00  3.9374363339E+08
    37474  0.0000000000E+00  3.9359535619E+08
    37574  0.0000000000E+00  3.9384022916E+08
    37674  0.0000000000E+00  3.9352696247E+08
    37774  0.0000000000E+00  3.9353923808E+08
    37874  0.0000000000E+00  3.9399749574E+08
    37974  0.0000000000E+00  3.9414338743E+08
    38074  0.0000000000E+00  3.9387870694E+08
    38174  0.0000000000E+00  3.9334483086E+08
    38274  0.0000000000E+00  3.9417116234E+08
    38374  0.0000000000E+00  3.9491688099E+08
    38474  0.0000000000E+00  5.9169173375E+08
    38574  0.0000000000E+00  5.9120753704E+08
    38674  0.0000000000E+00  5.9173353873E+08
    38774  0.0000000000E+00  5.9126821210E+08
    38874  0.0000000000E+00  5.9060560224E+08
    38974  0.0000000000E+00  5.9175812569E+08
    39074  0.0000000000E+00  5.9182815214E+08
    39174  0.0000000000E+00  5.9191957013E+08
    39274  0.0000000000E+00  5.9055358408E+08
    39374  0.0000000000E+00  5.9062526615E+08
    39474  0.0000000000E+00  5.9147177802E+08
    39574  0.0000000000E+00  5.9106170409E+08
    39674  0.0000000000E+00  5.8995887148E+08
    39774  0.0000000000E+00  5.9064502003E+08
    39874  0.0000000000E+00  5.9140849102E+08
    39974  0.0000000000E+00  5.9087661579E+08
    40074  0.0000000000E+00  5.9104267399E+08
    40174  0.0000000000E+00  5.9055376900E+08
    40274  0.0000000000E+00  5.9099103934E+08
    40374  0.0000000000E+00  5.9094407054E+08
    40474  0.0000000000E+00  5.9137478095E+08
    40574  0.0000000000E+00  5.9028493971E+08
    40674  0.0000000000E+00  5.9002633463E+08
    40774  0.0000000000E+00  5.9078639048E+08
    40874  0.0000000000E+00  5.9090453134E+08
    40974  0.0000000000E+00  5.9169993397E+08
    41074  0.0000000000E+00  5.9261831292E+08
    41174  0.0000000000E+00  5.9231683347E+08
    41274  0.0000000000E+00  5.9304794960E+08
    41374  0.0000000000E+00  5.9255012545E+08
    41474  0.0000000000E+00  8.8914975669E+08
    41574  0.0000000000E+00  8.8871840764E+08
    41674  0.0000000000E+00  8.8773058690E+08
    41774  0.0000000000E+00  8.8749952018E+08
    41874  0.0000000000E+00  8.8792528268E+08
    41974  0.0000000000E+00  8.8852914585E+08
    42074  0.0000000000E+00  8.8800721680E+08
    42174  0.0000000000E+00  8.8800410050E+08
    42274  0.0000000000E+00  8.8700201084E+08
    42374  0.0000000000E+00  8.8592069008E+08
    42474  0.0000000000E+00  8.8589350806E+08
    42574  0.0000000000E+00  8.8506146293E+08
    42674  0.0000000000E+00  8.8591727523E+08
    42774  0.0000000000E+00  8.8663562378E+08
    42874  0.0000000000E+00  8.8563299935E+08
    42974  0.0000000000E+00  8.8583943192E+08
    43074  0.0000000000E+00  8.8615821061E+08
    43174  0.0000000000E+00  8.8438962835E+08
    43274  0.0000000000E+00  8.8402226636E+08
    43374  0.0000000000E+00  8.8312611559E+08
    43474  0.0000000000E+00  8.8291845343E+08
    43574  0.0000000000E+00  8.8362274616E+08
    43674  0.0000000000E+00  8.8360853458E+08
    43774  0.0000000000E+00  8.8415313745E+08
    43874  0.0000000000E+00  8.8344830146E+08
    43974  0.0000000000E+00  8.8246179322E+08
    44074  0.0000000000E+00  8.8356938017E+08
    44174  0.0000000000E+00  8.8349518443E+08
    44274  0.0000000000E+00  8.8219179033E+08
    44374  0.0000000000E+00  8.8352988082E+08
    44474  0.0000000000E+00  1.3291185094E+09
    44574  0.0000000000E+00  1.3275257964E+09
    44674  0.0000000000E+00  1.3293980295E+09
    44774  0.0000000000E+00  1.3306125247E+09
    44874  0.0000000000E+00  1.3316428188E+09
    44974  0.0000000000E+00  1.3287487236E+09
    45074  0.0000000000E+00  1.3284326484E+09
    45174  0.0000000000E+00  1.3290631315E+09
    45274  0.0000000000E+00  1.3292218187E+09
    45374  0.0000000000E+00  1.3283115485E+09
    45474  0.0000000000E+00  1.3275907217E+09
    45574  0.0000000000E+00  1.3267228815E+09
    45674  0.0000000000E+00  1.3269024982E+09
    45774  0.0000000000E+00  1.3286052129E+09
    45874  0.0000000000E+00  1.3302392161E+09
    45974  0.0000000000E+00  1.3300670021E+09
    46074  0.0000000000E+00  1.3281537471E+09
    46174  0.0000000000E+00  1.3290476969E+09
    46274  0.0000000000E+00  1.3280660832E+09
    46374  0.0000000000E+00  1.3274906825E+09
    46474  0.0000000000E+00  1.3283847469E+09
    46574  0.0000000000E+00  1.3284441328E+09
    46674  0.0000000000E+00  1.3301227588E+09
    46774  0.0000000000E+00  1.3297252306E+09
    46874  0.0000000000E+00  1.3303817794E+09
    46974  0.0000000000E+00  1.3296124225E+09
    47074  0.0000000000E+00  1.3306001169E+09
    47174  0.0000000000E+00  1.3301900863E+09
    47274  0.0000000000E+00  1.3314773762E+09
    47374  0.0000000000E+00  1.3320729932E+09
    47474  0.0000000000E+00  1.9954375580E+09
    47574  0.0000000000E+00  1.9977085865E+09
    47674  0.0000000000E+00  1.9971199456E+09
    47774  0.0000000000E+00  1.9944708224E+09
    47874  0.0000000000E+00  1.9922977541E+09
    47974  0.0000000000E+00  1.9885098212E+09
    48074  0.0000000000E+00  1.9919250233E+09
    48174  0.0000000000E+00  1.9949812150E+09
    48274  0.0000000000E+00  1.9941373041E+09
    48374  0.0000000000E+00  1.9968940226E+09
    48474  0.0000000000E+00  1.9996134398E+09
    48574  0.0000000000E+00  2.0045628148E+09
    48674  0.0000000000E+00  2.0050875353E+09
    48774  0.0000000000E+00  2.0047421897E+09
    48874  0.0000000000E+00  2.0068902954E+09
    48974  0.0000000000E+00  2.0088469136E+09
    49074  0.0000000000E+00  2.0101358278E+09
    49174  0.0000000000E+00  2.0066389455E+09
    49274  0.0000000000E+00  2.0064601147E+09
    49374  0.0000000000E+00  2.0085520781E+09
    49474  0.0000000000E+00  2.0095718578E+09
    49574  0.0000000000E+00  2.0079273621E+09
    49674  0.0000000000E+00  2.0083357109E+09
    49774  0.0000000000E+00  2.0075821925E+09
    49874  0.0000000000E+00  2.0062990223E+09
    49974  0.0000000000E+00  2.0062716621E+09
    50074  0.0000000000E+00  2.0073805740E+09
    50174  0.0000000000E+00  2.0077699550E+09
    50274  0.0000000000E+00  2.0085603376E+09
    50374  0.0000000000E+00  2.0036751648E+09
    50474  0.0000000000E+00  3.0040798060E+09
    50574  0.0000000000E+00  3.0047920592E+09
    50674  0.0000000000E+00  3.0019534270E+09
    50774  0.0000000000E+00  3.0072509661E+09
    50874  0.0000000000E+00  3.0101289666E+09
    50974  0.0000000000E+00  3.0124988562E+09
    51074  0.0000000000E+00  3.0103001650E+09
    51174  0.0000000000E+00  3.0036548905E+09
    51274  0.0000000000E+00  3.0040630915E+09
    51374  0.0000000000E+00  3.0006108238E+09
    51474  0.0000000000E+00  2.9997277078E+09
    51574  0.0000000000E+00  3.0023963219E+09
    51674  0.0000000000E+00  2.9965739146E+09
    51774  0.0000000000E+00  2.9985587352E+09
    51874  0.0000000000E+00  2.9939796156E+09
    51974  0.0000000000E+00  2.9944000848E+09
    52074  0.0000000000E+00  2.9898185730E+09
    52174  0.0000000000E+00  2.9892756319E+09
    52274  0.0000000000E+00  2.9953514628E+09
    52374  0.0000000000E+00  2.9971865142E+09
    52474  0.0000000000E+00  2.9956249123E+09
    52574  0.0000000000E+00  2.9977052850E+09
    52674  0.0000000000E+00  2.9962926946E+09
    52774  0.0000000000E+00  2.9960320919E+09
    52874  0.0000000000E+00  2.9932653050E+09
    52974  0.0000000000E+00  2.9915362185E+09
    53074  0.0000000000E+00  2.9930762388E+09
    53174  0.0000000000E+00  2.9954541376E+09
    53274  0.0000000000E+00  2.9936458236E+09
    53374  0.0000000000E+00  2.9931872068E+09
    53474  0.0000000000E+00  4.4869332338E+09
    53574  0.0000000000E+00  4.4816622047E+09
    53674  0.0000000000E+00  4.4825398144E+09
    53774  0.0000000000E+00  4.4858474020E+09
    53874  0.0000000000E+00  4.4817127951E+09
    53974  0.0000000000E+00  4.4758397231E+09
    54074  0.0000000000E+00  4.4802838085E+09
    54174  0.0000000000E+00  4.4900340555E+09
    54274  0.0000000000E+00  4.4945937469E+09
    54374  0.0000000000E+00  4.4931118680E+09
    54474  0.0000000000E+00  4.4836469635E+09
    54574  0.0000000000E+00  4.4826439577E+09
    54674  0.0000000000E+00  4.4750748827E+09
    54774  0.0000000000E+00  4.4755578624E+09
    54874  0.0000000000E+00  4.4702529174E+09
    54974  0.0000000000E+00  4.4677034471E+09
    55074  0.0000000000E+00  4.4731801886E+09
    55174  0.0000000000E+00  4.4838079303E+09
    55274  0.0000000000E+00  4.4909799286E+09
    55374  0.0000000000E+00  4.4959646494E+09
    55474  0.0000000000E+00  4.4912971260E+09
    55574  0.0000000000E+00  4.4964668131E+09
    55674  0.0000000000E+00  4.4954849429E+09
    55774  0.0000000000E+00  4.4978453307E+09
    55874  0.0000000000E+00  4.4993262901E+09
    55974  0.0000000000E+00  4.4940890187E+09
    56074  0.0000000000E+00  4.4873101341E+09
    56174  0.0000000000E+00  4.4914904227E+09
    56274  0.0000000000E+00  4.4953290847E+09
    56374  0.0000000000E+00  4.4919901800E+09
    56474  0.0000000000E+00  6.7343751585E+09
    56574  0.0000000000E+00  6.7326306978E+09
    56674  0.0000000000E+00  6.7311382337E+09
    56774  0.0000000000E+00  6.7341146976E+09
    56874  0.0000000000E+00  6.7159950946E+09
    56974  0.0000000000E+00  6.7006702468E+09
    57074  0.0000000000E+00  6.6926957442E+09
    57174  0.0000000000E+00  6.6932825496E+09
    57274  0.0000000000E+00  6.6795205000E+09
    57374  0.0000000000E+00  6.6844601647E+09
    57474  0.0000000000E+00  6.6856649136E+09
    57574  0.0000000000E+00  6.6883090695E+09
    57674  0.0000000000E+00  6.6967994905E+09
    57774  0.0000000000E+00  6.7128977288E+09
    57874  0.0000000000E+00  6.7106903251E+09
    57974  0.0000000000E+00  6.7047520403E+09
    58074  0.0000000000E+00  6.6989159236E+09
    58174  0.0000000000E+00  6.7034862380E+09
    58274  0.0000000000E+00  6.7103631605E+09
    58374  0.0000000000E+00  6.6966426050E+09
    58474  0.0000000000E+00  6.6959857664E+09
    58574  0.0000000000E+00  6.6852516365E+09
    58674  0.0000000000E+00  6.6749857317E+09
    58774  0.0000000000E+00  6.6755701471E+09
    58874  0.0000000000E+00  6.6859367600E+09
    58974  0.0000000000E+00  6.6926736848E+09
    59074  0.0000000000E+00  6.7009361996E+09
    59174  0.0000000000E+00  6.7122861563E+09
    59274  0.0000000000E+00  6.7264188236E+09
    59374  0.0000000000E+00  6.7364870603E+09
    59474  0.0000000000E+00  1.0099550638E+10
    59574  0.0000000000E+00  1.0071507265E+10
    59674  0.0000000000E+00  1.0075954449E+10
    59774  0.0000000000E+00  1.0086178119E+10
    59874  0.0000000000E+00  1.0093001558E+10
    59974  0.0000000000E+00  1.0086913620E+10
    60074  0.0000000000E+00  1.0088884506E+10
    60174  0.0000000000E+00  1.0102421263E+10
    60274  0.0000000000E+00  1.0114957410E+10
    60374  0.0000000000E+00  1.0118252747E+10
    60474  0.0000000000E+00  1.0131583958E+10
    60574  0.0000000000E+00  1.0130488834E+10
    60674  0.0000000000E+00  1.0140897858E+10
    60774  0.0000000000E+00  1.0146121790E+10
    60874  0.0000000000E+00  1.0136017120E+10
    60974  0.0000000000E+00  1.0130062802E+10
    61074  0.0000000000E+00  1.0131690060E+10
    61174  0.0000000000E+00  1.0131834624E+10
    61274  0.0000000000E+00  1.0131596341E+10
    61374  0.0000000000E+00  1.0141097826E+10
    61474  0.0000000000E+00  1.0126072257E+10
    61574  0.0000000000E+00  1.0126516288E+10
    61674  0.0000000000E+00  1.0131186089E+10
    61774  0.0000000000E+00  1.0130791786E+10
    61874  0.0000000000E+00  1.0125040336E+10
    61974  0.0000000000E+00  1.0096024946E+10
    62074  0.0000000000E+00  1.0076534753E+10
    62174  0.0000000000E+00  1.0064939257E+10
    62274  0.0000000000E+00  1.0060989604E+10
    62374  0.0000000000E+00  1.0075891672E+10
    62474  0.0000000000E+00  1.5114501087E+10
    62574  0.0000000000E+00  1.5108422141E+10
    62674  0.0000000000E+00  1.5104831711E+10
    62774  0.0000000000E+00  1.5084949454E+10
    62874  0.0000000000E+00  1.5059742164E+10
    62974  0.0000000000E+00  1.5086859365E+10
    63074  0.0000000000E+00  1.5088828446E+10
    63174  0.0000000000E+00  1.5104141616E+10
    63274  0.0000000000E+00  1.5104771219E+10
    63374  0.0000000000E+00  1.5130076376E+10
    63474  0.0000000000E+00  1.5149866333E+10
    63574  0.0000000000E+00  1.5147336176E+10
    63674  0.0000000000E+00  1.5177836621E+10
    63774  0.0000000000E+00  1.5218817826E+10
    63874  0.0000000000E+00  1.5222582430E+10
    63974  0.0000000000E+00  1.5199398858E+10
    64074  0.0000000000E+00  1.5193081923E+10
    64174  0.0000000000E+00  1.5211928849E+10
    64274  0.0000000000E+00  1.5256132339E+10
    64374  0.0000000000E+00  1.5245965764E+10
    64474  0.0000000000E+00  1.5203960031E+10
    64574  0.0000000000E+00  1.5166797572E+10
    64674  0.0000000000E+00  1.5154186879E+10
    64774  0.0000000000E+00  1.5154538351E+10
    64874  0.0000000000E+00  1.5165269867E+10
    64974  0.0000000000E+00  1.5149743339E+10
    65074  0.0000000000E+00  1.5127019424E+10
    65174  0.0000000000E+00  1.5146416882E+10
    65274  0.0000000000E+00  1.5146409592E+10
    65374  0.0000000000E+00  1.5139801806E+10
    65474  0.0000000000E+00  2.2742203933E+10
    65574  0.0000000000E+00  2.2755472306E+10
    65674  0.0000000000E+00  2.2741947391E+10
    65774  0.0000000000E+00  2.2704173882E+10
    65874  0.0000000000E+00  2.2707693636E+10
    65974  0.0000000000E+00  2.2699651678E+10
    66074  0.0000000000E+00  2.2682778802E+10
    66174  0.0000000000E+00  2.2682330662E+10
    66274  0.0000000000E+00  2.2695955094E+10
    66374  0.0000000000E+00  2.2732787067E+10
    66474  0.0000000000E+00  2.2728839533E+10
    66574  0.0000000000E+00  2.2694539662E+10
    66674  0.0000000000E+00  2.2724283892E+10
    66774  0.0000000000E+00  2.2692850720E+10
    66874  0.0000000000E+00  2.2701881349E+10
    66974  0.0000000000E+00  2.2696701025E+10
    67074  0.0000000000E+00  2.2738818892E+10
    67174  0.0000000000E+00  2.2774915535E+10
    67274  0.0000000000E+00  2.2761406986E+10
    67374  0.0000000000E+00  2.2747440005E+10
    67474  0.0000000000E+00  2.2750581055E+10
    67574  0.0000000000E+00  2.2799182111E+10
    67674  0.0000000000E+00  2.2788097855E+10
    67774  0.0000000000E+00  2.2776006684E+10
    67874  0.0000000000E+00  2.2787759463E+10
    67974  0.0000000000E+00  2.2823497718E+10
    68074  0.0000000000E+00  2.2848253073E+10
    68174  0.0000000000E+00  2.2860235125E+10
    68274  0.0000000000E+00  2.2846398679E+10
    68374  0.0000000000E+00  2.2862661908E+10
    68474  0.0000000000E+00  3.4260531930E+10
    68574  0.0000000000E+00  3.4238672847E+10
    68674  0.0000000000E+00  3.4214662571E+10
    68774  0.0000000000E+00  3.4188291264E+10
    68874  0.0000000000E+00  3.4229972408E+10
    68974  0.0000000000E+00  3.4218611562E+10
    69074  0.0000000000E+00  3.4198628497E+10
    69174  0.0000000000E+00  3.4215415141E+10
    69274  0.0000000000E+00  3.4198518056E+10
    69374  0.0000000000E+00  3.4206972488E+10
    69474  0.0000000000E+00  3.4185089938E+10
    69574  0.0000000000E+00  3.4158507310E+10
    69674  0.0000000000E+00  3.4116222849E+10
    69774  0.0000000000E+00  3.4126807657E+10
    69874  0.0000000000E+00  3.4106653028E+10
    69974  0.0000000000E+00  3.4068451473E+10
    70074  0.0000000000E+00  3.4090480015E+10
    70174  0.0000000000E+00  3.4070386111E+10
    70274  0.0000000000E+00  3.4089414144E+10
    70374  0.0000000000E+00  3.4045887568E+10
    70474  0.0000000000E+00  3.4061957015E+10
    70574  0.0000000000E+00  3.4071742348E+10
    70674  0.0000000000E+00  3.4078867378E+10
    70774  0.0000000000E+00  3.4043359152E+10
    70874  0.0000000000E+00  3.3969817492E+10
    70974  0.0000000000E+00  3.3979337278E+10
    71074  0.0000000000E+00  3.4051286318E+10
    71174  0.0000000000E+00  3.4147603930E+10
    71274  0.0000000000E+00  3.4173029671E+10
    71374  0.0000000000E+00  3.4160017097E+10
    71474  0.0000000000E+00  5.1231341458E+10
    71574  0.0000000000E+00  5.1271568568E+10
    71674  0.0000000000E+00  5.1196976821E+10
    71774  0.0000000000E+00  5.1102952223E+10
    71874  0.0000000000E+00  5.1147995223E+10
    71974  0.0000000000E+00  5.1201227113E+10
    72074  0.0000000000E+00  5.1114694106E+10
    72174  0.0000000000E+00  5.1064289094E+10
    72274  0.0000000000E+00  5.1027820605E+10
    72374  0.0000000000E+00  5.1040833931E+10
    72474  0.0000000000E+00  5.0979564839E+10
    72574  0.0000000000E+00  5.0968679327E+10
    72674  0.0000000000E+00  5.0929917089E+10
    72774  0.0000000000E+00  5.0921095019E+10
    72874  0.0000000000E+00  5.0928083352E+10
    72974  0.0000000000E+00  5.0854249173E+10
    73074  0.0000000000E+00  5.0881869472E+10
    73174  0.0000000000E+00  5.0842528549E+10
    73274  0.0000000000E+00  5.0690781120E+10
    73374  0.0000000000E+00  5.0747175670E+10
    73474  0.0000000000E+00  5.0735354880E+10
    73574  0.0000000000E+00  5.0698263622E+10
    73674  0.0000000000E+00  5.0745659262E+10
    73774  0.0000000000E+00  5.0768046164E+10
    73874  0.0000000000E+00  5.0751899946E+10
    73974  0.0000000000E+00  5.0682825214E+10
    74074  0.0000000000E+00  5.0766084498E+10
    74174  0.0000000000E+00  5.0936286408E+10
    74274  0.0000000000E+00  5.0901060711E+10
    74374  0.0000000000E+00  5.0904774134E+10
    74474  0.0000000000E+00  7.6382837314E+10
    74574  0.0000000000E+00  7.6398159862E+10
    74674  0.0000000000E+00  7.6466094850E+10
    74774  0.0000000000E+00  7.6449470541E+10
    74874  0.0000000000E+00  7.6423935492E+10
    74974  0.0000000000E+00  7.6512659030E+10
    75074  0.0000000000E+00  7.6532485869E+10
    75174  0.0000000000E+00  7.6435883699E+10
    75274  0.0000000000E+00  7.6387231065E+10
    75374  0.0000000000E+00  7.6276156758E+10
    75474  0.0000000000E+00  7.6143216530E+10
    75574  0.0000000000E+00  7.6178940767E+10
    75674  0.0000000000E+00  7.6272718937E+10
    75774  0.0000000000E+00  7.6483697370E+10
    75874  0.0000000000E+00  7.6716845801E+10
    75974  0.0000000000E+00  7.6867770826E+10
    76074  0.0000000000E+00  7.6783408664E+10
    76174  0.0000000000E+00  7.6649850028E+10
    76274  0.0000000000E+00  7.6637740345E+10
    76374  0.0000000000E+00  7.6742329983E+10
    76474  0.0000000000E+00  7.6764688133E+10
    76574  0.0000000000E+00  7.6864469437E+10
    76674  0.0000000000E+00  7.6962903451E+10
    76774  0.0000000000E+00  7.7031119179E+10
    76874  0.0000000000E+00  7.7128383142E+10
    76974  0.0000000000E+00  7.7122945353E+10
    77074  0.0000000000E+00  7.7076263840E+10
    77174  0.0000000000E+00  7.6956929186E+10
    77274  0.0000000000E+00  7.6879031624E+10
    77374  0.0000000000E+00  7.6717487997E+10
    77474  0.0000000000E+00  1.1499889411E+11
    77574  0.0000000000E+00  1.1502292660E+11
    77674  0.0000000000E+00  1.1479061128E+11
    77774  0.0000000000E+00  1.1471442206E+11
    77874  0.0000000000E+00  1.1481839591E+11
    77974  0.0000000000E+00  1.1496707012E+11
    78074  0.0000000000E+00  1.1520725430E+11
    78174  0.0000000000E+00  1.1512420488E+11
    78274  0.0000000000E+00  1.1528933149E+11
    78374  0.0000000000E+00  1.1532967436E+11
    78474  0.0000000000E+00  1.1517025386E+11
    78574  0.0000000000E+00  1.1511582641E+11
    78674  0.0000000000E+00  1.1507714457E+11
    78774  0.0000000000E+00  1.1495921161E+11
    78874  0.0000000000E+00  1.1488590505E+11
    78974  0.0000000000E+00  1.1498427138E+11
    79074  0.0000000000E+00  1.1512626812E+11
    79174  0.0000000000E+00  1.1519473197E+11
    79274  0.0000000000E+00  1.1531000711E+11
    79374  0.0000000000E+00  1.1526669902E+11
    79474  0.0000000000E+00  1.1526160817E+11
    79574  0.0000000000E+00  1.1518313819E+11
    79674  0.0000000000E+00  1.1495306215E+11
    79774  0.0000000000E+00  1.1506764259E+11
    79874  0.0000000000E+00  1.1505769356E+11
    79974  0.0000000000E+00  1.1493220235E+11
    80074  0.0000000000E+00  1.1488323033E+11
    80174  0.0000000000E+00  1.1510784652E+11
    80274  0.0000000000E+00  1.1526463824E+11
    80374  0.0000000000E+00  1.1516493121E+11
    80474  0.0000000000E+00  1.7270307604E+11
    80574  0.0000000000E+00  1.7317828804E+11
    80674  0.0000000000E+00  1.7316165494E+11
    80774  0.0000000000E+00  1.7299609840E+11
    80874  0.0000000000E+00  1.7296708134E+11
    80974  0.0000000000E+00  1.7280290012E+11
    81074  0.0000000000E+00  1.7274106747E+11
    81174  0.0000000000E+00  1.7261011596E+11
    81274  0.0000000000E+00  1.7249332056E+11
    81374  0.0000000000E+00  1.7252665493E+11
    81474  0.0000000000E+00  1.7265979275E+11
    81574  0.0000000000E+00  1.7254573423E+11
    81674  0.0000000000E+00  1.7271594123E+11
    81774  0.0000000000E+00  1.7251246140E+11
    81874  0.0000000000E+00  1.7219293890E+11
    81974  0.0000000000E+00  1.7200898039E+11
    82074  0.0000000000E+00  1.7211646174E+11
    82174  0.0000000000E+00  1.7224203879E+11
    82274  0.0000000000E+00  1.7253007096E+11
    82374  0.0000000000E+00  1.7242936960E+11
    82474  0.0000000000E+00  1.7193441288E+11
    82574  0.0000000000E+00  1.7191366815E+11
    82674  0.0000000000E+00  1.7203315560E+11
    82774  0.0000000000E+00  1.7219365859E+11
    82874  0.0000000000E+00  1.7271075877E+11
    82974  0.0000000000E+00  1.7271408528E+11
    83074  0.0000000000E+00  1.7283552044E+11
    83174  0.0000000000E+00  1.7300828417E+11
    83274  0.0000000000E+00  1.7312892767E+11
    83374  0.0000000000E+00  1.7289253356E+11
    83474  0.0000000000E+00  2.5934166760E+11
    83574  0.0000000000E+00  2.5938331148E+11
    83674  0.0000000000E+00  2.5903851854E+11
    83774  0.0000000000E+00  2.5897090002E+11
    83874  0.0000000000E+00  2.5916604307E+11
    83974  0.0000000000E+00  2.5904809494E+11
    84074  0.0000000000E+00  2.5909435487E+11
    84174  0.0000000000E+00  2.5936353020E+11
    84274  0.0000000000E+00  2.5904956160E+11
    84374  0.0000000000E+00  2.5904822073E+11
    84474  0.0000000000E+00  2.5917758957E+11
    84574  0.0000000000E+00  2.5936532610E+11
    84674  0.0000000000E+00  2.5916582431E+11
    84774  0.0000000000E+00  2.5933388690E+11
    84874  0.0000000000E+00  2.5961263411E+11
    84974  0.0000000000E+00  2.5962266861E+11
    85074  0.0000000000E+00  2.5955231469E+11
    85174  0.0000000000E+00  2.5939241211E+11
    85274  0.0000000000E+00  2.5928504287E+11
    85374  0.0000000000E+00  2.5919579680E+11
    85474  0.0000000000E+00  2.5938057397E+11
    85574  0.0000000000E+00  2.5934773143E+11
    85674  0.0000000000E+00  2.5913221051E+11
    85774  0.0000000000E+00  2.5818451668E+11
    85874  0.0000000000E+00  2.5815488751E+11
    85974  0.0000000000E+00  2.5807891626E+11
    86074  0.0000000000E+00  2.5811238141E+11
    86174  0.0000000000E+00  2.5863001075E+11
    86274  0.0000000000E+00  2.5881308211E+11
    86374  0.0000000000E+00  2.5862517208E+11
    86474  0.0000000000E+00  3.8850494133E+11
    86574  0.0000000000E+00  3.8915627690E+11
    86674  0.0000000000E+00  3.9002654217E+11
    86774  0.0000000000E+00  3.9045811398E+11
    86874  0.0000000000E+00  3.9033409242E+11
    86974  0.0000000000E+00  3.8998002524E+11
    87074  0.0000000000E+00  3.9003523882E+11
    87174  0.0000000000E+00  3.8985427304E+11
    87274  0.0000000000E+00  3.8933729918E+11
    87374  0.0000000000E+00  3.8915559801E+11
    87474  0.0000000000E+00  3.8926898721E+11
    87574  0.0000000000E+00  3.8942524159E+11
    87674  0.0000000000E+00  3.8884316534E+11
    87774  0.0000000000E+00  3.8776722186E+11
    87874  0.0000000000E+00  3.8669209889E+11
    87974  0.0000000000E+00  3.8628710036E+11
    88074  0.0000000000E+00  3.8658323816E+11
    88174  0.0000000000E+00  3.8726341796E+11
    88274  0.0000000000E+00  3.8740572944E+11
    88374  0.0000000000E+00  3.8725917006E+11
    88474  0.0000000000E+00  3.8690206491E+11
    88574  0.0000000000E+00  3.8749398475E+11
    88674  0.0000000000E+00  3.8806415542E+11
    88774  0.0000000000E+00  3.8800586692E+11
    88874  0.0000000000E+00  3.8757755101E+11
    88974  0.0000000000E+00  3.8757828784E+11
    89074  0.0000000000E+00  3.8710770001E+11
    89174  0.0000000000E+00  3.8746010206E+11
    89274  0.0000000000E+00  3.8751741488E+11
    89374  0.0000000000E+00  3.8788102045E+11
    89474  0.0000000000E+00  5.8110324999E+11
    89574  0.0000000000E+00  5.8039028305E+11
    89674  0.0000000000E+00  5.8074747795E+11
    89774  0.0000000000E+00  5.8059437244E+11
    89874  0.0000000000E+00  5.8043527533E+11
    89974  0.0000000000E+00  5.7972100634E+11
    90074  0.0000000000E+00  5.7939884039E+11
    90174  0.0000000000E+00  5.7995076122E+11
    90274  0.0000000000E+00  5.8065331714E+11
    90374  0.0000000000E+00  5.8218710680E+11
    90474  0.0000000000E+00  5.8273537206E+11
    90574  0.0000000000E+00  5.8275351846E+11
    90674  0.0000000000E+00  5.8298673417E+11
    90774  0.0000000000E+00  5.8361162967E+11
    90874  0.0000000000E+00  5.8381081757E+11
    90974  0.0000000000E+00  5.8497791886E+11
    91074  0.0000000000E+00  5.8614104984E+11
    91174  0.0000000000E+00  5.8711462699E+11
    91274  0.0000000000E+00  5.8701451191E+11
    91374  0.0000000000E+00  5.8722793594E+11
    91474  0.0000000000E+00  5.8662397070E+11
    91574  0.0000000000E+00  5.8579179093E+11
    91674  0.0000000000E+00  5.8579209076E+11
    91774  0.0000000000E+00  5.8562747358E+11
    91874  0.0000000000E+00  5.8458912455E+11
    91974  0.0000000000E+00  5.8506144156E+11
    92074  0.0000000000E+00  5.8459377738E+11
    92174  0.0000000000E+00  5.8398550718E+11
    92274  0.0000000000E+00  5.8329140019E+11
    92374  0.0000000000E+00  5.8278385367E+11
    92474  0.0000000000E+00  8.7313980526E+11
    92574  0.0000000000E+00  8.7393415747E+11
    92674  0.0000000000E+00  8.7438266963E+11
    92774  0.0000000000E+00  8.7497423141E+11
    92874  0.0000000000E+00  8.7650225098E+11
    92974  0.0000000000E+00  8.7664737233E+11
    93074  0.0000000000E+00  8.7552890661E+11
    93174  0.0000000000E+00  8.7369957267E+11
    93274  0.0000000000E+00  8.7405022614E+11
    93374  0.0000000000E+00  8.7640578554E+11
    93474  0.0000000000E+00  8.7783101412E+11
    93574  0.0000000000E+00  8.7663254697E+11
    93674  0.0000000000E+00  8.7648760397E+11
    93774  0.0000000000E+00  8.7661592996E+11
    93874  0.0000000000E+00  8.7479937029E+11
    93974  0.0000000000E+00  8.7345772213E+11
    94074  0.0000000000E+00  8.7353252047E+11
    94174  0.0000000000E+00  8.7347409025E+11
    94274  0.0000000000E+00  8.7292876258E+11
    94374  0.0000000000E+00  8.7352835911E+11
    94474  0.0000000000E+00  8.7315959811E+11
    94574  0.0000000000E+00  8.7102715916E+11
    94674  0.0000000000E+00  8.7011471442E+11
    94774  0.0000000000E+00  8.6889726258E+11
    94874  0.0000000000E+00  8.6864719888E+11
    94974  0.0000000000E+00  8.7036912831E+11
    95074  0.0000000000E+00  8.7169381719E+11
    95174  0.0000000000E+00  8.7251751032E+11
    95274  0.0000000000E+00  8.7166945781E+11
    95374  0.0000000000E+00  8.7046059165E+11
    95474  0.0000000000E+00  1.3032781644E+12
    95574  0.0000000000E+00  1.3013269513E+12
    95674  0.0000000000E+00  1.3020440292E+12
    95774  0.0000000000E+00  1.3058148370E+12
    95874  0.0000000000E+00  1.3093430378E+12
    95974  0.0000000000E+00  1.3091494341E+12
    96074  0.0000000000E+00  1.3110131702E+12
    96174  0.0000000000E+00  1.3100045615E+12
    96274  0.0000000000E+00  1.3112249047E+12
    96374  0.0000000000E+00  1.3125230692E+12
    96474  0.0000000000E+00  1.3118145118E+12
    96574  0.0000000000E+00  1.3099083356E+12
    96674  0.0000000000E+00  1.3100001594E+12
    96774  0.0000000000E+00  1.3094002823E+12
    96874  0.0000000000E+00  1.3113233846E+12
    96974  0.0000000000E+00  1.3115408836E+12
    97074  0.0000000000E+00  1.3109213323E+12
    97174  0.0000000000E+00  1.3111055258E+12
    97274  0.0000000000E+00  1.3094959582E+12
    97374  0.0000000000E+00  1.3101209279E+12
    97474  0.0000000000E+00  1.3094942736E+12
    97574  0.0000000000E+00  1.3075483633E+12
    97674  0.0000000000E+00  1.3100216803E+12
    97774  0.0000000000E+00  1.3118849306E+12
    97874  0.0000000000E+00  1.3102628949E+12
    97974  0.0000000000E+00  1.3081410725E+12
    98074  0.0000000000E+00  1.3069466843E+12
    98174  0.0000000000E+00  1.3072070705E+12
    98274  0.0000000000E+00  1.3057487061E+12
    98374  0.0000000000E+00  1.3058616537E+12
    98474  0.0000000000E+00  1.9612133150E+12
    98574  0.0000000000E+00  1.9645515356E+12
    98674  0.0000000000E+00  1.9671880872E+12
    98774  0.0000000000E+00  1.9657670506E+12
    98874  0.0000000000E+00  1.9652733876E+12
    98974  0.0000000000E+00  1.9684329584E+12
    99074  0.0000000000E+00  1.9681897033E+12
    99174  0.0000000000E+00  1.9657766472E+12
    99274  0.0000000000E+00  1.9667143378E+12
    99374  0.0000000000E+00  1.9671431661E+12
    99474  0.0000000000E+00  1.9636955464E+12
    99574  0.0000000000E+00  1.9619961955E+12
    99674  0.0000000000E+00  1.9619135995E+12
    99774  0.0000000000E+00  1.9599370469E+12
    99874  0.0000000000E+00  1.9614199822E+12
    99974  0.0000000000E+00  1.9664377688E+12
   100074  0.0000000000E+00  1.9657645861E+12
   100174  0.0000000000E+00  1.9672044179E+12
   100274  0.0000000000E+00  1.9697775831E+12
   100374  0.0000000000E+00  1.9717151908E+12
   100474  0.0000000000E+00  1.9718600031E+12
   100574  0.0000000000E+00  1.9734381772E+12
   100674  0.0000000000E+00  1.9712405963E+12
   100774  0.0000000000E+00  1.9694179708E+12
   100874  0.0000000000E+00  1.9678714507E+12
   100974  0.0000000000E+00  1.9687423957E+12
   101074  0.0000000000E+00  1.9687919830E+12
   101174  0.0000000000E+00  1.9659474188E+12
   101274  0.0000000000E+00  1.9610549615E+12
   101374  0.0000000000E+00  1.9605977543E+12
   101474  0.0000000000E+00  2.9408765730E+12
   101574  0.0000000000E+00  2.9431999158E+12
   101674  0.0000000000E+00  2.9433929420E+12
   101774  0.0000000000E+00  2.9446762278E+12
   101874  0.0000000000E+00  2.9456967532E+12
   101974  0.0000000000E+00  2.9466175551E+12
   102074  0.0000000000E+00  2.9467040347E+12
   102174  0.0000000000E+00  2.9484987326E+12
   102274  0.0000000000E+00  2.9498746909E+12
   102374  0.0000000000E+00  2.9437912661E+12
   102474  0.0000000000E+00  2.9448984592E+12
   102574  0.0000000000E+00  2.9458063869E+12
   102674  0.0000000000E+00  2.9517382287E+12
   102774  0.0000000000E+00  2.9572119206E+12
   102874  0.0000000000E+00  2.9574632946E+12
   102974  0.0000000000E+00  2.9536264336E+12
   103074  0.0000000000E+00  2.9520994492E+12
   103174  0.0000000000E+00  2.9521310779E+12
   103274  0.0000000000E+00  2.9529849039E+12
   103374  0.0000000000E+00  2.9532739625E+12
   103474  0.0000000000E+00  2.9549667345E+12
   103574  0.0000000000E+00  2.9584079979E+12
   103674  0.0000000000E+00  2.9588327037E+12
   103774  0.0000000000E+00  2.9537729410E+12
   103874  0.0000000000E+00  2.9467562123E+12
   103974  0.0000000000E+00  2.9507389349E+12
   104074  0.0000000000E+00  2.9503015177E+12
   104174  0.0000000000E+00  2.9466763769E+12
   104274  0.0000000000E+00  2.9501860019E+12
   104374  0.0000000000E+00  2.9513449600E+12
   104474  0.0000000000E+00  4.4217958681E+12
   104574  0.0000000000E+00  4.4218788435E+12
   104674  0.0000000000E+00  4.4189510929E+12
   104774  0.0000000000E+00  4.4103782905E+12
   104874  0.0000000000E+00  4.4090070879E+12
   104974  0.0000000000E+00  4.4108819488E+12
   105074  0.0000000000E+00  4.4209371487E+12
   105174  0.0000000000E+00  4.4194815534E+12
   105274  0.0000000000E+00  4.4188023415E+12
   105374  0.0000000000E+00  4.4146753001E+12
   105474  0.0000000000E+00  4.4154957391E+12
   105574  0.0000000000E+00  4.4234451084E+12
   105674  0.0000000000E+00  4.4257229925E+12
   105774  0.0000000000E+00  4.4243162511E+12
   105874  0.0000000000E+00  4.4222041767E+12
   105974  0.0000000000E+00  4.4223493458E+12
   106074  0.0000000000E+00  4.4203403315E+12
   106174  0.0000000000E+00  4.4106274837E+12
   106274  0.0000000000E+00  4.4188449574E+12
   106374  0.0000000000E+00  4.4299664397E+12
   106474  0.0000000000E+00  4.4336984092E+12
   106574  0.0000000000E+00  4.4378790394E+12
   106674  0.0000000000E+00  4.4337869853E+12
   106774  0.0000000000E+00  4.4327848305E+12
   106874  0.0000000000E+00  4.4329574704E+12
   106974  0.0000000000E+00  4.4447363244E+12
   107074  0.0000000000E+00  4.4463960030E+12
   107174  0.0000000000E+00  4.4437347031E+12
   107274  0.0000000000E+00  4.4446161647E+12
   107374  0.0000000000E+00  4.4484441303E+12
   107474  0.0000000000E+00  6.6767405126E+12
   107574  0.0000000000E+00  6.6821692404E+12
   107674  0.0000000000E+00  6.6635791963E+12
   107774  0.0000000000E+00  6.6613331633E+12
   107874  0.0000000000E+00  6.6601316234E+12
   107974  0.0000000000E+00  6.6504310817E+12
   108074  0.0000000000E+00  6.6505924626E+12
   108174  0.0000000000E+00  6.6477111143E+12
   108274  0.0000000000E+00  6.6521353619E+12
   108374  0.0000000000E+00  6.6419465428E+12
   108474  0.0000000000E+00  6.6568863948E+12
   108574  0.0000000000E+00  6.6549394200E+12
   108674  0.0000000000E+00  6.6577081330E+12
   108774  0.0000000000E+00  6.6649248956E+12
   108874  0.0000000000E+00  6.6629249348E+12
   108974  0.0000000000E+00  6.6614851405E+12
   109074  0.0000000000E+00  6.6673961571E+12
   109174  0.0000000000E+00  6.6614993653E+12
   109274  0.0000000000E+00  6.6553238143E+12
   109374  0.0000000000E+00  6.6477932279E+12
   109474  0.0000000000E+00  6.6563689029E+12
   109574  0.0000000000E+00  6.6449032705E+12
   109674  0.0000000000E+00  6.6511072525E+12
   109774  0.0000000000E+00  6.6537273159E+12
   109874  0.0000000000E+00  6.6607375314E+12
   109974  0.0000000000E+00  6.6724929587E+12
   110074  0.0000000000E+00  6.6657010487E+12
   110174  0.0000000000E+00  6.6596566820E+12
   110274  0.0000000000E+00  6.6567023492E+12
   110374  0.0000000000E+00  6.6454271646E+12
   110474  0.0000000000E+00  9.9557316136E+12
   110574  0.0000000000E+00  9.9469394682E+12
   110674  0.0000000000E+00  9.9393444566E+12
   110774  0.0000000000E+00  9.9507551009E+12
   110874  0.0000000000E+00  9.9702957517E+12
   110974  0.0000000000E+00  9.9528895547E+12
   111074  0.0000000000E+00  9.9491663431E+12
   111174  0.0000000000E+00  9.9429536824E+12
   111274  0.0000000000E+00  9.9513429776E+12
   111374  0.0000000000E+00  9.9536292300E+12
   111474  0.0000000000E+00  9.9677742154E+12
   111574  0.0000000000E+00  9.9782535112E+12
   111674  0.0000000000E+00  9.9743386161E+12
   111774  0.0000000000E+00  9.9733523860E+12
   111874  0.0000000000E+00  9.9587724921E+12
   111974  0.0000000000E+00  9.9637050844E+12
   112074  0.0000000000E+00  9.9584407209E+12
   112174  0.0000000000E+00  9.9658642437E+12
   112274  0.0000000000E+00  9.9502279699E+12
   112374  0.0000000000E+00  9.9585968193E+12
   112474  0.0000000000E+00  9.9551500919E+12
   112574  0.0000000000E+00  9.9612566239E+12
   112674  0.0000000000E+00  9.9636959882E+12
   112774  0.0000000000E+00  9.9724784791E+12
   112874  0.0000000000E+00  9.9665490120E+12
   112974  0.0000000000E+00  9.9673790831E+12
   113074  0.0000000000E+00  9.9565747034E+12
   113174  0.0000000000E+00  9.9639460178E+12
   113274  0.0000000000E+00  9.9842356714E+12
   113374  0.0000000000E+00  9.9777139797E+12
   113474  0.0000000000E+00  1.4959840059E+13
   113574  0.0000000000E+00  1.4966616357E+13
   113674  0.0000000000E+00  1.4981341926E+13
   113774  0.0000000000E+00  1.4987759192E+13
   113874  0.0000000000E+00  1.4998957962E+13
   113974  0.0000000000E+00  1.5032856887E+13
   114074  0.0000000000E+00  1.5018510425E+13
   114174  0.0000000000E+00  1.5030293229E+13
   114274  0.0000000000E+00  1.5049411356E+13
   114374  0.0000000000E+00  1.5045519280E+13
   114474  0.0000000000E+00  1.5032925958E+13
   114574  0.0000000000E+00  1.5024169447E+13
   114674  0.0000000000E+00  1.5029115461E+13
   114774  0.0000000000E+00  1.5027706332E+13
   114874  0.0000000000E+00  1.5047740543E+13
   114974  0.0000000000E+00  1.5024473476E+13
   115074  0.0000000000E+00  1.5003309880E+13
   115174  0.0000000000E+00  1.4977443317E+13
   115274  0.0000000000E+00  1.4966445587E+13
   115374  0.0000000000E+00  1.4966763047E+13
   115474  0.0000000000E+00  1.4954144884E+13
   115574  0.0000000000E+00  1.4900252170E+13
   115674  0.0000000000E+00  1.4881438887E+13
   115774  0.0000000000E+00  1.4879858154E+13
   115874  0.0000000000E+00  1.4868432938E+13
   115974  0.0000000000E+00  1.4865936018E+13
   116074  0.0000000000E+00  1.4917302543E+13
   116174  0.0000000000E+00  1.4932545625E+13
   116274  0.0000000000E+00  1.4924471448E+13
   116374  0.0000000000E+00  1.4941256190E+13
   116474  0.0000000000E+00  2.2426235806E+13
   116574  0.0000000000E+00  2.2456061490E+13
   116674  0.0000000000E+00  2.2444284345E+13
   116774  0.0000000000E+00  2.2456416664E+13
   116874  0.0000000000E+00  2.2467913091E+13
   116974  0.0000000000E+00  2.2503670624E+13
   117074  0.0000000000E+00  2.2504167041E+13
   117174  0.0000000000E+00  2.2509079919E+13
   117274  0.0000000000E+00  2.2507487467E+13
   117374  0.0000000000E+00  2.2434310958E+13
   117474  0.0000000000E+00  2.2395304140E+13
   117574  0.0000000000E+00  2.2409044894E+13
   117674  0.0000000000E+00  2.2395674549E+13
   117774  0.0000000000E+00  2.2367941281E+13
   117874  0.0000000000E+00  2.2334665696E+13
   117974  0.0000000000E+00  2.2304108716E+13
   118074  0.0000000000E+00  2.2323972356E+13
   118174  0.0000000000E+00  2.2362088473E+13
   118274  0.0000000000E+00  2.2379675601E+13
   118374  0.0000000000E+00  2.2367660979E+13
   118474  0.0000000000E+00  2.2354983882E+13
   118574  0.0000000000E+00  2.2330315840E+13
   118674  0.0000000000E+00  2.2301294846E+13
   118774  0.0000000000E+00  2.2280510295E+13
   118874  0.0000000000E+00  2.2313433718E+13
   118974  0.0000000000E+00  2.2359909698E+13
   119074  0.0000000000E+00  2.2358269871E+13
   119174  0.0000000000E+00  2.2382981777E+13
   119274  0.0000000000E+00  2.2377395492E+13
   119374  0.0000000000E+00  2.2398909683E+13
   119474  0.0000000000E+00  3.3630233067E+13
   119574  0.0000000000E+00  3.3680886624E+13
   119674  0.0000000000E+00  3.3710557681E+13
   119774  0.0000000000E+00  3.3713021092E+13
   119874  0.0000000000E+00  3.3667489388E+13
   119974  0.0000000000E+00  3.3683582980E+13
   120074  0.0000000000E+00  3.3663417780E+13
   120174  0.0000000000E+00  3.3687314249E+13
   120274  0.0000000000E+00  3.3687267697E+13
   120374  0.0000000000E+00  3.3610761883E+13
   120474  0.0000000000E+00  3.3667852354E+13
   120574  0.0000000000E+00  3.3665255810E+13
   120674  0.0000000000E+00  3.3699359733E+13
   120774  0.0000000000E+00  3.3713410250E+13
   120874  0.0000000000E+00  3.3696284412E+13
   120974  0.0000000000E+00  3.3722073887E+13
   121074  0.0000000000E+00  3.3728044381E+13
   121174  0.0000000000E+00  3.3751299095E+13
   121274  0.0000000000E+00  3.3684165425E+13
   121374  0.0000000000E+00  3.3674153987E+13
   121474  0.0000000000E+00  3.3648785974E+13
   121574  0.0000000000E+00  3.3720478095E+13
   121674  0.0000000000E+00  3.3758004446E+13
   121774  0.0000000000E+00  3.3773806009E+13
   121874  0.0000000000E+00  3.3772795550E+13
   121974  0.0000000000E+00  3.3774883268E+13
   122074  0.0000000000E+00  3.3768586278E+13
   122174  0.0000000000E+00  3.3766754739E+13
   122274  0.0000000000E+00  3.3786629299E+13
   122374  0.0000000000E+00  3.3786362044E+13
   122474  0.0000000000E+00  5.0650633893E+13
   122574  0.0000000000E+00  5.0633894032E+13
   122674  0.0000000000E+00  5.0608384564E+13
   122774  0.0000000000E+00  5.0532040655E+13
   122874  0.0000000000E+00  5.0458383975E+13
   122974  0.0000000000E+00  5.0551922984E+13
   123074  0.0000000000E+00  5.0539261885E+13
   123174  0.0000000000E+00  5.0543716877E+13
   123274  0.0000000000E+00  5.0576550035E+13
   123374  0.0000000000E+00  5.0512779677E+13
   123474  0.0000000000E+00  5.0435772431E+13
   123574  0.0000000000E+00  5.0482928882E+13
   123674  0.0000000000E+00  5.0400169080E+13
   123774  0.0000000000E+00  5.0261765870E+13
   123874  0.0000000000E+00  5.0259798521E+13
   123974  0.0000000000E+00  5.0296327534E+13
   124074  0.0000000000E+00  5.0344449178E+13
   124174  0.0000000000E+00  5.0298425550E+13
   124274  0.0000000000E+00  5.0286575454E+13
   124374  0.0000000000E+00  5.0213006101E+13
   124474  0.0000000000E+00  5.0228120387E+13
   124574  0.0000000000E+00  5.0310811991E+13
   124674  0.0000000000E+00  5.0409709845E+13
   124774  0.0000000000E+00  5.0479245664E+13
   124874  0.0000000000E+00  5.0430982683E+13
   124974  0.0000000000E+00  5.0350381026E+13
   125074  0.0000000000E+00  5.0398032749E+13
   125174  0.0000000000E+00  5.0408483686E+13
   125274  0.0000000000E+00  5.0350347974E+13
   125374  0.0000000000E+00  5.0326994035E+13
   125474  0.0000000000E+00  7.5508708242E+13
   125574  0.0000000000E+00  7.5624728968E+13
   125674  0.0000000000E+00  7.5543770566E+13
   125774  0.0000000000E+00  7.5440511225E+13
   125874  0.0000000000E+00  7.5260786893E+13
   125974  0.0000000000E+00  7.5320351499E+13
   126074  0.0000000000E+00  7.5384533036E+13
   126174  0.0000000000E+00  7.5319762726E+13
   126274  0.0000000000E+00  7.5439155742E+13
   126374  0.0000000000E+00  7.5336086353E+13
   126474  0.0000000000E+00  7.5262683190E+13
   126574  0.0000000000E+00  7.5331347772E+13
   126674  0.0000000000E+00  7.5368215652E+13
   126774  0.0000000000E+00  7.5336159344E+13
   126874  0.0000000000E+00  7.5446827570E+13
   126974  0.0000000000E+00  7.5582239613E+13
   127074  0.0000000000E+00  7.5572881678E+13
   127174  0.0000000000E+00  7.5656595913E+13
   127274  0.0000000000E+00  7.5694451471E+13
   127374  0.0000000000E+00  7.5710958426E+13
   127474  0.0000000000E+00  7.5558334646E+13
   127574  0.0000000000E+00  7.5438894336E+13
   127674  0.0000000000E+00  7.5388825093E+13
   127774  0.0000000000E+00  7.5332611336E+13
   127874  0.0000000000E+00  7.5396950076E+13
   127974  0.0000000000E+00  7.5378065714E+13
   128074  0.0000000000E+00  7.5316623710E+13
   128174  0.0000000000E+00  7.5386288569E+13
   128274  0.0000000000E+00  7.5579217245E+13
   128374  0.0000000000E+00  7.5623640891E+13
   128474  0.0000000000E+00  1.1330068931E+14
   128574  0.0000000000E+00  1.1330182024E+14
   128674  0.0000000000E+00  1.1311430962E+14
   128774  0.0000000000E+00  1.1311544269E+14
   128874  0.0000000000E+00  1.1331467397E+14
   128974  0.0000000000E+00  1.1333805684E+14
   129074  0.0000000000E+00  1.1322952737E+14
   129174  0.0000000000E+00  1.1314050949E+14
   129274  0.0000000000E+00  1.1313973716E+14
   129374  0.0000000000E+00  1.1312675938E+14
   129474  0.0000000000E+00  1.1322471484E+14
   129574  0.0000000000E+00  1.1330692205E+14
   129674  0.0000000000E+00  1.1327640904E+14
   129774  0.0000000000E+00  1.1344831579E+14
   129874  0.0000000000E+00  1.1333454715E+14
   129974  0.0000000000E+00  1.1331815244E+14
   130074  0.0000000000E+00  1.1348203815E+14
   130174  0.0000000000E+00  1.1356169052E+14
   130274  0.0000000000E+00  1.1378391387E+14
   130374  0.0000000000E+00  1.1380636913E+14
   130474  0.0000000000E+00  1.1372469289E+14
   130574  0.0000000000E+00  1.1352248948E+14
   130674  0.0000000000E+00  1.1343429504E+14
   130774  0.0000000000E+00  1.1334477596E+14
   130874  0.0000000000E+00  1.1341590919E+14
   130974  0.0000000000E+00  1.1348476236E+14
   131074  0.0000000000E+00  1.1375331105E+14
   131174  0.0000000000E+00  1.1392457948E+14
   131274  0.0000000000E+00  1.1399040553E+14
   131374  0.0000000000E+00  1.1394300523E+14
   131474  0.0000000000E+00  1.7067664276E+14
   131574  0.0000000000E+00  1.7045038460E+14
   131674  0.0000000000E+00  1.7059556050E+14
   131774  0.0000000000E+00  1.7052265424E+14
   131874  0.0000000000E+00  1.7044577210E+14
   131974  0.0000000000E+00  1.7059993703E+14
   132074  0.0000000000E+00  1.7034641386E+14
   132174  0.0000000000E+00  1.7072600477E+14
   132274  0.0000000000E+00  1.7106749811E+14
   132374  0.0000000000E+00  1.7138954167E+14
   132474  0.0000000000E+00  1.7119243126E+14
   132574  0.0000000000E+00  1.7105204658E+14
   132674  0.0000000000E+00  1.7133523168E+14
   132774  0.0000000000E+00  1.7143410667E+14
   132874  0.0000000000E+00  1.7110434446E+14
   132974  0.0000000000E+00  1.7131655320E+14
   133074  0.0000000000E+00  1.7130182530E+14
   133174  0.0000000000E+00  1.7104403613E+14
   133274  0.0000000000E+00  1.7090206775E+14
   133374  0.0000000000E+00  1.7071418291E+14
   133474  0.0000000000E+00  1.7068908663E+14
   133574  0.0000000000E+00  1.7063178849E+14
   133674  0.0000000000E+00  1.7061909257E+14
   133774  0.0000000000E+00  1.7040993433E+14
   133874  0.0000000000E+00  1.7027575738E+14
   133974  0.0000000000E+00  1.7046841407E+14
   134074  0.0000000000E+00  1.7059821927E+14
   134174  0.0000000000E+00  1.7040491317E+14
   134274  0.0000000000E+00  1.7045549124E+14
   134374  0.0000000000E+00  1.7072020710E+14
   134474  0.0000000000E+00  2.5604460915E+14
   134574  0.0000000000E+00  2.5577923492E+14
   134674  0.0000000000E+00  2.5579178321E+14
   134774  0.0000000000E+00  2.5617081532E+14
   134874  0.0000000000E+00  2.5595661461E+14
   134974  0.0000000000E+00  2.5607256963E+14
   135074  0.0000000000E+00  2.5626502829E+14
   135174  0.0000000000E+00  2.5581676563E+14
   135274  0.0000000000E+00  2.5543328832E+14
   135374  0.0000000000E+00  2.5554411997E+14
   135474  0.0000000000E+00  2.5548801018E+14
   135574  0.0000000000E+00  2.5544931452E+14
   135674  0.0000000000E+00  2.5576455044E+14
   135774  0.0000000000E+00  2.5581462647E+14
   135874  0.0000000000E+00  2.5587660676E+14
   135974  0.0000000000E+00  2.5623630427E+14
   136074  0.0000000000E+00  2.5645660475E+14
   136174  0.0000000000E+00  2.5618050600E+14
   136274  0.0000000000E+00  2.5594553324E+14
   136374  0.0000000000E+00  2.5577815176E+14
   136474  0.0000000000E+00  2.5604062898E+14
   136574  0.0000000000E+00  2.5651386121E+14
   136674  0.0000000000E+00  2.5657621751E+14
   136774  0.0000000000E+00  2.5681575669E+14
   136874  0.0000000000E+00  2.5685124542E+14
   136974  0.0000000000E+00  2.5681186189E+14
   137074  0.0000000000E+00  2.5653182521E+14
   137174  0.0000000000E+00  2.5615099516E+14
   137274  0.0000000000E+00  2.5558207221E+14
   137374  0.0000000000E+00  2.5526363995E+14
   137474  0.0000000000E+00  3.8273955351E+14
   137574  0.0000000000E+00  3.8338504407E+14
   137674  0.0000000000E+00  3.8354587422E+14
   137774  0.0000000000E+00  3.8393921113E+14
   137874  0.0000000000E+00  3.8372983259E+14
   137974  0.0000000000E+00  3.8338028397E+14
   138074  0.0000000000E+00  3.8353390321E+14
   138174  0.0000000000E+00  3.8324005411E+14
   138274  0.0000000000E+00  3.8398336232E+14
   138374  0.0000000000E+00  3.8415766341E+14
   138474  0.0000000000E+00  3.8402001881E+14
   138574  0.0000000000E+00  3.8372687327E+14
   138674  0.0000000000E+00  3.8295617049E+14
   138774  0.0000000000E+00  3.8265798557E+14
   138874  0.0000000000E+00  3.8246009873E+14
   138974  0.0000000000E+00  3.8289478335E+14
   139074  0.0000000000E+00  3.8330413885E+14
   139174  0.0000000000E+00  3.8327660977E+14
   139274  0.0000000000E+00  3.8370162308E+14
   139374  0.0000000000E+00  3.8390497537E+14
   139474  0.0000000000E+00  3.8393567122E+14
   139574  0.0000000000E+00  3.8366380241E+14
   139674  0.0000000000E+00  3.8397183823E+14
   139774  0.0000000000E+00  3.8399671312E+14
   139874  0.0000000000E+00  3.8415206937E+14
   139974  0.0000000000E+00  3.8436550747E+14
   140074  0.0000000000E+00  3.8405897909E+14
   140174  0.0000000000E+00  3.8356394599E+14
   140274  0.0000000000E+00  3.8336971639E+14
   140374  0.0000000000E+00  3.8289448699E+14
   140474  0.0000000000E+00  5.7349943499E+14
   140574  0.0000000000E+00  5.7281402855E+14
   140674  0.0000000000E+00  5.7323100339E+14
   140774  0.0000000000E+00  5.7251198044E+14
   140874  0.0000000000E+00  5.7101734589E+14
   140974  0.0000000000E+00  5.7135767208E+14
   141074  0.0000000000E+00  5.7134652695E+14
   141174  0.0000000000E+00  5.7077411692E+14
   141274  0.0000000000E+00  5.7035527784E+14
   141374  0.0000000000E+00  5.6982913441E+14
   141474  0.0000000000E+00  5.6990084730E+14
   141574  0.0000000000E+00  5.7013041497E+14
   141674  0.0000000000E+00  5.7180506168E+14
   141774  0.0000000000E+00  5.7251396879E+14
   141874  0.0000000000E+00  5.7269068562E+14
   141974  0.0000000000E+00  5.7210344437E+14
   142074  0.0000000000E+00  5.7221407396E+14
   142174  0.0000000000E+00  5.7341075817E+14
   142274  0.0000000000E+00  5.7466083788E+14
   142374  0.0000000000E+00  5.7513546210E+14
   142474  0.0000000000E+00  5.7521943891E+14
   142574  0.0000000000E+00  5.7527150633E+14
   142674  0.0000000000E+00  5.7474724834E+14
   142774  0.0000000000E+00  5.7405520846E+14
   142874  0.0000000000E+00  5.7432487830E+14
   142974  0.0000000000E+00  5.7506726430E+14
   143074  0.0000000000E+00  5.7426209129E+14
   143174  0.0000000000E+00  5.7397583139E+14
   143274  0.0000000000E+00  5.7319623438E+14
   143374  0.0000000000E+00  5.7327489562E+14
   143474  0.0000000000E+00  8.6095219775E+14
   143574  0.0000000000E+00  8.6140207642E+14
   143674  0.0000000000E+00  8.6347822457E+14
   143774  0.0000000000E+00  8.6309756262E+14
   143874  0.0000000000E+00  8.6193594313E+14
   143974  0.0000000000E+00  8.6345471307E+14
   144074  0.0000000000E+00  8.6376948736E+14
   144174  0.0000000000E+00  8.6383721569E+14
   144274  0.0000000000E+00  8.6275794156E+14
   144374  0.0000000000E+00  8.6273820231E+14
   144474  0.0000000000E+00  8.6240353516E+14
   144574  0.0000000000E+00  8.6323841283E+14
   144674  0.0000000000E+00  8.6344220607E+14
   144774  0.0000000000E+00  8.6272559652E+14
   144874  0.0000000000E+00  8.6261940526E+14
   144974  0.0000000000E+00  8.6173715584E+14
   145074  0.0000000000E+00  8.5995857652E+14
   145174  0.0000000000E+00  8.5970112865E+14
   145274  0.0000000000E+00  8.5909904347E+14
   145374  0.0000000000E+00  8.5833180448E+14
   145474  0.0000000000E+00  8.5950403537E+14
   145574  0.0000000000E+00  8.5986012423E+14
   145674  0.0000000000E+00  8.5894586788E+14
   145774  0.0000000000E+00  8.5790127265E+14
   145874  0.0000000000E+00  8.5607289618E+14
   145974  0.0000000000E+00  8.5618118685E+14
   146074  0.0000000000E+00  8.5600753400E+14
   146174  0.0000000000E+00  8.5672045978E+14
   146274  0.0000000000E+00  8.5744756743E+14
   146374  0.0000000000E+00  8.5586339834E+14
   146474  0.0000000000E+00  1.2829000920E+15
   146574  0.0000000000E+00  1.2821449988E+15
   146674  0.0000000000E+00  1.2827524155E+15
   146774  0.0000000000E+00  1.2848603535E+15
   146874  0.0000000000E+00  1.2824362926E+15
   146974  0.0000000000E+00  1.2819408716E+15
   147074  0.0000000000E+00  1.2806905027E+15
   147174  0.0000000000E+00  1.2815347714E+15
   147274  0.0000000000E+00  1.2830473606E+15
   147374  0.0000000000E+00  1.2845900678E+15
   147474  0.0000000000E+00  1.2848035614E+15
   147574  0.0000000000E+00  1.2844076562E+15
   147674  0.0000000000E+00  1.2827795198E+15
   147774  0.0000000000E+00  1.2821883124E+15
   147874  0.0000000000E+00  1.2811382368E+15
   147974  0.0000000000E+00  1.2807905381E+15
   148074  0.0000000000E+00  1.2810870010E+15
   148174  0.0000000000E+00  1.2825855575E+15
   148274  0.0000000000E+00  1.2841476468E+15
   148374  0.0000000000E+00  1.2856002389E+15
   148474  0.0000000000E+00  1.2878200741E+15
   148574  0.0000000000E+00  1.2862454140E+15
   148674  0.0000000000E+00  1.2849196397E+15
   148774  0.0000000000E+00  1.2850647831E+15
   148874  0.0000000000E+00  1.2852511376E+15
   148974  0.0000000000E+00  1.2853748333E+15
   149074  0.0000000000E+00  1.2840761388E+15
   149174  0.0000000000E+00  1.2828316718E+15
   149274  0.0000000000E+00  1.2857635377E+15
   149374  0.0000000000E+00  1.2873853983E+15
   149474  0.0000000000E+00  1.9304061927E+15
   149574  0.0000000000E+00  1.9331529637E+15
   149674  0.0000000000E+00  1.9372821981E+15
   149774  0.0000000000E+00  1.9379898623E+15
   149874  0.0000000000E+00  1.9413457298E+15
   149974  0.0000000000E+00  1.9415137516E+15
   150074  0.0000000000E+00  1.9403744067E+15
   150174  0.0000000000E+00  1.9380482942E+15
   150274  0.0000000000E+00  1.9353064781E+15
   150374  0.0000000000E+00  1.9341199161E+15
   150474  0.0000000000E+00  1.9366119195E+15
   150574  0.0000000000E+00  1.9404660270E+15
   150674  0.0000000000E+00  1.9425353113E+15
   150774  0.0000000000E+00  1.9401207396E+15
   150874  0.0000000000E+00  1.9383432658E+15
   150974  0.0000000000E+00  1.9340323816E+15
   151074  0.0000000000E+00  1.9363104542E+15
   151174  0.0000000000E+00  1.9397585474E+15
   151274  0.0000000000E+00  1.9416854824E+15
   151374  0.0000000000E+00  1.9418359588E+15
   151474  0.0000000000E+00  1.9468179794E+15
   151574  0.0000000000E+00  1.9460667119E+15
   151674  0.0000000000E+00  1.9469243566E+15
   151774  0.0000000000E+00  1.9457688144E+15
   151874  0.0000000000E+00  1.9452249921E+15
   151974  0.0000000000E+00  1.9455899198E+15
   152074  0.0000000000E+00  1.9476302110E+15
   152174  0.0000000000E+00  1.9452778823E+15
   152274  0.0000000000E+00  1.9478895922E+15
   152374  0.0000000000E+00  1.9478982773E+15
   152474  0.0000000000E+00  2.9225763777E+15
   152574  0.0000000000E+00  2.9253777985E+15
   152674  0.0000000000E+00  2.9199827699E+15
   152774  0.0000000000E+00  2.9180347209E+15
   152874  0.0000000000E+00  2.9180310582E+15
   152974  0.0000000000E+00  2.9114755297E+15
   153074  0.0000000000E+00  2.9124555057E+15
   153174  0.0000000000E+00  2.9066196798E+15
   153274  0.0000000000E+00  2.9018963826E+15
   153374  0.0000000000E+00  2.9055004406E+15
   153474  0.0000000000E+00  2.9076714013E+15
   153574  0.0000000000E+00  2.9080769005E+15
   153674  0.0000000000E+00  2.9072052868E+15
   153774  0.0000000000E+00  2.9048719626E+15
   153874  0.0000000000E+00  2.9079257697E+15
   153974  0.0000000000E+00  2.9095614685E+15
   154074  0.0000000000E+00  2.9142535062E+15
   154174  0.0000000000E+00  2.9151295109E+15
   154274  0.0000000000E+00  2.9169798392E+15
   154374  0.0000000000E+00  2.9182394191E+15
   154474  0.0000000000E+00  2.9157383937E+15
   154574  0.0000000000E+00  2.9081087343E+15
   154674  0.0000000000E+00  2.9097969047E+15
   154774  0.0000000000E+00  2.9104185658E+15
   154874  0.0000000000E+00  2.9138441810E+15
   154974  0.0000000000E+00  2.9150915058E+15
   155074  0.0000000000E+00  2.9131526612E+15
   155174  0.0000000000E+00  2.9124549982E+15
   155274  0.0000000000E+00  2.9105134547E+15
   155374  0.0000000000E+00  2.9097410964E+15
   155474  0.0000000000E+00  4.3607423320E+15
   155574  0.0000000000E+00  4.3622291226E+15
   155674  0.0000000000E+00  4.3617570019E+15
   155774  0.0000000000E+00  4.3563117764E+15
   155874  0.0000000000E+00  4.3563554197E+15
   155974  0.0000000000E+00  4.3640856330E+15
   156074  0.0000000000E+00  4.3672659368E+15
   156174  0.0000000000E+00  4.3658293588E+15
   156274  0.0000000000E+00  4.3702115747E+15
   156374  0.0000000000E+00  4.3716135843E+15
   156474  0.0000000000E+00  4.3659406929E+15
   156574  0.0000000000E+00  4.3668187493E+15
   156674  0.0000000000E+00  4.3694885277E+15
   156774  0.0000000000E+00  4.3730873813E+15
   156874  0.0000000000E+00  4.3709972675E+15
   156974  0.0000000000E+00  4.3705671382E+15
   157074  0.0000000000E+00  4.3691541183E+15
   157174  0.0000000000E+00  4.3694173515E+15
   157274  0.0000000000E+00  4.3753829202E+15
   157374  0.0000000000E+00  4.3746639959E+15
   157474  0.0000000000E+00  4.3673458853E+15
   157574  0.0000000000E+00  4.3633751134E+15
   157674  0.0000000000E+00  4.3556645964E+15
   157774  0.0000000000E+00  4.3503519177E+15
   157874  0.0000000000E+00  4.3567057991E+15
   157974  0.0000000000E+00  4.3593097629E+15
   158074  0.0000000000E+00  4.3557805119E+15
   158174  0.0000000000E+00  4.3542572883E+15
   158274  0.0000000000E+00  4.3644724702E+15
   158374  0.0000000000E+00  4.3705370348E+15
   158474  0.0000000000E+00  6.5563504737E+15
   158574  0.0000000000E+00  6.5545170138E+15
   158674  0.0000000000E+00  6.5636529810E+15
   158774  0.0000000000E+00  6.5619393566E+15
   158874  0.0000000000E+00  6.5492202820E+15
   158974  0.0000000000E+00  6.5517261652E+15
   159074  0.0000000000E+00  6.5631391985E+15
   159174  0.0000000000E+00  6.5637365908E+15
   159274  0.0000000000E+00  6.5580579721E+15
   159374  0.0000000000E+00  6.5538524765E+15
   159474  0.0000000000E+00  6.5547284045E+15
   159574  0.0000000000E+00  6.5454905516E+15
   159674  0.0000000000E+00  6.5358923768E+15
   159774  0.0000000000E+00  6.5310348596E+15
   159874  0.0000000000E+00  6.5224390420E+15
   159974  0.0000000000E+00  6.5232867841E+15
   160074  0.0000000000E+00  6.5185861296E+15
   160174  0.0000000000E+00  6.5280787947E+15
   160274  0.0000000000E+00  6.5340629856E+15
   160374  0.0000000000E+00  6.5297622722E+15
   160474  0.0000000000E+00  6.5335966616E+15
   160574  0.0000000000E+00  6.5463522779E+15
   160674  0.0000000000E+00  6.5355360682E+15
   160774  0.0000000000E+00  6.5288763464E+15
   160874  0.0000000000E+00  6.5276935655E+15
   160974  0.0000000000E+00  6.5271142090E+15
   161074  0.0000000000E+00  6.5356914889E+15
   161174  0.0000000000E+00  6.5229163232E+15
   161274  0.0000000000E+00  6.5142592164E+15
   161374  0.0000000000E+00  6.5265567558E+15
   161474  0.0000000000E+00  9.8002917739E+15
   161574  0.0000000000E+00  9.7977179813E+15
   161674  0.0000000000E+00  9.7992180892E+15
   161774  0.0000000000E+00  9.8076770520E+15
   161874  0.0000000000E+00  9.7959242956E+15
   161974  0.0000000000E+00  9.7856808943E+15
   162074  0.0000000000E+00  9.7866556144E+15
   162174  0.0000000000E+00  9.7849431556E+15
   162274  0.0000000000E+00  9.7770772018E+15
   162374  0.0000000000E+00  9.7671875928E+15
   162474  0.0000000000E+00  9.7716004665E+15
   162574  0.0000000000E+00  9.7889830147E+15
   162674  0.0000000000E+00  9.7875511579E+15
   162774  0.0000000000E+00  9.7893225467E+15
   162874  0.0000000000E+00  9.8080781345E+15
   162974  0.0000000000E+00  9.8225101604E+15
   163074  0.0000000000E+00  9.8310466134E+15
   163174  0.0000000000E+00  9.8401897964E+15
   163274  0.0000000000E+00  9.8397370205E+15
   163374  0.0000000000E+00  9.8337275933E+15
   163474  0.0000000000E+00  9.8328815100E+15
   163574  0.0000000000E+00  9.8457893856E+15
   163674  0.0000000000E+00  9.8433378337E+15
   163774  0.0000000000E+00  9.8295103041E+15
   163874  0.0000000000E+00  9.8228556770E+15
   163974  0.0000000000E+00  9.8228810018E+15
   164074  0.0000000000E+00  9.8171703404E+15
   164174  0.0000000000E+00  9.8108005835E+15
   164274  0.0000000000E+00  9.7935563201E+15
   164374  0.0000000000E+00  9.7904083056E+15
   164474  0.0000000000E+00  1.4682700721E+16
   164574  0.0000000000E+00  1.4671977587E+16
   164674  0.0000000000E+00  1.4671352999E+16
   164774  0.0000000000E+00  1.4678543414E+16
   164874  0.0000000000E+00  1.4680336131E+16
   164974  0.0000000000E+00  1.4691881032E+16
   165074  0.0000000000E+00  1.4731908200E+16
   165174  0.0000000000E+00  1.4742751265E+16
   165274  0.0000000000E+00  1.4738043245E+16
   165374  0.0000000000E+00  1.4750189159E+16
   165474  0.0000000000E+00  1.4749638434E+16
   165574  0.0000000000E+00  1.4742250042E+16
   165674  0.0000000000E+00  1.4730435778E+16
   165774  0.0000000000E+00  1.4733857630E+16
   165874  0.0000000000E+00  1.4745461466E+16
   165974  0.0000000000E+00  1.4755131601E+16
   166074  0.0000000000E+00  1.4764562630E+16
   166174  0.0000000000E+00  1.4771734865E+16
   166274  0.0000000000E+00  1.4761537924E+16
   166374  0.0000000000E+00  1.4737134826E+16
   166474  0.0000000000E+00  1.4744979098E+16
   166574  0.0000000000E+00  1.4715450651E+16
   166674  0.0000000000E+00  1.4691081433E+16
   166774  0.0000000000E+00  1.4697888122E+16
   166874  0.0000000000E+00  1.4714197427E+16
   166974  0.0000000000E+00  1.4721545616E+16
   167074  0.0000000000E+00  1.4702723297E+16
   167174  0.0000000000E+00  1.4700422610E+16
   167274  0.0000000000E+00  1.4698924221E+16
   167374  0.0000000000E+00  1.4676908900E+16
   167474  0.0000000000E+00  2.1999138333E+16
   167574  0.0000000000E+00  2.1983061425E+16
   167674  0.0000000000E+00  2.1981338122E+16
   167774  0.0000000000E+00  2.1969251736E+16
   167874  0.0000000000E+00  2.2005748752E+16
   167974  0.0000000000E+00  2.2048260013E+16
   168074  0.0000000000E+00  2.2076483022E+16
   168174  0.0000000000E+00  2.2124575560E+16
   168274  0.0000000000E+00  2.2096336360E+16
   168374  0.0000000000E+00  2.2070389760E+16
   168474  0.0000000000E+00  2.2073368974E+16
   168574  0.0000000000E+00  2.2066098970E+16
   168674  0.0000000000E+00  2.2033439206E+16
   168774  0.0000000000E+00  2.2024125098E+16
   168874  0.0000000000E+00  2.2025797134E+16
   168974  0.0000000000E+00  2.2013716278E+16
   169074  0.0000000000E+00  2.1979063010E+16
   169174  0.0000000000E+00  2.1967380203E+16
   169274  0.0000000000E+00  2.1987441527E+16
   169374  0.0000000000E+00  2.1997600788E+16
   169474  0.0000000000E+00  2.1981927296E+16
   169574  0.0000000000E+00  2.2010686734E+16
   169674  0.0000000000E+00  2.2061606183E+16
   169774  0.0000000000E+00  2.2064844154E+16
   169874  0.0000000000E+00  2.2045442665E+16
   169974  0.0000000000E+00  2.2046125739E+16
   170074  0.0000000000E+00  2.2029811326E+16
   170174  0.0000000000E+00  2.2018109873E+16
   170274  0.0000000000E+00  2.2025954429E+16
   170374  0.0000000000E+00  2.2032879083E+16
   170474  0.0000000000E+00  3.3044387103E+16
   170574  0.0000000000E+00  3.3057807361E+16
   170674  0.0000000000E+00  3.3112221205E+16
   170774  0.0000000000E+00  3.3051035848E+16
   170874  0.0000000000E+00  3.3018828818E+16
   170974  0.0000000000E+00  3.3074405710E+16
   171074  0.0000000000E+00  3.3100909069E+16
   171174  0.0000000000E+00  3.3093006686E+16
   171274  0.0000000000E+00  3.3104189282E+16
   171374  0.0000000000E+00  3.3100234055E+16
   171474  0.0000000000E+00  3.3066934601E+16
   171574  0.0000000000E+00  3.3038723885E+16
   171674  0.0000000000E+00  3.3055477738E+16
   171774  0.0000000000E+00  3.3102744996E+16
   171874  0.0000000000E+00  3.3179220423E+16
   171974  0.0000000000E+00  3.3232017372E+16
   172074  0.0000000000E+00  3.3284679060E+16
   172174  0.0000000000E+00  3.3276175293E+16
   172274  0.0000000000E+00  3.3214528423E+16
   172374  0.0000000000E+00  3.3146488248E+16
   172474  0.0000000000E+00  3.3114195821E+16
   172574  0.0000000000E+00  3.3153252564E+16
   172674  0.0000000000E+00  3.3200554295E+16
   172774  0.0000000000E+00  3.3172274446E+16
   172874  0.0000000000E+00  3.3145575335E+16
   172974  0.0000000000E+00  3.3193584201E+16
   173074  0.0000000000E+00  3.3164950001E+16
   173174  0.0000000000E+00  3.3175766829E+16
   173274  0.0000000000E+00  3.3243137292E+16
   173374  0.0000000000E+00  3.3267465121E+16
   173474  0.0000000000E+00  4.9882062574E+16
   173574  0.0000000000E+00  4.9932447257E+16
   173674  0.0000000000E+00  4.9924936233E+16
   173774  0.0000000000E+00  4.9914001363E+16
   173874  0.0000000000E+00  4.9915549919E+16
   173974  0.0000000000E+00  4.9782011824E+16
   174074  0.0000000000E+00  4.9747008201E+16
   174174  0.0000000000E+00  4.9769658708E+16
   174274  0.0000000000E+00  4.9846605576E+16
   174374  0.0000000000E+00  4.9852640481E+16
   174474  0.0000000000E+00  4.9788798382E+16
   174574  0.0000000000E+00  4.9728904268E+16
   174674  0.0000000000E+00  4.9753083694E+16
   174774  0.0000000000E+00  4.9744694888E+16
   174874  0.0000000000E+00  4.9691345301E+16
   174974  0.0000000000E+00  4.9664842416E+16
   175074  0.0000000000E+00  4.9745453191E+16
   175174  0.0000000000E+00  4.9763498298E+16
   175274  0.0000000000E+00  4.9688335672E+16
   175374  0.0000000000E+00  4.9648305877E+16
   175474  0.0000000000E+00  4.9668968120E+16
   175574  0.0000000000E+00  4.9603251047E+16
   175674  0.0000000000E+00  4.9556220392E+16
   175774  0.0000000000E+00  4.9558024725E+16
   175874  0.0000000000E+00  4.9518928811E+16
   175974  0.0000000000E+00  4.9557614208E+16
   176074  0.0000000000E+00  4.9640372571E+16
   176174  0.0000000000E+00  4.9635170100E+16
   176274  0.0000000000E+00  4.9608105522E+16
   176374  0.0000000000E+00  4.9682047396E+16
   176474  0.0000000000E+00  7.4615652446E+16
   176574  0.0000000000E+00  7.4753865301E+16
   176674  0.0000000000E+00  7.4640154302E+16
   176774  0.0000000000E+00  7.4546781340E+16
   176874  0.0000000000E+00  7.4559960024E+16
   176974  0.0000000000E+00  7.4528657462E+16
   177074  0.0000000000E+00  7.4444759474E+16
   177174  0.0000000000E+00  7.4462279602E+16
   177274  0.0000000000E+00  7.4486876712E+16
   177374  0.0000000000E+00  7.4581281157E+16
   177474  0.0000000000E+00  7.4547636816E+16
   177574  0.0000000000E+00  7.4509996600E+16
   177674  0.0000000000E+00  7.4556756111E+16
   177774  0.0000000000E+00  7.4616492325E+16
   177874  0.0000000000E+00  7.4759611317E+16
   177974  0.0000000000E+00  7.4885725448E+16
   178074  0.0000000000E+00  7.4756540277E+16
   178174  0.0000000000E+00  7.4526881395E+16
   178274  0.0000000000E+00  7.4383850639E+16
   178374  0.0000000000E+00  7.4362180634E+16
   178474  0.0000000000E+00  7.4464045127E+16
   178574  0.0000000000E+00  7.4563572042E+16
   178674  0.0000000000E+00  7.4621757263E+16
   178774  0.0000000000E+00  7.4649391458E+16
   178874  0.0000000000E+00  7.4584998837E+16
   178974  0.0000000000E+00  7.4626273786E+16
   179074  0.0000000000E+00  7.4740643762E+16
   179174  0.0000000000E+00  7.4815565782E+16
   179274  0.0000000000E+00  7.4723115216E+16
   179374  0.0000000000E+00  7.4683917138E+16
   179474  0.0000000000E+00  1.1203781407E+17
   179574  0.0000000000E+00  1.1198372910E+17
   179674  0.0000000000E+00  1.1217271076E+17
   179774  0.0000000000E+00  1.1197118011E+17
   179874  0.0000000000E+00  1.1165035975E+17
   179974  0.0000000000E+00  1.1148122831E+17
   180074  0.0000000000E+00  1.1144738802E+17
   180174  0.0000000000E+00  1.1151823272E+17
   180274  0.0000000000E+00  1.1137244538E+17
   180374  0.0000000000E+00  1.1141694800E+17
   180474  0.0000000000E+00  1.1154598566E+17
   180574  0.0000000000E+00  1.1169919529E+17
   180674  0.0000000000E+00  1.1192676794E+17
   180774  0.0000000000E+00  1.1178017006E+17
   180874  0.0000000000E+00  1.1175872363E+17
   180974  0.0000000000E+00  1.1195015888E+17
   181074  0.0000000000E+00  1.1191233779E+17
   181174  0.0000000000E+00  1.1200869192E+17
   181274  0.0000000000E+00  1.1220869910E+17
   181374  0.0000000000E+00  1.1219935012E+17
   181474  0.0000000000E+00  1.1209200628E+17
   181574  0.0000000000E+00  1.1208580746E+17
   181674  0.0000000000E+00  1.1209074211E+17
   181774  0.0000000000E+00  1.1230126929E+17
   181874  0.0000000000E+00  1.1237224193E+17
   181974  0.0000000000E+00  1.1228754853E+17
   182074  0.0000000000E+00  1.1207796485E+17
   182174  0.0000000000E+00  1.1189562104E+17
   182274  0.0000000000E+00  1.1176071340E+17
   182374  0.0000000000E+00  1.1153879900E+17
   182474  0.0000000000E+00  1.6710147864E+17
   182574  0.0000000000E+00  1.6719457358E+17
   182674  0.0000000000E+00  1.6733438014E+17
   182774  0.0000000000E+00  1.6763257420E+17
   182874  0.0000000000E+00  1.6748279154E+17
   182974  0.0000000000E+00  1.6743151301E+17
   183074  0.0000000000E+00  1.6755982406E+17
   183174  0.0000000000E+00  1.6763330261E+17
   183274  0.0000000000E+00  1.6745036549E+17
   183374  0.0000000000E+00  1.6742673384E+17
   183474  0.0000000000E+00  1.6734034375E+17
   183574  0.0000000000E+00  1.6726023295E+17
   183674  0.0000000000E+00  1.6714924581E+17
   183774  0.0000000000E+00  1.6715189903E+17
   183874  0.0000000000E+00  1.6694803690E+17
   183974  0.0000000000E+00  1.6708871035E+17
   184074  0.0000000000E+00  1.6741313323E+17
   184174  0.0000000000E+00  1.6745583252E+17
   184274  0.0000000000E+00  1.6781332605E+17
   184374  0.0000000000E+00  1.6766481344E+17
   184474  0.0000000000E+00  1.6765118680E+17
   184574  0.0000000000E+00  1.6751575822E+17
   184674  0.0000000000E+00  1.6723406519E+17
   184774  0.0000000000E+00  1.6705925343E+17
   184874  0.0000000000E+00  1.6727885645E+17
   184974  0.0000000000E+00  1.6730230231E+17
   185074  0.0000000000E+00  1.6719795682E+17
   185174  0.0000000000E+00  1.6725126892E+17
   185274  0.0000000000E+00  1.6740662760E+17
   185374  0.0000000000E+00  1.6759541275E+17
   185474  0.0000000000E+00  2.5151762870E+17
   185574  0.0000000000E+00  2.5169418476E+17
   185674  0.0000000000E+00  2.5216778485E+17
   185774  0.0000000000E+00  2.5265429052E+17
   185874  0.0000000000E+00  2.5278052027E+17
   185974  0.0000000000E+00  2.5258806136E+17
   186074  0.0000000000E+00  2.5236135196E+17
   186174  0.0000000000E+00  2.5264765726E+17
   186274  0.0000000000E+00  2.5271337094E+17
   186374  0.0000000000E+00  2.5263516073E+17
   186474  0.0000000000E+00  2.5259910088E+17
   186574  0.0000000000E+00  2.5204489113E+17
   186674  0.0000000000E+00  2.5145829439E+17
   186774  0.0000000000E+00  2.5158163485E+17
   186874  0.0000000000E+00  2.5161205504E+17
   186974  0.0000000000E+00  2.5169103003E+17
   187074  0.0000000000E+00  2.5194267675E+17
   187174  0.0000000000E+00  2.5232709239E+17
   187274  0.0000000000E+00  2.5232646202E+17
   187374  0.0000000000E+00  2.5201062966E+17
   187474  0.0000000000E+00  2.5246365386E+17
   187574  0.0000000000E+00  2.5234103080E+17
   187674  0.0000000000E+00  2.5255089521E+17
   187774  0.0000000000E+00  2.5252421128E+17
   187874  0.0000000000E+00  2.5237397946E+17
   187974  0.0000000000E+00  2.5210196979E+17
   188074  0.0000000000E+00  2.5191072059E+17
   188174  0.0000000000E+00  2.5151686343E+17
   188274  0.0000000000E+00  2.5141229857E+17
   188374  0.0000000000E+00  2.5177752333E+17
   188474  0.0000000000E+00  3.7815076976E+17
   188574  0.0000000000E+00  3.7805683495E+17
   188674  0.0000000000E+00  3.7838408856E+17
   188774  0.0000000000E+00  3.7827695190E+17
   188874  0.0000000000E+00  3.7823543967E+17
   188974  0.0000000000E+00  3.7808257619E+17
   189074  0.0000000000E+00  3.7727887307E+17
   189174  0.0000000000E+00  3.7673782320E+17
   189274  0.0000000000E+00  3.7686036816E+17
   189374  0.0000000000E+00  3.7752814397E+17
   189474  0.0000000000E+00  3.7756717324E+17
   189574  0.0000000000E+00  3.7786815403E+17
   189674  0.0000000000E+00  3.7811233982E+17
   189774  0.0000000000E+00  3.7785611389E+17
   189874  0.0000000000E+00  3.7741219551E+17
   189974  0.0000000000E+00  3.7721057608E+17
   190074  0.0000000000E+00  3.7714220226E+17
   190174  0.0000000000E+00  3.7713005241E+17
   190274  0.0000000000E+00  3.7746156256E+17
   190374  0.0000000000E+00  3.7727244521E+17
   190474  0.0000000000E+00  3.7676048651E+17
   190574  0.0000000000E+00  3.7623610791E+17
   190674  0.0000000000E+00  3.7602352106E+17
   190774  0.0000000000E+00  3.7553268354E+17
   190874  0.0000000000E+00  3.7556137279E+17
   190974  0.0000000000E+00  3.7565154819E+17
   191074  0.0000000000E+00  3.7603264991E+17
   191174  0.0000000000E+00  3.7640077275E+17
   191274  0.0000000000E+00  3.7643902456E+17
   191374  0.0000000000E+00  3.7640811845E+17
   191474  0.0000000000E+00  5.6325562484E+17
   191574  0.0000000000E+00  5.6293205647E+17
   191674  0.0000000000E+00  5.6371163872E+17
   191774  0.0000000000E+00  5.6515418068E+17
   191874  0.0000000000E+00  5.6703473235E+17
   191974  0.0000000000E+00  5.6717330938E+17
   192074  0.0000000000E+00  5.6723222291E+17
   192174  0.0000000000E+00  5.6742521468E+17
   192274  0.0000000000E+00  5.6666783699E+17
   192374  0.0000000000E+00  5.6581281495E+17
   192474  0.0000000000E+00  5.6501888086E+17
   192574  0.0000000000E+00  5.6529968865E+17
   192674  0.0000000000E+00  5.6475759717E+17
   192774  0.0000000000E+00  5.6526281443E+17
   192874  0.0000000000E+00  5.6594368564E+17
   192974  0.0000000000E+00  5.6665008693E+17
   193074  0.0000000000E+00  5.6691656538E+17
   193174  0.0000000000E+00  5.6721406650E+17
   193274  0.0000000000E+00  5.6771053505E+17
   193374  0.0000000000E+00  5.6812732274E+17
   193474  0.0000000000E+00  5.6854894225E+17
   193574  0.0000000000E+00  5.6828650975E+17
   193674  0.0000000000E+00  5.6807625966E+17
   193774  0.0000000000E+00  5.6716876420E+17
   193874  0.0000000000E+00  5.6718447389E+17
   193974  0.0000000000E+00  5.6722781257E+17
   194074  0.0000000000E+00  5.6652019614E+17
   194174  0.0000000000E+00  5.6742888218E+17
   194274  0.0000000000E+00  5.6775708491E+17
   194374  0.0000000000E+00  5.6730889347E+17
   194474  0.0000000000E+00  8.4974936890E+17
   194574  0.0000000000E+00  8.4983383223E+17
   194674  0.0000000000E+00  8.5037415256E+17
   194774  0.0000000000E+00  8.5081795080E+17
   194874  0.0000000000E+00  8.5035441910E+17
   194974  0.0000000000E+00  8.4954810237E+17
   195074  0.0000000000E+00  8.4873514671E+17
   195174  0.0000000000E+00  8.4774737053E+17
   195274  0.0000000000E+00  8.4945365884E+17
   195374  0.0000000000E+00  8.4896884278E+17
   195474  0.0000000000E+00  8.4885618171E+17
   195574  0.0000000000E+00  8.4949200995E+17
   195674  0.0000000000E+00  8.4834366954E+17
   195774  0.0000000000E+00  8.4803581836E+17
   195874  0.0000000000E+00  8.4922063883E+17
   195974  0.0000000000E+00  8.4918605715E+17
   196074  0.0000000000E+00  8.4900959491E+17
   196174  0.0000000000E+00  8.4984059496E+17
   196274  0.0000000000E+00  8.4955237603E+17
   196374  0.0000000000E+00  8.4953225728E+17
   196474  0.0000000000E+00  8.4828305038E+17
   196574  0.0000000000E+00  8.4635783805E+17
   196674  0.0000000000E+00  8.4618919575E+17
   196774  0.0000000000E+00  8.4681518901E+17
   196874  0.0000000000E+00  8.4609239344E+17
   196974  0.0000000000E+00  8.4684324810E+17
   197074  0.0000000000E+00  8.4815740606E+17
   197174  0.0000000000E+00  8.4930169170E+17
   197274  0.0000000000E+00  8.4925448733E+17
   197374  0.0000000000E+00  8.5054230843E+17
   197474  0.0000000000E+00  1.2747582565E+18
   197574  0.0000000000E+00  1.2769198734E+18
   197674  0.0000000000E+00  1.2759366497E+18
   197774  0.0000000000E+00  1.2771549885E+18
   197874  0.0000000000E+00  1.2794937093E+18
   197974  0.0000000000E+00  1.2800384665E+18
   198074  0.0000000000E+00  1.2812355152E+18
   198174  0.0000000000E+00  1.2794661635E+18
   198274  0.0000000000E+00  1.2765086990E+18
   198374  0.0000000000E+00  1.2774930974E+18
   198474  0.0000000000E+00  1.2799164863E+18
   198574  0.0000000000E+00  1.2816428919E+18
   198674  0.0000000000E+00  1.2815493422E+18
   198774  0.0000000000E+00  1.2790905949E+18
   198874  0.0000000000E+00  1.2745690342E+18
   198974  0.0000000000E+00  1.2756934554E+18
   199074  0.0000000000E+00  1.2775866171E+18
   199174  0.0000000000E+00  1.2774378168E+18
   199274  0.0000000000E+00  1.2756103468E+18
   199374  0.0000000000E+00  1.2761562164E+18
   199474  0.0000000000E+00  1.2738716760E+18
   199574  0.0000000000E+00  1.2725722461E+18
   199674  0.0000000000E+00  1.2725791505E+18
   199774  0.0000000000E+00  1.2741531021E+18
   199874  0.0000000000E+00  1.2752998258E+18
   199974  0.0000000000E+00  1.2729395797E+18
   200074  0.0000000000E+00  1.2700802183E+18
   200174  0.0000000000E+00  1.2676887814E+18
   200274  0.0000000000E+00  1.2657670851E+18
   200374  0.0000000000E+00  1.2644250300E+18
   200474  0.0000000000E+00  1.8994454376E+18
   200574  0.0000000000E+00  1.9001229255E+18
   200674  0.0000000000E+00  1.8983236715E+18
   200774  0.0000000000E+00  1.8956185356E+18
   200874  0.0000000000E+00  1.8932442236E+18
   200974  0.0000000000E+00  1.8930045127E+18
   201074  0.0000000000E+00  1.8922740588E+18
   201174  0.0000000000E+00  1.8950773499E+18
   201274  0.0000000000E+00  1.8969175414E+18
   201374  0.0000000000E+00  1.9001251232E+18
   201474  0.0000000000E+00  1.9000044364E+18
   201574  0.0000000000E+00  1.8978756070E+18
   201674  0.0000000000E+00  1.9006151079E+18
   201774  0.0000000000E+00  1.9032461348E+18
   201874  0.0000000000E+00  1.9029407387E+18
   201974  0.0000000000E+00  1.9013030318E+18
   202074  0.0000000000E+00  1.9002248061E+18
   202174  0.0000000000E+00  1.8988278168E+18
   202274  0.0000000000E+00  1.8964347192E+18
   202374  0.0000000000E+00  1.8940070941E+18
   202474  0.0000000000E+00  1.8944953143E+18
   202574  0.0000000000E+00  1.8985900523E+18
   202674  0.0000000000E+00  1.9027294901E+18
   202774  0.0000000000E+00  1.9048251453E+18
   202874  0.0000000000E+00  1.9048508882E+18
   202974  0.0000000000E+00  1.9035547059E+18
   203074  0.0000000000E+00  1.9000366836E+18
   203174  0.0000000000E+00  1.9004465531E+18
   203274  0.0000000000E+00  1.9018594260E+18
   203374  0.0000000000E+00  1.9034663610E+18
   203474  0.0000000000E+00  2.8575132761E+18
   203574  0.0000000000E+00  2.8572132537E+18
   203674  0.0000000000E+00  2.8562246181E+18
   203774  0.0000000000E+00  2.8547736483E+18
   203874  0.0000000000E+00  2.8525917533E+18
   203974  0.0000000000E+00  2.8531476265E+18
   204074  0.0000000000E+00  2.8564683992E+18
   204174  0.0000000000E+00  2.8555459982E+18
   204274  0.0000000000E+00  2.8554241205E+18
   204374  0.0000000000E+00  2.8539016413E+18
   204474  0.0000000000E+00  2.8486773590E+18
   204574  0.0000000000E+00  2.8466659978E+18
   204674  0.0000000000E+00  2.8452902339E+18
   204774  0.0000000000E+00  2.8472330276E+18
   204874  0.0000000000E+00  2.8481884333E+18
   204974  0.0000000000E+00  2.8479156317E+18
   205074  0.0000000000E+00  2.8520031602E+18
   205174  0.0000000000E+00  2.8507730139E+18
   205274  0.0000000000E+00  2.8565642732E+18
   205374  0.0000000000E+00  2.8608148965E+18
   205474  0.0000000000E+00  2.8592833308E+18
   205574  0.0000000000E+00  2.8614192938E+18
   205674  0.0000000000E+00  2.8585532788E+18
   205774  0.0000000000E+00  2.8535221899E+18
   205874  0.0000000000E+00  2.8545530020E+18
   205974  0.0000000000E+00  2.8583792306E+18
   206074  0.0000000000E+00  2.8629316623E+18
   206174  0.0000000000E+00  2.8639442578E+18
   206274  0.0000000000E+00  2.8669095600E+18
   206374  0.0000000000E+00  2.8706583938E+18
   206474  0.0000000000E+00  4.3078504299E+18
   206574  0.0000000000E+00  4.3061458426E+18
   206674  0.0000000000E+00  4.3089173354E+18
   206774  0.0000000000E+00  4.3120249222E+18
   206874  0.0000000000E+00  4.3204526935E+18
   206974  0.0000000000E+00  4.3183100883E+18
   207074  0.0000000000E+00  4.3122681076E+18
   207174  0.0000000000E+00  4.3096652636E+18
   207274  0.0000000000E+00  4.3103720304E+18
   207374  0.0000000000E+00  4.3141765057E+18
   207474  0.0000000000E+00  4.3116875594E+18
   207574  0.0000000000E+00  4.3140796939E+18
   207674  0.0000000000E+00  4.3109288041E+18
   207774  0.0000000000E+00  4.3069900472E+18
   207874  0.0000000000E+00  4.3054204668E+18
   207974  0.0000000000E+00  4.3075010426E+18
   208074  0.0000000000E+00  4.3053663766E+18
   208174  0.0000000000E+00  4.3123928591E+18
   208274  0.0000000000E+00  4.3172498941E+18
   208374  0.0000000000E+00  4.3200523923E+18
   208474  0.0000000000E+00  4.3216311863E+18
   208574  0.0000000000E+00  4.3135886170E+18
   208674  0.0000000000E+00  4.3036994751E+18
   208774  0.0000000000E+00  4.2999115427E+18
   208874  0.0000000000E+00  4.2986195123E+18
   208974  0.0000000000E+00  4.3044280836E+18
   209074  0.0000000000E+00  4.3099303888E+18
   209174  0.0000000000E+00  4.3118593283E+18
   209274  0.0000000000E+00  4.3056026419E+18
   209374  0.0000000000E+00  4.3148444190E+18
   209474  0.0000000000E+00  6.4716311875E+18
   209574  0.0000000000E+00  6.4713455974E+18
   209674  0.0000000000E+00  6.4665552617E+18
   209774  0.0000000000E+00  6.4659364155E+18
   209874  0.0000000000E+00  6.4647841198E+18
   209974  0.0000000000E+00  6.4754259257E+18
   210074  0.0000000000E+00  6.4809778966E+18
   210174  0.0000000000E+00  6.4857303709E+18
   210274  0.0000000000E+00  6.4912134571E+18
   210374  0.0000000000E+00  6.4909195901E+18
   210474  0.0000000000E+00  6.4793695770E+18
   210574  0.0000000000E+00  6.4691431265E+18
   210674  0.0000000000E+00  6.4722657320E+18
   210774  0.0000000000E+00  6.4633926571E+18
   210874  0.0000000000E+00  6.4526590043E+18
   210974  0.0000000000E+00  6.4625450398E+18
   211074  0.0000000000E+00  6.4718606600E+18
   211174  0.0000000000E+00  6.4771299239E+18
   211274  0.0000000000E+00  6.4861602073E+18
   211374  0.0000000000E+00  6.4683385896E+18
   211474  0.0000000000E+00  6.4593728996E+18
   211574  0.0000000000E+00  6.4535771385E+18
   211674  0.0000000000E+00  6.4459490385E+18
   211774  0.0000000000E+00  6.4410571479E+18
   211874  0.0000000000E+00  6.4399013543E+18
   211974  0.0000000000E+00  6.4501606428E+18
   212074  0.0000000000E+00  6.4562008220E+18
   212174  0.0000000000E+00  6.4549750857E+18
   212274  0.0000000000E+00  6.4545774736E+18
   212374  0.0000000000E+00  6.4578410638E+18
   212474  0.0000000000E+00  9.6924116916E+18
   212574  0.0000000000E+00  9.6782351790E+18
   212674  0.0000000000E+00  9.6596914938E+18
   212774  0.0000000000E+00  9.6470541989E+18
   212874  0.0000000000E+00  9.6295448931E+18
   212974  0.0000000000E+00  9.6199950945E+18
   213074  0.0000000000E+00  9.6265844972E+18
   213174  0.0000000000E+00  9.6369114253E+18
   213274  0.0000000000E+00  9.6457910509E+18
   213374  0.0000000000E+00  9.6586023718E+18
   213474  0.0000000000E+00  9.6556626856E+18
   213574  0.0000000000E+00  9.6660119994E+18
   213674  0.0000000000E+00  9.6717276935E+18
   213774  0.0000000000E+00  9.6722399721E+18
   213874  0.0000000000E+00  9.6650137198E+18
   213974  0.0000000000E+00  9.6719184414E+18
   214074  0.0000000000E+00  9.6849999799E+18
   214174  0.0000000000E+00  9.6822482695E+18
   214274  0.0000000000E+00  9.6818310204E+18
   214374  0.0000000000E+00  9.6905811275E+18
   214474  0.0000000000E+00  9.6984287716E+18
   214574  0.0000000000E+00  9.7015934500E+18
   214674  0.0000000000E+00  9.7183485058E+18
   214774  0.0000000000E+00  9.7084919388E+18
   214874  0.0000000000E+00  9.6728418241E+18
   214974  0.0000000000E+00  9.6511393325E+18
   215074  0.0000000000E+00  9.6384844339E+18
   215174  0.0000000000E+00  9.6407909999E+18
   215274  0.0000000000E+00  9.6521741336E+18
   215374  0.0000000000E+00  9.6477561389E+18
   215474  0.0000000000E+00  1.4474808524E+19
   215574  0.0000000000E+00  1.4487699855E+19
   215674  0.0000000000E+00  1.4475885839E+19
   215774  0.0000000000E+00  1.4467806917E+19
   215874  0.0000000000E+00  1.4478689396E+19
   215974  0.0000000000E+00  1.4479668358E+19
   216074  0.0000000000E+00  1.4465859766E+19
   216174  0.0000000000E+00  1.4487189437E+19
   216274  0.0000000000E+00  1.4483937212E+19
   216374  0.0000000000E+00  1.4480703651E+19
   216474  0.0000000000E+00  1.4477561121E+19
   216574  0.0000000000E+00  1.4484081746E+19
   216674  0.0000000000E+00  1.4463132195E+19
   216774  0.0000000000E+00  1.4447753319E+19
   216874  0.0000000000E+00  1.4448563745E+19
   216974  0.0000000000E+00  1.4450935403E+19
   217074  0.0000000000E+00  1.4478750580E+19
   217174  0.0000000000E+00  1.4457967417E+19
   217274  0.0000000000E+00  1.4436309642E+19
   217374  0.0000000000E+00  1.4416944729E+19
   217474  0.0000000000E+00  1.4428696090E+19
   217574  0.0000000000E+00  1.4438409152E+19
   217674  0.0000000000E+00  1.4454469681E+19
   217774  0.0000000000E+00  1.4457100432E+19
   217874  0.0000000000E+00  1.4463560511E+19
   217974  0.0000000000E+00  1.4451914549E+19
   218074  0.0000000000E+00  1.4462175392E+19
   218174  0.0000000000E+00  1.4483655980E+19
   218274  0.0000000000E+00  1.4484086789E+19
   218374  0.0000000000E+00  1.4482693445E+19
   218474  0.0000000000E+00  2.1711047281E+19
   218574  0.0000000000E+00  2.1729396763E+19
   218674  0.0000000000E+00  2.1743612110E+19
   218774  0.0000000000E+00  2.1737107436E+19
   218874  0.0000000000E+00  2.1723192163E+19
   218974  0.0000000000E+00  2.1756340316E+19
   219074  0.0000000000E+00  2.1793396845E+19
   219174  0.0000000000E+00  2.1841482813E+19
   219274  0.0000000000E+00  2.1852482010E+19
   219374  0.0000000000E+00  2.1837609774E+19
   219474  0.0000000000E+00  2.1846300297E+19
   219574  0.0000000000E+00  2.1853463818E+19
   219674  0.0000000000E+00  2.1840799696E+19
   219774  0.0000000000E+00  2.1824149124E+19
   219874  0.0000000000E+00  2.1800230945E+19
   219974  0.0000000000E+00  2.1779117086E+19
   220074  0.0000000000E+00  2.1781707194E+19
   220174  0.0000000000E+00  2.1745753679E+19
   220274  0.0000000000E+00  2.1737989613E+19
   220374  0.0000000000E+00  2.1749669561E+19
   220474  0.0000000000E+00  2.1751515412E+19
   220574  0.0000000000E+00  2.1749085555E+19
   220674  0.0000000000E+00  2.1760819799E+19
   220774  0.0000000000E+00  2.1777312384E+19
   220874  0.0000000000E+00  2.1759130306E+19
   220974  0.0000000000E+00  2.1714002192E+19
   221074  0.0000000000E+00  2.1728033460E+19
   221174  0.0000000000E+00  2.1723470039E+19
   221274  0.0000000000E+00  2.1741308789E+19
   221374  0.0000000000E+00  2.1755471669E+19
   221474  0.0000000000E+00  3.2560975260E+19
   221574  0.0000000000E+00  3.2503949010E+19
   221674  0.0000000000E+00  3.2506976395E+19
   221774  0.0000000000E+00  3.2478262218E+19
   221874  0.0000000000E+00  3.2493347823E+19
   221974  0.0000000000E+00  3.2529205067E+19
   222074  0.0000000000E+00  3.2528535878E+19
   222174  0.0000000000E+00  3.2562931152E+19
   222274  0.0000000000E+00  3.2545596535E+19
   222374  0.0000000000E+00  3.2616472215E+19
   222474  0.0000000000E+00  3.2614945853E+19
   222574  0.0000000000E+00  3.2579544918E+19
   222674  0.0000000000E+00  3.2558260022E+19
   222774  0.0000000000E+00  3.2552968361E+19
   222874  0.0000000000E+00  3.2490808894E+19
   222974  0.0000000000E+00  3.2531587600E+19
   223074  0.0000000000E+00  3.2558218470E+19
   223174  0.0000000000E+00  3.2595247807E+19
   223274  0.0000000000E+00  3.2608685896E+19
   223374  0.0000000000E+00  3.2663211155E+19
   223474  0.0000000000E+00  3.2775842958E+19
   223574  0.0000000000E+00  3.2765333397E+19
   223674  0.0000000000E+00  3.2743215147E+19
   223774  0.0000000000E+00  3.2694757597E+19
   223874  0.0000000000E+00  3.2680361907E+19
   223974  0.0000000000E+00  3.2753686211E+19
   224074  0.0000000000E+00  3.2658810442E+19
   224174  0.0000000000E+00  3.2649283976E+19
   224274  0.0000000000E+00  3.2677159886E+19
   224374  0.0000000000E+00  3.2739346283E+19
   224474  0.0000000000E+00  4.9115431122E+19
   224574  0.0000000000E+00  4.9125810083E+19
   224674  0.0000000000E+00  4.9114504850E+19
   224774  0.0000000000E+00  4.9090690250E+19
   224874  0.0000000000E+00  4.9046492423E+19
   224974  0.0000000000E+00  4.9061796021E+19
   225074  0.0000000000E+00  4.8993334616E+19
   225174  0.0000000000E+00  4.8929084438E+19
   225274  0.0000000000E+00  4.8857239568E+19
   225374  0.0000000000E+00  4.8821744522E+19
   225474  0.0000000000E+00  4.8858313901E+19
   225574  0.0000000000E+00  4.8804257047E+19
   225674  0.0000000000E+00  4.8726048749E+19
   225774  0.0000000000E+00  4.8740060707E+19
   225874  0.0000000000E+00  4.8793434269E+19
   225974  0.0000000000E+00  4.8796797457E+19
   226074  0.0000000000E+00  4.8824220192E+19
   226174  0.0000000000E+00  4.8872575425E+19
   226274  0.0000000000E+00  4.8870292552E+19
   226374  0.0000000000E+00  4.8879018953E+19
   226474  0.0000000000E+00  4.8856555095E+19
   226574  0.0000000000E+00  4.8795431744E+19
   226674  0.0000000000E+00  4.8896919005E+19
   226774  0.0000000000E+00  4.8852430360E+19
   226874  0.0000000000E+00  4.8765015135E+19
   226974  0.0000000000E+00  4.8685739060E+19
   227074  0.0000000000E+00  4.8669998058E+19
   227174  0.0000000000E+00  4.8646569039E+19
   227274  0.0000000000E+00  4.8625643147E+19
   227374  0.0000000000E+00  4.8681683293E+19
   227474  0.0000000000E+00  7.3060527445E+19
   227574  0.0000000000E+00  7.3034551944E+19
   227674  0.0000000000E+00  7.3113264100E+19
   227774  0.0000000000E+00  7.3116095792E+19
   227874  0.0000000000E+00  7.3082485903E+19
   227974  0.0000000000E+00  7.2968156552E+19
   228074  0.0000000000E+00  7.2974009512E+19
   228174  0.0000000000E+00  7.2998561265E+19
   228274  0.0000000000E+00  7.2898293325E+19
   228374  0.0000000000E+00  7.2841595302E+19
   228474  0.0000000000E+00  7.2905807863E+19
   228574  0.0000000000E+00  7.3020141508E+19
   228674  0.0000000000E+00  7.2986063914E+19
   228774  0.0000000000E+00  7.2924512271E+19
   228874  0.0000000000E+00  7.2938122150E+19
   228974  0.0000000000E+00  7.2849831922E+19
   229074  0.0000000000E+00  7.2856006521E+19
   229174  0.0000000000E+00  7.2894947370E+19
   229274  0.0000000000E+00  7.2808289180E+19
   229374  0.0000000000E+00  7.2894941010E+19
   229474  0.0000000000E+00  7.2989623364E+19
   229574  0.0000000000E+00  7.2916380727E+19
   229674  0.0000000000E+00  7.3079730639E+19
   229774  0.0000000000E+00  7.3105786651E+19
   229874  0.0000000000E+00  7.3059123645E+19
   229974  0.0000000000E+00  7.3034204322E+19
   230074  0.0000000000E+00  7.3040590232E+19
