 ######
     5100 -2.7738133568E+08  1.1582315769E+12
     5200 -2.7981565521E+08  2.2605444123E+10
     5300 -2.7979173810E+08  2.2605420060E+10
     5400 -2.8089016820E+08  2.2597734472E+10
     5500 -2.8147062258E+08  2.2592113205E+10
     5600 -2.8283131757E+08  2.2572733332E+10
     5700 -2.8264723063E+08  2.2572180953E+10
     5800 -2.8393122556E+08  2.2583637828E+10
     5900 -2.8346002358E+08  2.2552794932E+10
     6000 -2.8404704834E+08  2.2580447910E+10
     6100 -2.8556012313E+08  2.2618430467E+10
     6200 -2.8432155576E+08  2.2633307830E+10
     6300 -2.8482425485E+08  2.2648155404E+10
     6400 -2.8596244575E+08  2.2622334016E+10
     6500 -2.8530921747E+08  2.2609523388E+10
     6600 -2.8667640214E+08  2.2628947961E+10
     6700 -2.8654115813E+08  2.2647985024E+10
     6800 -2.8616380866E+08  2.2687883600E+10
     6900 -2.8621556950E+08  2.2680141884E+10
     7000 -2.8452412499E+08  2.2628188414E+10
     7100 -2.8492566593E+08  2.2628491012E+10
     7200 -2.8558194670E+08  2.2676856527E+10
     7300 -2.8449358051E+08  2.2731553926E+10
     7400 -2.8653523378E+08  2.2755158765E+10
     7500 -2.8912437500E+08  2.5835720241E+10
     7600 -2.9862694043E+08  2.5837348910E+10
     7700 -3.0618465196E+08  2.5821981662E+10
     7800 -3.1216347838E+08  2.5837140307E+10
     7900 -3.1409865580E+08  2.5824579503E+10
     8000 -3.1721876122E+08  2.5807993915E+10
     8100 -3.1941947737E+08  2.5835484892E+10
     8200 -3.2120368374E+08  2.5842553728E+10
     8300 -3.2056955958E+08  2.5858241410E+10
     8400 -3.2247777265E+08  2.5844481955E+10
     8500 -3.2590049378E+08  2.5827175262E+10
     8600 -3.2359808582E+08  2.5809424963E+10
     8700 -3.2607572596E+08  2.5823970690E+10
     8800 -3.2411312929E+08  2.5853016172E+10
     8900 -3.2453095981E+08  2.5854110494E+10
     9000 -3.2392208039E+08  2.5820313037E+10
     9100 -3.2750225866E+08  2.5816472193E+10
     9200 -3.2431401426E+08  2.5792538427E+10
     9300 -3.2645439964E+08  2.5794391122E+10
     9400 -3.2678836013E+08  2.5810680598E+10
     9500 -3.2637547292E+08  2.5766315070E+10
     9600 -3.2620136449E+08  2.5786150299E+10
     9700 -3.2512809180E+08  2.5797557657E+10
     9800 -3.2577880616E+08  2.5785595613E+10
     9900 -3.2490923956E+08  2.5786302444E+10
    10000 -3.2409252472E+08  2.5787394937E+10
    10100 -3.2495455377E+08  2.5816542928E+10
    10200 -3.2604541050E+08  2.5831488805E+10
    10300 -3.2504849828E+08  2.5862090586E+10
    10400 -3.2539986687E+08  2.5843046112E+10
    10500 -3.2515481970E+08  2.7619148885E+10
    10600 -3.3174804466E+08  2.7592039272E+10
    10700 -3.3860434700E+08  2.7572721065E+10
    10800 -3.4042482543E+08  2.7569771167E+10
    10900 -3.4060618792E+08  2.7536545906E+10
    11000 -3.4161822120E+08  2.7514918670E+10
    11100 -3.4287437624E+08  2.7509219963E+10
    11200 -3.4046145258E+08  2.7484121934E+10
    11300 -3.4421989345E+08  2.7473739282E+10
    11400 -3.4346370192E+08  2.7482938825E+10
    11500 -3.4536257561E+08  2.7451104150E+10
    11600 -3.4520356029E+08  2.7447645635E+10
    11700 -3.4583844331E+08  2.7417210188E+10
    11800 -3.4579633884E+08  2.7373249066E+10
    11900 -3.4423972129E+08  2.7374471538E+10
    12000 -3.4326154480E+08  2.7434171247E+10
    12100 -3.4646015299E+08  2.7417249187E+10
    12200 -3.4524078630E+08  2.7436870051E+10
    12300 -3.4367427749E+08  2.7421223485E+10
    12400 -3.4412561819E+08  2.7467588575E+10
    12500 -3.4442997916E+08  2.7478148606E+10
    12600 -3.4652595558E+08  2.7425826374E+10
    12700 -3.4524912525E+08  2.7415434049E+10
    12800 -3.4523490460E+08  2.7403738336E+10
    12900 -3.4313362254E+08  2.7412519706E+10
    13000 -3.4397462164E+08  2.7461307809E+10
    13100 -3.4674364495E+08  2.7513101451E+10
    13200 -3.4742348743E+08  2.7496199117E+10
    13300 -3.4675552481E+08  2.7454701596E+10
    13400 -3.4519196220E+08  2.7406326620E+10
    13500 -3.4800112642E+08  2.8466382620E+10
    13600 -3.5033164286E+08  2.8479775905E+10
    13700 -3.5426152074E+08  2.8520381819E+10
    13800 -3.5721712028E+08  2.8482778971E+10
    13900 -3.5679919526E+08  2.8457841996E+10
    14000 -3.5584208086E+08  2.8440001944E+10
    14100 -3.5888097668E+08  2.8413572019E+10
    14200 -3.5792394011E+08  2.8393403388E+10
    14300 -3.5702071911E+08  2.8370722299E+10
    14400 -3.5794775887E+08  2.8335475717E+10
    14500 -3.5641878985E+08  2.8264562473E+10
    14600 -3.5810885162E+08  2.8263786787E+10
    14700 -3.5528814239E+08  2.8228586426E+10
    14800 -3.5605042693E+08  2.8233272534E+10
    14900 -3.5647812947E+08  2.8241325042E+10
    15000 -3.5792801375E+08  2.8214887094E+10
    15100 -3.5439527944E+08  2.8271480132E+10
    15200 -3.5691890388E+08  2.8317336983E+10
    15300 -3.5751285676E+08  2.8364127118E+10
    15400 -3.5922675564E+08  2.8349276740E+10
    15500 -3.5783286002E+08  2.8331356881E+10
    15600 -3.5905709738E+08  2.8385680532E+10
    15700 -3.5726961013E+08  2.8417291877E+10
    15800 -3.5650265880E+08  2.8477655984E+10
    15900 -3.5797969678E+08  2.8450081039E+10
    16000 -3.5827109836E+08  2.8418448910E+10
    16100 -3.5891382599E+08  2.8410526508E+10
    16200 -3.5936038584E+08  2.8385516357E+10
    16300 -3.5762722678E+08  2.8336757770E+10
    16400 -3.5571338052E+08  2.8282297321E+10
    16500 -2.4763587982E+08  2.8322565686E+10
    16600 -3.5761911146E+08  2.8362805630E+10
    16700 -3.5718384124E+08  2.8370769264E+10
    16800 -3.5844722202E+08  2.8418744576E+10
    16900 -3.5869198321E+08  2.8394683339E+10
    17000 -3.5823317779E+08  2.8411116951E+10
    17100 -3.5829196783E+08  2.8429531870E+10
    17200 -3.5863653661E+08  2.8412324558E+10
    17300 -3.5848647353E+08  2.8395594916E+10
    17400 -3.5828846957E+08  2.8402821950E+10
    17500 -3.5847399958E+08  2.8410466047E+10
    17600 -3.5902042976E+08  2.8451978006E+10
    17700 -3.5926363363E+08  2.8444166540E+10
    17800 -3.5904750113E+08  2.8485689077E+10
    17900 -3.5989687854E+08  2.8545539639E+10
    18000 -3.6017375240E+08  2.8564585142E+10
    18100 -3.5983024218E+08  2.8545227664E+10
    18200 -3.5996159058E+08  2.8504906419E+10
    18300 -3.5948148848E+08  2.8542226272E+10
    18400 -3.6051691200E+08  2.8555690122E+10
    18500 -3.6050588119E+08  2.8511356991E+10
    18600 -3.5939716299E+08  2.8483609788E+10
    18700 -3.5941530631E+08  2.8490943823E+10
    18800 -3.5968051416E+08  2.8508476268E+10
    18900 -3.5951407846E+08  2.8499378776E+10
    19000 -3.5956520363E+08  2.8492434911E+10
    19100 -3.5971971556E+08  2.8564023189E+10
    19200 -3.5965681961E+08  2.8552878835E+10
    19300 -3.5949972149E+08  2.8541858907E+10
    19400 -3.5892457730E+08  2.8495070214E+10
    19500 -3.5907565372E+08  2.8492150656E+10
    19600 -3.5936197260E+08  2.8527311212E+10
    19700 -3.5981365798E+08  2.8575036778E+10
    19800 -3.6005834782E+08  2.8636073399E+10
    19900 -3.6069966598E+08  2.8628639484E+10
    20000 -3.6006452816E+08  2.8595513888E+10
    20100 -3.6057017754E+08  2.8598658494E+10
    20200 -3.6113723581E+08  2.8618349048E+10
    20300 -3.6062239828E+08  2.8634036231E+10
    20400 -3.5989571387E+08  2.8634524239E+10
    20500 -3.6020312163E+08  2.8607346801E+10
    20600 -3.6029456299E+08  2.8624326467E+10
    20700 -3.6016233050E+08  2.8591727007E+10
    20800 -3.6047443316E+08  2.8594713846E+10
    20900 -3.6024905460E+08  2.8565517996E+10
    21000 -3.5915080021E+08  2.8560028222E+10
    21100 -3.5949268846E+08  2.8558213648E+10
    21200 -3.6008153397E+08  2.8552484024E+10
    21300 -3.5989013303E+08  2.8575008666E+10
    21400 -3.6024012054E+08  2.8527142845E+10
    21500 -3.5964733113E+08  2.8545852023E+10
    21600 -3.5962922203E+08  2.8538066313E+10
    21700 -3.5911046197E+08  2.8547762068E+10
    21800 -3.5965378622E+08  2.8585497486E+10
    21900 -3.6031866817E+08  2.8553444935E+10
    22000 -3.5960007620E+08  2.8566679692E+10
    22100 -3.6013882138E+08  2.8578055196E+10
    22200 -3.6077351524E+08  2.8613371613E+10
    22300 -3.6064992436E+08  2.8613132478E+10
    22400 -3.6047561117E+08  2.8598354052E+10
    22500 -3.5969984047E+08  2.8604437758E+10
    22600 -3.6027071142E+08  2.8592607091E+10
    22700 -3.6032702880E+08  2.8578783137E+10
    22800 -3.5988931073E+08  2.8549186661E+10
    22900 -3.5990939258E+08  2.8513252835E+10
    23000 -3.5966173778E+08  2.8479572834E+10
    23100 -3.5979665116E+08  2.8482562471E+10
    23200 -3.5915398051E+08  2.8482924559E+10
    23300 -3.5887908665E+08  2.8447491056E+10
    23400 -3.5863171934E+08  2.8456601981E+10
    23500 -3.5918966924E+08  2.8472954426E+10
    23600 -3.5767548717E+08  2.8437395889E+10
    23700 -3.5779284138E+08  2.8397199114E+10
    23800 -3.5735034579E+08  2.8397512864E+10
    23900 -3.5841318721E+08  2.8442812622E+10
    24000 -3.5925239578E+08  2.8493001074E+10
    24100 -3.5869067684E+08  2.8525516182E+10
    24200 -3.5953555709E+08  2.8522121500E+10
    24300 -3.5945622645E+08  2.8538231507E+10
    24400 -3.6015285422E+08  2.8562079460E+10
    24500 -3.5957640646E+08  2.8523644447E+10
    24600 -3.5985485313E+08  2.8533790104E+10
    24700 -3.5961218657E+08  2.8565545266E+10
    24800 -3.6025549344E+08  2.8568962261E+10
    24900 -3.5935152996E+08  2.8533194864E+10
    25000 -3.5999040761E+08  2.8538855142E+10
    25100 -3.6105859301E+08  2.8563401757E+10
    25200 -3.5970787936E+08  2.8562081437E+10
    25300 -3.5975186657E+08  2.8533900792E+10
    25400 -3.5998974666E+08  2.8539708948E+10
    25500 -3.5990991610E+08  2.8578814261E+10
    25600 -3.6093319705E+08  2.8635368351E+10
    25700 -3.6086071089E+08  2.8655437380E+10
    25800 -3.6127377835E+08  2.8649555625E+10
    25900 -3.6057990796E+08  2.8635588029E+10
    26000 -3.5956256341E+08  2.8583999640E+10
    26100 -3.6068230340E+08  2.8574176408E+10
    26200 -3.6082109819E+08  2.8556716128E+10
    26300 -3.6019098556E+08  2.8535990053E+10
    26400 -3.5971818282E+08  2.8525437393E+10
    26500 -3.6044216535E+08  2.8528023608E+10
    26600 -3.6019466293E+08  2.8560304796E+10
    26700 -3.6057777321E+08  2.8581213504E+10
    26800 -3.6042370820E+08  2.8570587890E+10
    26900 -3.6001124546E+08  2.8584336487E+10
    27000 -3.6023251456E+08  2.8595340504E+10
    27100 -3.6057287512E+08  2.8609302235E+10
    27200 -3.6119557557E+08  2.8592195547E+10
    27300 -3.6060275125E+08  2.8551401783E+10
    27400 -3.6034018934E+08  2.8544802295E+10
    27500 -3.6027334929E+08  2.8547713478E+10
    27600 -3.6029258038E+08  2.8552821402E+10
    27700 -3.6044309328E+08  2.8570123162E+10
    27800 -3.6027322554E+08  2.8586727587E+10
    27900 -3.6021106331E+08  2.8563982101E+10
    28000 -3.6061301584E+08  2.8570060903E+10
    28100 -3.6048106881E+08  2.8557831876E+10
    28200 -3.6046091330E+08  2.8503117839E+10
    28300 -3.5961870475E+08  2.8500237751E+10
    28400 -3.5940775325E+08  2.8519450902E+10
    28500 -3.5981317375E+08  2.8537160140E+10
    28600 -3.6048122435E+08  2.8589358610E+10
    28700 -3.6052676278E+08  2.8605421161E+10
    28800 -3.6009685577E+08  2.8614527520E+10
    28900 -3.6082935986E+08  2.8620874332E+10
    29000 -3.6062287456E+08  2.8622992614E+10
    29100 -3.6062898255E+08  2.8617578446E+10
    29200 -3.6044536731E+08  2.8582256418E+10
    29300 -3.5990637887E+08  2.8550684648E+10
    29400 -3.6048911999E+08  2.8542985561E+10
    29500 -3.6066419709E+08  2.8539554731E+10
    29600 -3.6001802868E+08  2.8557306881E+10
    29700 -3.6030691805E+08  2.8557173198E+10
    29800 -3.5995196151E+08  2.8531997186E+10
    29900 -3.5906566056E+08  2.8502920333E+10
    30000 -3.5967332691E+08  2.8494847626E+10
    30100 -3.5954926746E+08  2.8480487921E+10
    30200 -3.5903232127E+08  2.8452371726E+10
    30300 -3.5853635404E+08  2.8461316075E+10
    30400 -3.5890622229E+08  2.8470286254E+10
    30500 -3.5867399608E+08  2.8452421167E+10
    30600 -3.5876274706E+08  2.8501323797E+10
    30700 -3.6005358464E+08  2.8515620662E+10
    30800 -3.6005366023E+08  2.8538090720E+10
    30900 -3.5930863997E+08  2.8554707335E+10
    31000 -3.5975207161E+08  2.8532335116E+10
    31100 -3.5961445643E+08  2.8555019257E+10
    31200 -3.5945070937E+08  2.8568039494E+10
    31300 -3.6025134766E+08  2.8587044129E+10
    31400 -3.6027096896E+08  2.8545690520E+10
    31500 -3.5973299576E+08  2.8541575301E+10
    31600 -3.5990347275E+08  2.8597085329E+10
    31700 -3.6116069751E+08  2.8621418482E+10
    31800 -3.6140449704E+08  2.8597538928E+10
    31900 -3.6146091308E+08  2.8576041864E+10
    32000 -3.6041175715E+08  2.8580631312E+10
    32100 -3.6059134428E+08  2.8618336248E+10
    32200 -3.6065107488E+08  2.8586338686E+10
    32300 -3.6055590288E+08  2.8622252314E+10
    32400 -3.6040482305E+08  2.8639269980E+10
    32500 -3.5986086870E+08  2.8615270675E+10
    32600 -3.6030941219E+08  2.8592973866E+10
    32700 -3.6017230901E+08  2.8615180539E+10
    32800 -3.6045358275E+08  2.8638368694E+10
    32900 -3.6141464927E+08  2.8664785763E+10
    33000 -3.6100141011E+08  2.8671903645E+10
    33100 -3.6063008588E+08  2.8647788892E+10
    33200 -3.6044793888E+08  2.8624170417E+10
    33300 -3.6105910987E+08  2.8646265786E+10
    33400 -3.6169279497E+08  2.8648972988E+10
    33500 -3.6160839798E+08  2.8671405001E+10
    33600 -3.6141846602E+08  2.8715317135E+10
    33700 -3.6258576674E+08  2.8726974824E+10
    33800 -3.6225514929E+08  2.8697765604E+10
    33900 -3.6213461474E+08  2.8674320404E+10
    34000 -3.6141202236E+08  2.8628472180E+10
    34100 -3.6135843068E+08  2.8583804265E+10
    34200 -3.6007352993E+08  2.8514999279E+10
    34300 -3.5953941290E+08  2.8523829398E+10
    34400 -3.5958698829E+08  2.8546772387E+10
    34500 -3.6013807428E+08  2.8554660684E+10
    34600 -3.5958323370E+08  2.8540294532E+10
    34700 -3.5968385382E+08  2.8537369085E+10
    34800 -3.5942845593E+08  2.8528369247E+10
    34900 -3.5912327860E+08  2.8506403860E+10
    35000 -3.5928494686E+08  2.8492437552E+10
    35100 -3.5980280517E+08  2.8525798783E+10
    35200 -3.5928910070E+08  2.8510541643E+10
    35300 -3.5935363274E+08  2.8525339958E+10
    35400 -3.5929264393E+08  2.8534099425E+10
    35500 -3.5960276469E+08  2.8536498331E+10
    35600 -3.5985790082E+08  2.8551957983E+10
    35700 -3.6007005058E+08  2.8558609790E+10
    35800 -3.6074702068E+08  2.8547463644E+10
    35900 -3.5960808263E+08  2.8531086261E+10
    36000 -3.5985064287E+08  2.8559735446E+10
    36100 -3.6011963752E+08  2.8543640336E+10
    36200 -3.5988507807E+08  2.8537903284E+10
    36300 -3.5994999598E+08  2.8490303197E+10
    36400 -3.5952865492E+08  2.8510717684E+10
    36500 -3.5983613833E+08  2.8510072750E+10
    36600 -3.5977387487E+08  2.8515235278E+10
    36700 -3.5882507064E+08  2.8476104210E+10
    36800 -3.5916566641E+08  2.8472376662E+10
    36900 -3.5862092889E+08  2.8495793654E+10
    37000 -3.5936261721E+08  2.8543313990E+10
    37100 -3.6050250303E+08  2.8557112893E+10
    37200 -3.6002965555E+08  2.8495927596E+10
    37300 -3.5907373829E+08  2.8485401037E+10
    37400 -3.6003421177E+08  2.8495719723E+10
    37500 -3.5982582331E+08  2.8508099310E+10
    37600 -3.5994354321E+08  2.8510918027E+10
    37700 -3.5944459964E+08  2.8492121117E+10
    37800 -3.5909927956E+08  2.8501979721E+10
    37900 -3.5918506553E+08  2.8520272259E+10
    38000 -3.5891502150E+08  2.8507202529E+10
    38100 -3.5920270578E+08  2.8508688366E+10
    38200 -3.6043191196E+08  2.8550195112E+10
    38300 -3.5968536651E+08  2.8572218781E+10
    38400 -3.5970595744E+08  2.8578007705E+10
    38500 -3.5998391736E+08  2.8568500993E+10
    38600 -3.6005038628E+08  2.8561507395E+10
    38700 -3.6024573439E+08  2.8566136363E+10
    38800 -3.5986837244E+08  2.8534606047E+10
    38900 -3.5959657239E+08  2.8503273314E+10
    39000 -3.5967855272E+08  2.8494371572E+10
    39100 -3.5937984701E+08  2.8480737049E+10
    39200 -3.5959751931E+08  2.8442889540E+10
    39300 -3.5917656846E+08  2.8410345383E+10
    39400 -3.5864713178E+08  2.8406170100E+10
    39500 -3.5871375811E+08  2.8429782449E+10
    39600 -3.5812533342E+08  2.8415333777E+10
    39700 -3.5848352175E+08  2.8449782756E+10
    39800 -3.5881113170E+08  2.8475210214E+10
    39900 -3.5882893319E+08  2.8450816163E+10
    40000 -3.5954995126E+08  2.8477934431E+10
    40100 -3.5850396015E+08  2.8479767107E+10
    40200 -3.5933437433E+08  2.8471187420E+10
    40300 -3.5974260449E+08  2.8475703681E+10
    40400 -3.6011539374E+08  2.8494092654E+10
    40500 -3.6031328760E+08  2.8520006378E+10
    40600 -3.5976074648E+08  2.8528457370E+10
    40700 -3.6018527255E+08  2.8525562167E+10
    40800 -3.6016476003E+08  2.8512934516E+10
    40900 -3.5921053598E+08  2.8499490448E+10
    41000 -3.5965977972E+08  2.8515149564E+10
    41100 -3.6016014322E+08  2.8517783846E+10
    41200 -3.6019504958E+08  2.8516905774E+10
    41300 -3.5960550619E+08  2.8473381487E+10
    41400 -3.6002602671E+08  2.8441405827E+10
    41500 -3.5978900913E+08  2.8435307463E+10
    41600 -3.5961882513E+08  2.8441661266E+10
    41700 -3.5898614325E+08  2.8480005160E+10
    41800 -3.5932523492E+08  2.8496825590E+10
    41900 -3.5917455778E+08  2.8497941063E+10
    42000 -3.5934740103E+08  2.8499962426E+10
    42100 -3.5908467958E+08  2.8506273946E+10
    42200 -3.5982545628E+08  2.8528450911E+10
    42300 -3.5986054280E+08  2.8518205412E+10
    42400 -3.5814106436E+08  2.8520468866E+10
    42500 -3.6023777912E+08  2.8568758225E+10
    42600 -3.6081918645E+08  2.8604623589E+10
    42700 -3.6071982888E+08  2.8611965949E+10
    42800 -3.6053223099E+08  2.8594923003E+10
    42900 -3.5984880881E+08  2.8564625865E+10
    43000 -3.5943285933E+08  2.8563895422E+10
    43100 -3.6113506981E+08  2.8571016036E+10
    43200 -3.6062354701E+08  2.8547788228E+10
    43300 -3.5995897413E+08  2.8531712311E+10
    43400 -3.5967680029E+08  2.8511601856E+10
    43500 -3.5957030478E+08  2.8548691297E+10
    43600 -3.6062788446E+08  2.8581993390E+10
    43700 -3.6030235165E+08  2.8602977884E+10
    43800 -3.6113544607E+08  2.8626046228E+10
    43900 -3.6039868289E+08  2.8628672037E+10
    44000 -3.6032457827E+08  2.8587218659E+10
    44100 -3.6021580863E+08  2.8573720961E+10
    44200 -3.5944860189E+08  2.8567556208E+10
    44300 -3.6041796990E+08  2.8573090294E+10
    44400 -3.6019257938E+08  2.8602797687E+10
    44500 -3.5984827635E+08  2.8629153040E+10
    44600 -3.6004085500E+08  2.8605417198E+10
    44700 -3.6000264996E+08  2.8564068774E+10
    44800 -3.6003956980E+08  2.8525062355E+10
    44900 -3.6067018561E+08  2.8547807373E+10
    45000 -3.5944242045E+08  2.8524089516E+10
    45100 -3.5950208362E+08  2.8520150433E+10
    45200 -3.5934193704E+08  2.8534023851E+10
    45300 -3.5985061172E+08  2.8578633551E+10
    45400 -3.6083671105E+08  2.8625586131E+10
    45500 -3.6196199501E+08  2.8654658953E+10
    45600 -3.6119725978E+08  2.8577778023E+10
    45700 -3.6082912670E+08  2.8583841136E+10
    45800 -3.6116023951E+08  2.8600442431E+10
    45900 -3.6022250038E+08  2.8591806489E+10
    46000 -3.6034545887E+08  2.8566864963E+10
    46100 -3.6045065439E+08  2.8613709735E+10
    46200 -3.6037948720E+08  2.8626993578E+10
    46300 -3.6067100460E+08  2.8642520710E+10
    46400 -3.5930595517E+08  2.8585040546E+10
    46500 -3.6024116168E+08  2.8580213716E+10
    46600 -3.5999921452E+08  2.8548257327E+10
    46700 -3.5923276683E+08  2.8542776423E+10
    46800 -3.6053104469E+08  2.8589023650E+10
    46900 -3.6043843654E+08  2.8627094402E+10
    47000 -3.6091819120E+08  2.8670094426E+10
    47100 -3.6117762746E+08  2.8678154680E+10
    47200 -3.6105093699E+08  2.8680048892E+10
    47300 -3.6098876750E+08  2.8696379241E+10
    47400 -3.6094465429E+08  2.8638404812E+10
    47500 -3.6042143940E+08  2.8584722444E+10
    47600 -3.6026613534E+08  2.8571905595E+10
    47700 -3.6034882681E+08  2.8536943675E+10
    47800 -3.6058394967E+08  2.8514015585E+10
    47900 -3.6078446890E+08  2.8531913816E+10
    48000 -3.5980639709E+08  2.8542151846E+10
    48100 -3.5971515727E+08  2.8554276514E+10
    48200 -3.5983534199E+08  2.8565337470E+10
    48300 -3.5962331369E+08  2.8515422315E+10
    48400 -3.5941230147E+08  2.8547002846E+10
    48500 -3.5987111175E+08  2.8599164748E+10
    48600 -3.5985591616E+08  2.8580632482E+10
    48700 -3.6095535149E+08  2.8574480644E+10
    48800 -3.5989236492E+08  2.8539583249E+10
    48900 -3.6069565977E+08  2.8593415761E+10
    49000 -3.6017223331E+08  2.8581414977E+10
    49100 -3.6018472789E+08  2.8574368390E+10
    49200 -3.6007779477E+08  2.8586215463E+10
    49300 -3.5976454326E+08  2.8600409074E+10
    49400 -3.6037653627E+08  2.8620788816E+10
    49500 -3.5993227152E+08  2.8607747875E+10
    49600 -3.6090380824E+08  2.8607140816E+10
    49700 -3.6197387945E+08  2.8643275330E+10
    49800 -3.6139154073E+08  2.8686961785E+10
    49900 -3.6116251652E+08  2.8638779099E+10
    50000 -3.6013201892E+08  2.8614952514E+10
    50100 -3.6035743333E+08  2.8613124422E+10
    50200 -3.6109118155E+08  2.8616647600E+10
    50300 -3.6059112485E+08  2.8615224623E+10
    50400 -3.6055147452E+08  2.8613390111E+10
    50500 -3.6006576464E+08  2.8599569104E+10
    50600 -3.5905205737E+08  2.8572865436E+10
    50700 -3.5979746520E+08  2.8565206137E+10
    50800 -3.5980658550E+08  2.8541725967E+10
    50900 -3.5952600443E+08  2.8521861846E+10
    51000 -3.6002150198E+08  2.8537607474E+10
    51100 -3.5975507794E+08  2.8556479609E+10
    51200 -3.5857703194E+08  2.8556737091E+10
    51300 -3.5983761212E+08  2.8567319177E+10
    51400 -3.5960619045E+08  2.8564515543E+10
    51500 -3.5881292865E+08  2.8563048861E+10
    51600 -3.5932868758E+08  2.8563902897E+10
    51700 -3.5973134059E+08  2.8601063488E+10
    51800 -3.6010611903E+08  2.8623799102E+10
    51900 -3.6027068062E+08  2.8626982324E+10
    52000 -3.6018077974E+08  2.8598702874E+10
    52100 -3.6054213985E+08  2.8602379537E+10
    52200 -3.5919896106E+08  2.8591373706E+10
    52300 -3.6060925954E+08  2.8604521231E+10
    52400 -3.6026638318E+08  2.8591219469E+10
    52500 -3.5984416769E+08  2.8583216617E+10
    52600 -3.6054110650E+08  2.8591857651E+10
    52700 -3.6057580598E+08  2.8571697165E+10
    52800 -3.5976207574E+08  2.8559065219E+10
    52900 -3.5960660437E+08  2.8512387282E+10
    53000 -3.6070725649E+08  2.8528164381E+10
    53100 -3.5993977740E+08  2.8576604621E+10
    53200 -3.6011890888E+08  2.8566627262E+10
    53300 -3.5961000806E+08  2.8510805078E+10
    53400 -3.5972609152E+08  2.8507779224E+10
    53500 -3.5972464083E+08  2.8524477993E+10
    53600 -3.6066809888E+08  2.8565293563E+10
    53700 -3.6053929643E+08  2.8545303925E+10
    53800 -3.6030025355E+08  2.8526690335E+10
    53900 -3.5953554170E+08  2.8544647920E+10
    54000 -3.6040839460E+08  2.8517448316E+10
    54100 -3.5877342110E+08  2.8480808412E+10
    54200 -3.5947968593E+08  2.8502837401E+10
    54300 -3.5985405908E+08  2.8520070248E+10
    54400 -3.5922602307E+08  2.8548442491E+10
    54500 -3.6059725141E+08  2.8576938438E+10
    54600 -3.6006307237E+08  2.8525584644E+10
    54700 -3.5932671484E+08  2.8474428164E+10
    54800 -3.5892002145E+08  2.8480248159E+10
    54900 -3.5899360804E+08  2.8478814020E+10
    55000 -3.5867262459E+08  2.8462931710E+10
    55100 -3.5845034846E+08  2.8498259732E+10
    55200 -3.5889142601E+08  2.8511843984E+10
    55300 -3.5904262267E+08  2.8563160918E+10
    55400 -3.5933694289E+08  2.8541745276E+10
    55500 -3.6048586280E+08  2.8578653892E+10
    55600 -3.5995138717E+08  2.8588471418E+10
    55700 -3.6013871638E+08  2.8574608445E+10
    55800 -3.6063423681E+08  2.8529550531E+10
    55900 -3.6059630280E+08  2.8516328672E+10
    56000 -3.6011205639E+08  2.8514711895E+10
    56100 -3.6087183252E+08  2.8540896404E+10
    56200 -3.6023077068E+08  2.8568324189E+10
    56300 -3.6008371635E+08  2.8559028853E+10
    56400 -3.6043036476E+08  2.8569898713E+10
    56500 -3.6007419141E+08  2.8591317737E+10
    56600 -3.6033222789E+08  2.8591707962E+10
    56700 -3.6072841404E+08  2.8595903643E+10
    56800 -3.5999922412E+08  2.8576761790E+10
    56900 -3.6035942345E+08  2.8570407582E+10
    57000 -3.6042403125E+08  2.8560290692E+10
    57100 -3.5956218996E+08  2.8574058570E+10
    57200 -3.5972695396E+08  2.8589280832E+10
    57300 -3.5925370743E+08  2.8592010818E+10
    57400 -3.6021276765E+08  2.8569990109E+10
    57500 -3.5974047807E+08  2.8549934924E+10
    57600 -3.6057857352E+08  2.8558353593E+10
    57700 -3.6079879598E+08  2.8587723244E+10
    57800 -3.6064497291E+08  2.8621333505E+10
    57900 -3.6128277102E+08  2.8648706335E+10
    58000 -3.6071069518E+08  2.8618949535E+10
    58100 -3.6131542548E+08  2.8621737815E+10
    58200 -3.6110682786E+08  2.8593347258E+10
    58300 -3.6047733368E+08  2.8551471891E+10
    58400 -3.5968553544E+08  2.8527870639E+10
    58500 -3.6074088134E+08  2.8582250990E+10
    58600 -3.6011678936E+08  2.8581488292E+10
    58700 -3.5971632793E+08  2.8541219285E+10
    58800 -3.6019052216E+08  2.8524351330E+10
    58900 -3.5997827689E+08  2.8552264310E+10
    59000 -3.6022957165E+08  2.8565933247E+10
    59100 -3.5966755189E+08  2.8604298575E+10
    59200 -3.5971792846E+08  2.8609128196E+10
    59300 -3.5996307417E+08  2.8584106226E+10
    59400 -3.5994544954E+08  2.8585835369E+10
    59500 -3.6000852799E+08  2.8559567503E+10
    59600 -3.5888433500E+08  2.8561461847E+10
    59700 -3.5985412514E+08  2.8563727645E+10
    59800 -3.6001382542E+08  2.8559775076E+10
    59900 -3.5969766719E+08  2.8545349075E+10
    60000 -3.5963834132E+08  2.8525642004E+10
    60100 -3.6016671168E+08  2.8537268286E+10
    60200 -3.5991201143E+08  2.8525334456E+10
    60300 -3.5978633814E+08  2.8496602357E+10
    60400 -3.6039477068E+08  2.8523788107E+10
    60500 -3.5961472698E+08  2.8567297780E+10
    60600 -3.6011788042E+08  2.8518900866E+10
    60700 -3.6042285760E+08  2.8515829422E+10
    60800 -3.5946059435E+08  2.8523245972E+10
    60900 -3.6050181446E+08  2.8516055022E+10
    61000 -3.5979540478E+08  2.8534794232E+10
    61100 -3.6023446192E+08  2.8548193891E+10
    61200 -3.6001031188E+08  2.8526148836E+10
    61300 -3.6002383033E+08  2.8502875910E+10
    61400 -3.5904658676E+08  2.8513519256E+10
    61500 -3.6035314784E+08  2.8525452011E+10
    61600 -3.6033844343E+08  2.8516111643E+10
    61700 -3.6078589628E+08  2.8569200069E+10
    61800 -3.6090006862E+08  2.8573921809E+10
    61900 -3.6015812119E+08  2.8562336599E+10
    62000 -3.5975118568E+08  2.8497372161E+10
    62100 -3.5962398597E+08  2.8492071261E+10
    62200 -3.6065614431E+08  2.8539869105E+10
    62300 -3.6016897666E+08  2.8570459955E+10
    62400 -3.5984876695E+08  2.8520988035E+10
    62500 -3.5963994565E+08  2.8500173672E+10
    62600 -3.5966279430E+08  2.8539368351E+10
    62700 -3.6024014370E+08  2.8567428117E+10
    62800 -3.6007300305E+08  2.8590592277E+10
    62900 -3.6165548749E+08  2.8618716438E+10
    63000 -3.6067802959E+08  2.8594672385E+10
    63100 -3.6120352249E+08  2.8631397538E+10
    63200 -3.6159528970E+08  2.8604264542E+10
    63300 -3.6079274673E+08  2.8617459715E+10
    63400 -3.6057063697E+08  2.8622114449E+10
    63500 -3.6060053740E+08  2.8591309406E+10
    63600 -3.6084622023E+08  2.8587041289E+10
    63700 -3.6032790063E+08  2.8601164837E+10
    63800 -3.6051057311E+08  2.8602244282E+10
    63900 -3.6021647644E+08  2.8572845422E+10
    64000 -3.5967587811E+08  2.8538438737E+10
    64100 -3.5949748969E+08  2.8529519515E+10
    64200 -3.5951853890E+08  2.8527565055E+10
    64300 -3.5938673214E+08  2.8544549649E+10
    64400 -3.5954725701E+08  2.8506509492E+10
    64500 -3.5921175972E+08  2.8495765596E+10
    64600 -3.5894597681E+08  2.8488214543E+10
    64700 -3.5929090624E+08  2.8494280437E+10
    64800 -3.5940834801E+08  2.8490752924E+10
    64900 -3.5964706502E+08  2.8515571260E+10
    65000 -3.5924702898E+08  2.8506689795E+10
    65100 -3.5957860691E+08  2.8491820455E+10
    65200 -3.5944934248E+08  2.8505175944E+10
    65300 -3.5991753490E+08  2.8535191550E+10
    65400 -3.6029092985E+08  2.8543145125E+10
    65500 -3.5967888147E+08  2.8548460820E+10
    65600 -3.5965242886E+08  2.8528480674E+10
    65700 -3.6029105066E+08  2.8528599938E+10
    65800 -3.5954735613E+08  2.8510505686E+10
    65900 -3.5888229341E+08  2.8508018889E+10
    66000 -3.5831150863E+08  2.8526282995E+10
    66100 -3.5944577588E+08  2.8561534994E+10
    66200 -3.5996737220E+08  2.8579929136E+10
    66300 -3.6030270992E+08  2.8588414445E+10
    66400 -3.6001139829E+08  2.8610677213E+10
    66500 -3.6007637596E+08  2.8620205223E+10
    66600 -3.6053583657E+08  2.8575077089E+10
    66700 -3.6032523099E+08  2.8602222988E+10
    66800 -3.6115547263E+08  2.8618917313E+10
    66900 -3.6029204468E+08  2.8567699797E+10
    67000 -3.6026817754E+08  2.8527798481E+10
    67100 -3.6011557742E+08  2.8528076989E+10
    67200 -3.5963584434E+08  2.8527381581E+10
    67300 -3.5965600700E+08  2.8531193215E+10
    67400 -3.6069012278E+08  2.8561673189E+10
    67500 -3.5948708657E+08  2.8572188663E+10
    67600 -3.6097105900E+08  2.8626131175E+10
    67700 -3.6090517021E+08  2.8619272593E+10
    67800 -3.6117098099E+08  2.8595612511E+10
    67900 -3.6085951049E+08  2.8550934407E+10
    68000 -3.6029816187E+08  2.8532180860E+10
    68100 -3.5989335405E+08  2.8572049925E+10
    68200 -3.6014014363E+08  2.8588975343E+10
    68300 -3.5998402432E+08  2.8594462308E+10
    68400 -3.5951029157E+08  2.8578827188E+10
    68500 -3.6011262967E+08  2.8590871751E+10
    68600 -3.6071139097E+08  2.8579205784E+10
    68700 -3.6056721656E+08  2.8572112697E+10
    68800 -3.5986033891E+08  2.8561264811E+10
    68900 -3.6051097676E+08  2.8566846279E+10
    69000 -3.6040315035E+08  2.8588665249E+10
    69100 -3.6093970096E+08  2.8616395423E+10
    69200 -3.6178188450E+08  2.8628522264E+10
    69300 -3.6115344689E+08  2.8638353724E+10
    69400 -3.6097135456E+08  2.8624968023E+10
    69500 -3.6123596273E+08  2.8603303163E+10
    69600 -3.6131259021E+08  2.8595418451E+10
    69700 -3.6016910995E+08  2.8559450315E+10
    69800 -3.6021179421E+08  2.8542670409E+10
    69900 -3.5984687243E+08  2.8499392996E+10
    70000 -3.6001894981E+08  2.8498506911E+10
    70100 -3.5981229853E+08  2.8520068525E+10
    70200 -3.5988823627E+08  2.8515048158E+10
    70300 -3.5869979841E+08  2.8523257185E+10
    70400 -3.5955935086E+08  2.8536560868E+10
    70500 -3.5960923823E+08  2.8504426361E+10
    70600 -3.5956898374E+08  2.8496802792E+10
    70700 -3.6010055897E+08  2.8531228955E+10
    70800 -3.6017222955E+08  2.8529177100E+10
    70900 -3.5992482557E+08  2.8512800107E+10
    71000 -3.5899743908E+08  2.8473671729E+10
    71100 -3.5916050462E+08  2.8454761696E+10
    71200 -3.5919689849E+08  2.8501365165E+10
    71300 -3.5931078508E+08  2.8556742083E+10
    71400 -3.5993457459E+08  2.8532427549E+10
    71500 -3.5902989749E+08  2.8507010695E+10
    71600 -3.5982771485E+08  2.8469326634E+10
    71700 -3.5903789622E+08  2.8457270538E+10
    71800 -3.5888194456E+08  2.8479627661E+10
    71900 -3.5895396496E+08  2.8497273250E+10
    72000 -3.5895013766E+08  2.8503909108E+10
    72100 -3.5917695784E+08  2.8518675527E+10
    72200 -3.5959542346E+08  2.8548027308E+10
    72300 -3.5962478266E+08  2.8563969869E+10
    72400 -3.5991140193E+08  2.8600716948E+10
    72500 -3.6067913336E+08  2.8591916918E+10
    72600 -3.5984583533E+08  2.8586116271E+10
    72700 -3.6011725308E+08  2.8614603752E+10
    72800 -3.6104056648E+08  2.8636616974E+10
    72900 -3.6097187430E+08  2.8631033011E+10
    73000 -3.6045505240E+08  2.8585681654E+10
    73100 -3.6052472315E+08  2.8614320893E+10
    73200 -3.6145510798E+08  2.8607442018E+10
    73300 -3.6137117157E+08  2.8615995854E+10
    73400 -3.6069384644E+08  2.8606000950E+10
    73500 -3.6035335795E+08  2.8574426698E+10
    73600 -3.6074226874E+08  2.8554890896E+10
    73700 -3.5982037567E+08  2.8532247999E+10
    73800 -3.5961847041E+08  2.8514812159E+10
    73900 -3.5993747374E+08  2.8519968680E+10
    74000 -3.5925066663E+08  2.8483812164E+10
    74100 -3.5905463428E+08  2.8494435770E+10
    74200 -3.5917821758E+08  2.8530993353E+10
    74300 -3.5941002163E+08  2.8557266709E+10
    74400 -3.5997444565E+08  2.8551545170E+10
    74500 -3.5949009306E+08  2.8507577225E+10
    74600 -3.5982121538E+08  2.8499735193E+10
    74700 -3.5965307214E+08  2.8511996053E+10
    74800 -3.5957790255E+08  2.8525179414E+10
    74900 -3.5974810537E+08  2.8506009007E+10
    75000 -3.5966542751E+08  2.8508327082E+10
    75100 -3.5980917514E+08  2.8475787191E+10
    75200 -3.5891188741E+08  2.8473163223E+10
    75300 -3.5898564666E+08  2.8471671278E+10
    75400 -3.5896118908E+08  2.8504311261E+10
    75500 -3.5953546640E+08  2.8534134635E+10
    75600 -3.5967594408E+08  2.8535172507E+10
    75700 -3.5994524282E+08  2.8526859074E+10
    75800 -3.6102810261E+08  2.8561011945E+10
    75900 -3.6041570741E+08  2.8531402113E+10
    76000 -3.6021967383E+08  2.8555516380E+10
    76100 -3.6036709909E+08  2.8572226790E+10
    76200 -3.6068640897E+08  2.8645187102E+10
    76300 -3.6098805360E+08  2.8632326124E+10
    76400 -3.6090653772E+08  2.8670949227E+10
    76500 -3.6104331106E+08  2.8677650128E+10
    76600 -3.6091877451E+08  2.8668209002E+10
    76700 -3.6151479996E+08  2.8651956919E+10
    76800 -3.6140214327E+08  2.8697622442E+10
    76900 -3.6090709876E+08  2.8690533775E+10
    77000 -3.6054397890E+08  2.8638818752E+10
    77100 -3.6149656053E+08  2.8616662142E+10
    77200 -3.6082473262E+08  2.8629122243E+10
    77300 -3.6115176140E+08  2.8610578179E+10
    77400 -3.6125601214E+08  2.8627824220E+10
    77500 -3.6118638941E+08  2.8633980001E+10
    77600 -3.6110198743E+08  2.8573978620E+10
    77700 -3.6074453337E+08  2.8508193929E+10
    77800 -3.5939694476E+08  2.8475259842E+10
    77900 -3.6021580969E+08  2.8464625318E+10
    78000 -3.6013136076E+08  2.8495690181E+10
    78100 -3.5977341504E+08  2.8512859271E+10
    78200 -3.5932305705E+08  2.8518230257E+10
    78300 -3.5983196314E+08  2.8544827691E+10
    78400 -3.6025632527E+08  2.8560201045E+10
    78500 -3.5983108468E+08  2.8545032314E+10
    78600 -3.5955866551E+08  2.8549549415E+10
    78700 -3.6038821518E+08  2.8558205779E+10
    78800 -3.6042074941E+08  2.8552657509E+10
    78900 -3.6043637204E+08  2.8596080020E+10
    79000 -3.6101632825E+08  2.8614984381E+10
    79100 -3.6062798176E+08  2.8638631671E+10
    79200 -3.6093373093E+08  2.8645289348E+10
    79300 -3.6046236832E+08  2.8644761729E+10
    79400 -3.6038887127E+08  2.8679628947E+10
    79500 -3.6102432366E+08  2.8652495680E+10
    79600 -3.6140463195E+08  2.8659150749E+10
    79700 -3.6137455383E+08  2.8680229495E+10
    79800 -3.6154365207E+08  2.8663849660E+10
    79900 -3.6117838069E+08  2.8608975106E+10
    80000 -3.6182884143E+08  2.8621387389E+10
    80100 -3.6122213304E+08  2.8573588066E+10
    80200 -3.6042873217E+08  2.8553222516E+10
    80300 -3.6010485471E+08  2.8553404543E+10
    80400 -3.6010142365E+08  2.8555778760E+10
    80500 -3.5987723230E+08  2.8531696468E+10
    80600 -3.5977968963E+08  2.8533905318E+10
    80700 -3.5999925895E+08  2.8574090741E+10
    80800 -3.6001142469E+08  2.8636184095E+10
    80900 -3.6005585116E+08  2.8588259972E+10
    81000 -3.5994447206E+08  2.8551552484E+10
    81100 -3.5988078430E+08  2.8525388619E+10
    81200 -3.6046532800E+08  2.8570149904E+10
    81300 -3.6058537892E+08  2.8635710488E+10
    81400 -3.6091090771E+08  2.8624410688E+10
    81500 -3.6121159284E+08  2.8593205145E+10
    81600 -3.6106506502E+08  2.8593695011E+10
    81700 -3.6191866953E+08  2.8601092130E+10
    81800 -3.6085117039E+08  2.8565010137E+10
    81900 -3.6075674145E+08  2.8525315464E+10
    82000 -3.5996754633E+08  2.8517206262E+10
    82100 -3.5975853906E+08  2.8513695227E+10
    82200 -3.5943589669E+08  2.8522002145E+10
    82300 -3.5911564710E+08  2.8483803989E+10
    82400 -3.5952799087E+08  2.8468943346E+10
    82500 -3.5921425324E+08  2.8477254009E+10
    82600 -3.5977944233E+08  2.8538918155E+10
    82700 -3.5999161085E+08  2.8538250569E+10
    82800 -3.6007112171E+08  2.8554495280E+10
    82900 -3.6031261011E+08  2.8554099875E+10
    83000 -3.5989924597E+08  2.8569882351E+10
    83100 -3.6008550786E+08  2.8554680475E+10
    83200 -3.5953974797E+08  2.8572789251E+10
    83300 -3.6043937354E+08  2.8544583626E+10
    83400 -3.5954261010E+08  2.8547776370E+10
    83500 -3.5936269760E+08  2.8536671871E+10
    83600 -3.6021937799E+08  2.8530105569E+10
    83700 -3.6049419928E+08  2.8572230271E+10
    83800 -3.6077894205E+08  2.8590063053E+10
    83900 -3.6050650105E+08  2.8589139552E+10
    84000 -3.6061847325E+08  2.8588998770E+10
    84100 -3.6072139555E+08  2.8594283638E+10
    84200 -3.6045493756E+08  2.8562520284E+10
    84300 -3.6122648904E+08  2.8560926436E+10
    84400 -3.6041625801E+08  2.8531996104E+10
    84500 -3.5964543653E+08  2.8535163122E+10
    84600 -3.6013858189E+08  2.8524238637E+10
    84700 -3.5925875746E+08  2.8512917172E+10
    84800 -3.5967020544E+08  2.8526981137E+10
    84900 -3.6037276357E+08  2.8512041139E+10
    85000 -3.5986163740E+08  2.8495393411E+10
    85100 -3.5987489520E+08  2.8512700779E+10
    85200 -3.6082159487E+08  2.8559606160E+10
    85300 -3.6081341913E+08  2.8554205174E+10
    85400 -3.6002339020E+08  2.8528782820E+10
    85500 -3.6016223517E+08  2.8563474652E+10
    85600 -3.6009694839E+08  2.8566087329E+10
    85700 -3.6041715226E+08  2.8569048660E+10
    85800 -3.6034195084E+08  2.8525756433E+10
    85900 -3.5951369636E+08  2.8542271210E+10
    86000 -3.5965576041E+08  2.8555848008E+10
    86100 -3.5983481380E+08  2.8557031575E+10
    86200 -3.5953684954E+08  2.8539309292E+10
    86300 -3.6001097944E+08  2.8536956850E+10
    86400 -3.5934186954E+08  2.8544196055E+10
    86500 -3.6045371665E+08  2.8571367290E+10
    86600 -3.5957578663E+08  2.8540039032E+10
    86700 -3.5955126900E+08  2.8494108210E+10
    86800 -3.5959143304E+08  2.8508412840E+10
    86900 -3.6003742240E+08  2.8506729128E+10
    87000 -3.5929152023E+08  2.8485850390E+10
    87100 -3.5923943090E+08  2.8508127495E+10
    87200 -3.5870934761E+08  2.8465296573E+10
    87300 -3.5867642546E+08  2.8473591108E+10
    87400 -3.5851377812E+08  2.8467177641E+10
    87500 -3.5815186005E+08  2.8413522418E+10
    87600 -3.5781462925E+08  2.8379622529E+10
    87700 -3.5799115453E+08  2.8372932570E+10
    87800 -3.5687568686E+08  2.8388568410E+10
    87900 -3.5807419461E+08  2.8411202594E+10
    88000 -3.5855260246E+08  2.8469404271E+10
    88100 -3.5809490290E+08  2.8502550703E+10
    88200 -3.5946819749E+08  2.8572801109E+10
    88300 -3.5967012698E+08  2.8599202063E+10
    88400 -3.5937990280E+08  2.8586819937E+10
    88500 -3.5969183033E+08  2.8598318952E+10
    88600 -3.5994726610E+08  2.8548227457E+10
    88700 -3.5951861442E+08  2.8558231918E+10
    88800 -3.6003901604E+08  2.8528844436E+10
    88900 -3.6003701389E+08  2.8519445116E+10
    89000 -3.5999081430E+08  2.8574657729E+10
    89100 -3.6016652469E+08  2.8589304163E+10
    89200 -3.5953269913E+08  2.8549487886E+10
    89300 -3.5927409530E+08  2.8498941049E+10
    89400 -3.5811393656E+08  2.8464051828E+10
    89500 -3.5885387538E+08  2.8497014935E+10
    89600 -3.5852555568E+08  2.8472984531E+10
    89700 -3.5823975439E+08  2.8515598095E+10
    89800 -3.5871644029E+08  2.8529130080E+10
    89900 -3.5867570401E+08  2.8524606551E+10
    90000 -3.5951918540E+08  2.8508524346E+10
    90100 -3.5981572537E+08  2.8505713106E+10
    90200 -3.5923733650E+08  2.8494631311E+10
    90300 -3.5911773592E+08  2.8459024290E+10
    90400 -3.5965795788E+08  2.8477702178E+10
    90500 -3.5923751785E+08  2.8500657840E+10
    90600 -3.5926344665E+08  2.8514580512E+10
    90700 -3.5976926625E+08  2.8503542017E+10
    90800 -3.5955600458E+08  2.8528386808E+10
    90900 -3.5959042870E+08  2.8537781708E+10
    91000 -3.5987959320E+08  2.8514468259E+10
    91100 -3.5950094574E+08  2.8538409141E+10
    91200 -3.5906681073E+08  2.8526001775E+10
    91300 -3.5965067567E+08  2.8525466639E+10
    91400 -3.5974257832E+08  2.8520889808E+10
    91500 -3.5976447960E+08  2.8517261743E+10
    91600 -3.5943049553E+08  2.8498689704E+10
    91700 -3.5945562987E+08  2.8527392213E+10
    91800 -3.5980206877E+08  2.8555132464E+10
    91900 -3.5951042769E+08  2.8513221316E+10
    92000 -3.5871585618E+08  2.8503376138E+10
    92100 -3.5832531195E+08  2.8484732047E+10
    92200 -3.5830720450E+08  2.8489341792E+10
    92300 -3.5864932299E+08  2.8510609084E+10
    92400 -3.5925027717E+08  2.8505877768E+10
    92500 -3.5904751757E+08  2.8511414462E+10
    92600 -3.5985651139E+08  2.8527617535E+10
    92700 -3.6020849919E+08  2.8534507113E+10
    92800 -3.5939557914E+08  2.8524028850E+10
    92900 -3.6004529528E+08  2.8480474467E+10
    93000 -3.5973045786E+08  2.8510297244E+10
    93100 -3.5975108988E+08  2.8534347563E+10
    93200 -3.5951998007E+08  2.8498016889E+10
    93300 -3.5985991349E+08  2.8482717246E+10
    93400 -3.6013451039E+08  2.8504962800E+10
    93500 -3.6028967255E+08  2.8525904405E+10
    93600 -3.6057256411E+08  2.8543755832E+10
    93700 -3.6031108459E+08  2.8566926370E+10
    93800 -3.6004155435E+08  2.8555813073E+10
    93900 -3.6015123163E+08  2.8515613128E+10
    94000 -3.5957589706E+08  2.8525832702E+10
    94100 -3.5969851684E+08  2.8524163259E+10
    94200 -3.5962638490E+08  2.8509448435E+10
    94300 -3.5963682990E+08  2.8492994280E+10
    94400 -3.5925892910E+08  2.8523948261E+10
    94500 -3.5986840172E+08  2.8574428014E+10
    94600 -3.6014876884E+08  2.8541397686E+10
    94700 -3.5949908527E+08  2.8496995660E+10
    94800 -3.5922374345E+08  2.8488785674E+10
    94900 -3.5901990030E+08  2.8462101009E+10
    95000 -3.5873927380E+08  2.8463324755E+10
    95100 -3.5915623002E+08  2.8449032430E+10
    95200 -3.5893487157E+08  2.8487536641E+10
    95300 -3.5894713699E+08  2.8513432503E+10
    95400 -3.5869036911E+08  2.8480762509E+10
    95500 -3.5911633677E+08  2.8459545202E+10
    95600 -3.5917269693E+08  2.8470601576E+10
    95700 -3.5873802856E+08  2.8463618143E+10
    95800 -3.5869323642E+08  2.8472545047E+10
    95900 -3.5860392084E+08  2.8444953906E+10
    96000 -3.5828782284E+08  2.8456361886E+10
    96100 -3.5861156353E+08  2.8493309543E+10
    96200 -3.5891605080E+08  2.8534337114E+10
    96300 -3.5926022958E+08  2.8561560403E+10
    96400 -3.5961989755E+08  2.8538318170E+10
    96500 -3.5983992550E+08  2.8535347076E+10
    96600 -3.5981060874E+08  2.8512840840E+10
    96700 -3.5984124993E+08  2.8516524617E+10
    96800 -3.5979430391E+08  2.8492411756E+10
    96900 -3.5936586985E+08  2.8477075368E+10
    97000 -3.5906714620E+08  2.8493961061E+10
    97100 -3.5918972287E+08  2.8484201709E+10
    97200 -3.5865721944E+08  2.8479992056E+10
    97300 -3.5819052671E+08  2.8478568100E+10
    97400 -3.5869832675E+08  2.8468707940E+10
    97500 -3.5913637145E+08  2.8459817839E+10
    97600 -3.5867834096E+08  2.8444875117E+10
    97700 -3.5894392495E+08  2.8443527370E+10
    97800 -3.5936776064E+08  2.8433080826E+10
    97900 -3.5874899682E+08  2.8411916606E+10
    98000 -3.5893814980E+08  2.8417359993E+10
    98100 -3.5922709224E+08  2.8439122589E+10
    98200 -3.5846164382E+08  2.8446901128E+10
    98300 -3.5873910648E+08  2.8477675172E+10
    98400 -3.5915525771E+08  2.8514374999E+10
    98500 -3.5911161131E+08  2.8518708919E+10
    98600 -3.5945558095E+08  2.8517313093E+10
    98700 -3.5893420329E+08  2.8540967567E+10
    98800 -3.5896637938E+08  2.8552010151E+10
    98900 -3.5945686085E+08  2.8530217437E+10
    99000 -3.6009649421E+08  2.8508724721E+10
    99100 -3.5942484423E+08  2.8482662842E+10
    99200 -3.5947296448E+08  2.8511849469E+10
    99300 -3.6003853529E+08  2.8492878261E+10
    99400 -3.6006833851E+08  2.8486576341E+10
    99500 -3.6003745519E+08  2.8533985173E+10
    99600 -3.6023743724E+08  2.8525689841E+10
    99700 -3.6034233748E+08  2.8509016183E+10
    99800 -3.5922572470E+08  2.8504309003E+10
    99900 -3.5979515966E+08  2.8539858463E+10
   100000 -3.5961460138E+08  2.8552559544E+10
   100100 -3.5966713189E+08  2.8543669848E+10
   100200 -3.6023970303E+08  2.8560386698E+10
   100300 -3.5998763360E+08  2.8539926260E+10
   100400 -3.5916190906E+08  2.8536607770E+10
   100500 -3.5978868910E+08  2.8548047953E+10
   100600 -3.5952147284E+08  2.8563378750E+10
   100700 -3.5915034514E+08  2.8586724739E+10
   100800 -3.6066510200E+08  2.8574643343E+10
   100900 -3.5934059955E+08  2.8535563722E+10
   101000 -3.5891583697E+08  2.8507863790E+10
   101100 -3.5894782215E+08  2.8564992743E+10
   101200 -3.6010629675E+08  2.8589128324E+10
   101300 -3.6030229402E+08  2.8605021749E+10
   101400 -3.6054982462E+08  2.8585224068E+10
   101500 -3.6044680868E+08  2.8568918775E+10
   101600 -3.6054981778E+08  2.8550137692E+10
   101700 -3.6015839121E+08  2.8572340459E+10
   101800 -3.6042386533E+08  2.8572041143E+10
   101900 -3.6094526825E+08  2.8561921750E+10
   102000 -3.6039826646E+08  2.8567282461E+10
   102100 -3.6014890634E+08  2.8567982034E+10
   102200 -3.5916977871E+08  2.8513797350E+10
   102300 -3.5983615156E+08  2.8487493110E+10
   102400 -3.5892547234E+08  2.8520169662E+10
   102500 -3.5985747213E+08  2.8536779314E+10
   102600 -3.5991568319E+08  2.8519141162E+10
   102700 -3.5960470994E+08  2.8576280526E+10
   102800 -3.6079112839E+08  2.8574268294E+10
   102900 -3.6053600845E+08  2.8602532171E+10
   103000 -3.6082429345E+08  2.8592676480E+10
   103100 -3.6038773162E+08  2.8603434653E+10
   103200 -3.6027370031E+08  2.8569678690E+10
   103300 -3.6016570188E+08  2.8556696951E+10
   103400 -3.6054263205E+08  2.8587923493E+10
   103500 -3.6123179586E+08  2.8617325108E+10
   103600 -3.6073080264E+08  2.8594632193E+10
   103700 -3.6084909353E+08  2.8613650862E+10
   103800 -3.6036655051E+08  2.8569756449E+10
   103900 -3.5987015611E+08  2.8512095669E+10
   104000 -3.5943867515E+08  2.8497147417E+10
   104100 -3.5853092432E+08  2.8468915976E+10
   104200 -3.5890858196E+08  2.8492447969E+10
   104300 -3.5976545798E+08  2.8509790182E+10
   104400 -3.5884753188E+08  2.8460952743E+10
   104500 -3.5896595483E+08  2.8470124433E+10
   104600 -3.5841215834E+08  2.8486340994E+10
   104700 -3.5875501739E+08  2.8434876085E+10
   104800 -3.5842471261E+08  2.8446172359E+10
   104900 -3.5813360403E+08  2.8450617568E+10
   105000 -3.5888276107E+08  2.8461259597E+10
   105100 -3.5855355774E+08  2.8480543533E+10
   105200 -3.5886127548E+08  2.8492162082E+10
   105300 -3.5888533594E+08  2.8494999944E+10
   105400 -3.5908506453E+08  2.8495465716E+10
   105500 -3.5966164398E+08  2.8508930172E+10
   105600 -3.5908062206E+08  2.8486783617E+10
   105700 -3.5908828959E+08  2.8469253056E+10
   105800 -3.5893512602E+08  2.8488960924E+10
   105900 -3.5921873946E+08  2.8530526697E+10
   106000 -3.5872546240E+08  2.8523373723E+10
   106100 -3.5965464913E+08  2.8566773777E+10
   106200 -3.5961134595E+08  2.8556792516E+10
   106300 -3.5869721636E+08  2.8502077706E+10
   106400 -3.5955044792E+08  2.8499294834E+10
   106500 -3.5923086117E+08  2.8471344381E+10
   106600 -3.5917686297E+08  2.8489367347E+10
   106700 -3.5918248016E+08  2.8518991272E+10
   106800 -3.5974819599E+08  2.8515298650E+10
   106900 -3.5898741830E+08  2.8509152800E+10
   107000 -3.5913487558E+08  2.8470304297E+10
   107100 -3.5862095092E+08  2.8450056484E+10
   107200 -3.5864998286E+08  2.8478380123E+10
   107300 -3.5861992584E+08  2.8498410684E+10
   107400 -3.5945475681E+08  2.8527198941E+10
   107500 -3.5887845660E+08  2.8550303023E+10
   107600 -3.6031739271E+08  2.8557642990E+10
   107700 -3.5888899223E+08  2.8545142940E+10
   107800 -3.5988760324E+08  2.8579749312E+10
   107900 -3.5999194466E+08  2.8614332791E+10
   108000 -3.6072382904E+08  2.8620448726E+10
   108100 -3.5963699244E+08  2.8619768272E+10
   108200 -3.6025775230E+08  2.8619609758E+10
   108300 -3.6027839244E+08  2.8635325964E+10
   108400 -3.6071760787E+08  2.8620518383E+10
   108500 -3.5968122152E+08  2.8628941730E+10
   108600 -3.6114264676E+08  2.8645488583E+10
   108700 -3.6096304384E+08  2.8636708517E+10
   108800 -3.6081523157E+08  2.8619593617E+10
   108900 -3.6043050400E+08  2.8666921692E+10
   109000 -3.6119059592E+08  2.8632575276E+10
   109100 -3.5998327845E+08  2.8598341708E+10
   109200 -3.5991595484E+08  2.8588644197E+10
   109300 -3.6011571837E+08  2.8561270414E+10
   109400 -3.6065753713E+08  2.8565903012E+10
   109500 -3.5961413921E+08  2.8541896103E+10
   109600 -3.5962983583E+08  2.8543145299E+10
   109700 -3.6026677631E+08  2.8540547531E+10
   109800 -3.6096531704E+08  2.8549146879E+10
   109900 -3.6045975646E+08  2.8505944442E+10
   110000 -3.5995060138E+08  2.8469816843E+10
   110100 -3.5917316400E+08  2.8426522607E+10
   110200 -3.5863263970E+08  2.8392116338E+10
   110300 -3.5858721167E+08  2.8405789667E+10
   110400 -3.5871157702E+08  2.8458774260E+10
   110500 -3.5810005895E+08  2.8471639803E+10
   110600 -3.5880174708E+08  2.8476830881E+10
   110700 -3.5863825864E+08  2.8507118312E+10
   110800 -3.5909481832E+08  2.8490581629E+10
   110900 -3.5835615916E+08  2.8462857627E+10
   111000 -3.5803794074E+08  2.8489509521E+10
   111100 -3.5879973443E+08  2.8485184087E+10
   111200 -3.5832425730E+08  2.8456486485E+10
   111300 -3.5888309268E+08  2.8469309591E+10
   111400 -3.5906896720E+08  2.8489667333E+10
   111500 -3.5904521252E+08  2.8482364906E+10
   111600 -3.5917931484E+08  2.8479712570E+10
   111700 -3.5959420552E+08  2.8487104696E+10
   111800 -3.5929926206E+08  2.8485026455E+10
   111900 -3.5938784605E+08  2.8495420748E+10
   112000 -3.5927186175E+08  2.8519766872E+10
   112100 -3.5983203653E+08  2.8485740341E+10
   112200 -3.5916706507E+08  2.8475527725E+10
   112300 -3.5871152050E+08  2.8472486999E+10
   112400 -3.5928324018E+08  2.8488610962E+10
   112500 -3.5869592463E+08  2.8481392417E+10
   112600 -3.5953012704E+08  2.8461303720E+10
   112700 -3.5922331193E+08  2.8446637777E+10
   112800 -3.5904179819E+08  2.8422115230E+10
   112900 -3.5855901281E+08  2.8429113044E+10
   113000 -3.5883425657E+08  2.8405968540E+10
   113100 -3.5930637495E+08  2.8416153558E+10
   113200 -3.5830928729E+08  2.8428445537E+10
   113300 -3.5807978416E+08  2.8410006310E+10
   113400 -3.5919786464E+08  2.8441795565E+10
   113500 -3.5919516988E+08  2.8468064944E+10
   113600 -3.5864961838E+08  2.8467222695E+10
   113700 -3.5882489376E+08  2.8440687049E+10
   113800 -3.5875254050E+08  2.8412445729E+10
   113900 -3.5811155557E+08  2.8400697141E+10
   114000 -3.5755784831E+08  2.8402254394E+10
   114100 -3.5796722506E+08  2.8436285919E+10
   114200 -3.5814530414E+08  2.8434952758E+10
   114300 -3.5765365848E+08  2.8425016090E+10
   114400 -3.5831978965E+08  2.8429044908E+10
   114500 -3.5795808836E+08  2.8505651538E+10
   114600 -3.5881506554E+08  2.8536975479E+10
   114700 -3.5842254818E+08  2.8505709057E+10
   114800 -3.5832041545E+08  2.8515508281E+10
   114900 -3.5948289358E+08  2.8544648595E+10
   115000 -3.6006851352E+08  2.8560268702E+10
   115100 -3.6002935705E+08  2.8532156400E+10
   115200 -3.5976997845E+08  2.8519688485E+10
   115300 -3.5928605089E+08  2.8526107596E+10
   115400 -3.5966568210E+08  2.8556693876E+10
   115500 -3.6041543281E+08  2.8572458141E+10
   115600 -3.6030920058E+08  2.8573110007E+10
   115700 -3.5961707821E+08  2.8542785802E+10
   115800 -3.6042593284E+08  2.8502095977E+10
   115900 -3.6008378691E+08  2.8499567475E+10
   116000 -3.5932091356E+08  2.8510810962E+10
   116100 -3.5977084178E+08  2.8573922473E+10
   116200 -3.5961554080E+08  2.8586702571E+10
   116300 -3.6029735519E+08  2.8581594330E+10
   116400 -3.6007344467E+08  2.8571750201E+10
   116500 -3.6090505793E+08  2.8613506028E+10
   116600 -3.6095512142E+08  2.8598243941E+10
   116700 -3.6044690680E+08  2.8575374904E+10
   116800 -3.6107004039E+08  2.8618000193E+10
   116900 -3.6061413177E+08  2.8628020037E+10
   117000 -3.6064985263E+08  2.8612741855E+10
   117100 -3.6081354193E+08  2.8604212162E+10
   117200 -3.6125672834E+08  2.8599158116E+10
   117300 -3.6031724710E+08  2.8590308204E+10
   117400 -3.6033303875E+08  2.8558316385E+10
   117500 -3.6045230083E+08  2.8501407007E+10
   117600 -3.5964740064E+08  2.8494568580E+10
   117700 -3.5957621311E+08  2.8540372172E+10
   117800 -3.6045884919E+08  2.8557020388E+10
   117900 -3.5990783208E+08  2.8551203125E+10
   118000 -3.6030284208E+08  2.8590475168E+10
   118100 -3.6044953684E+08  2.8595233333E+10
   118200 -3.6019874904E+08  2.8607770374E+10
   118300 -3.5977022589E+08  2.8601122383E+10
   118400 -3.6021375292E+08  2.8591233584E+10
   118500 -3.6091523285E+08  2.8607246358E+10
   118600 -3.6113991396E+08  2.8608239356E+10
   118700 -3.5959082507E+08  2.8597208692E+10
   118800 -3.6032927402E+08  2.8575447700E+10
   118900 -3.6013956735E+08  2.8564692842E+10
   119000 -3.6025536530E+08  2.8567318888E+10
   119100 -3.6027640189E+08  2.8531732692E+10
   119200 -3.5943177999E+08  2.8499600081E+10
   119300 -3.5868447856E+08  2.8475443263E+10
   119400 -3.5911039424E+08  2.8460297454E+10
   119500 -3.5867777702E+08  2.8457381998E+10
   119600 -3.5946424668E+08  2.8461653953E+10
   119700 -3.5885187510E+08  2.8472447304E+10
   119800 -3.5925985199E+08  2.8451049638E+10
   119900 -3.5860699800E+08  2.8422821834E+10
   120000 -3.5847041489E+08  2.8386372732E+10
   120100 -3.5815667345E+08  2.8407903697E+10
   120200 -3.5813381423E+08  2.8416627366E+10
   120300 -3.5838069742E+08  2.8391502984E+10
   120400 -3.5812749413E+08  2.8373606261E+10
   120500 -3.5740933500E+08  2.8353484701E+10
   120600 -3.5806188273E+08  2.8417975603E+10
   120700 -3.5791515709E+08  2.8443601415E+10
   120800 -3.5876438610E+08  2.8445877573E+10
   120900 -3.5874759758E+08  2.8452072108E+10
   121000 -3.5872646376E+08  2.8476408646E+10
   121100 -3.5953748101E+08  2.8549162818E+10
   121200 -3.5951375673E+08  2.8562804200E+10
   121300 -3.5992910381E+08  2.8552433606E+10
   121400 -3.5961690223E+08  2.8559135312E+10
   121500 -3.5912438301E+08  2.8548705056E+10
   121600 -3.5935669623E+08  2.8507449668E+10
   121700 -3.5924102615E+08  2.8507599392E+10
   121800 -3.5957640299E+08  2.8543504315E+10
   121900 -3.5998810301E+08  2.8577316100E+10
   122000 -3.6026191033E+08  2.8583729514E+10
   122100 -3.6007159725E+08  2.8529612982E+10
   122200 -3.5957451846E+08  2.8548883065E+10
   122300 -3.5996246393E+08  2.8561628070E+10
   122400 -3.6032932035E+08  2.8609619158E+10
   122500 -3.6064891288E+08  2.8633677249E+10
   122600 -3.5978705818E+08  2.8636507640E+10
   122700 -3.6090099549E+08  2.8636243707E+10
   122800 -3.6163903391E+08  2.8611295366E+10
   122900 -3.6027805987E+08  2.8571774202E+10
   123000 -3.6091539345E+08  2.8564033750E+10
   123100 -3.6049903535E+08  2.8539813292E+10
   123200 -3.5982422394E+08  2.8553684993E+10
   123300 -3.5937611289E+08  2.8538865996E+10
   123400 -3.5957205378E+08  2.8544046718E+10
   123500 -3.6029125423E+08  2.8534776551E+10
   123600 -3.5976525847E+08  2.8530261211E+10
   123700 -3.5985908304E+08  2.8552153523E+10
   123800 -3.5972318143E+08  2.8565325314E+10
   123900 -3.6053201534E+08  2.8578434230E+10
   124000 -3.6058118196E+08  2.8575009293E+10
   124100 -3.6109088047E+08  2.8630403776E+10
   124200 -3.6098865073E+08  2.8632455084E+10
   124300 -3.6102290162E+08  2.8629772503E+10
   124400 -3.6060027726E+08  2.8586117283E+10
   124500 -3.6094259354E+08  2.8567274689E+10
   124600 -3.6068607892E+08  2.8580708126E+10
   124700 -3.6043432701E+08  2.8583608872E+10
   124800 -3.6086188364E+08  2.8581598159E+10
   124900 -3.6086568056E+08  2.8596411351E+10
   125000 -3.6096554932E+08  2.8585299111E+10
   125100 -3.6085656324E+08  2.8651039933E+10
   125200 -3.6163193819E+08  2.8671592816E+10
   125300 -3.6127538030E+08  2.8674077143E+10
   125400 -3.6168601408E+08  2.8649099971E+10
   125500 -3.6151726401E+08  2.8675548447E+10
   125600 -3.6166343907E+08  2.8706555757E+10
   125700 -3.6199768377E+08  2.8700752869E+10
   125800 -3.6255877825E+08  2.8704669511E+10
   125900 -3.6173081776E+08  2.8655446684E+10
   126000 -3.6130620071E+08  2.8596424525E+10
   126100 -3.6102692376E+08  2.8599968842E+10
   126200 -3.6034262040E+08  2.8583364116E+10
   126300 -3.5991431484E+08  2.8571738584E+10
   126400 -3.6038105631E+08  2.8527568210E+10
   126500 -3.5952316133E+08  2.8525449475E+10
   126600 -3.5907651683E+08  2.8506458419E+10
   126700 -3.5911851324E+08  2.8529018997E+10
   126800 -3.6001031981E+08  2.8549546920E+10
   126900 -3.6045209766E+08  2.8554200086E+10
   127000 -3.6094852269E+08  2.8595317029E+10
   127100 -3.5991085965E+08  2.8590184632E+10
   127200 -3.6073645953E+08  2.8621215858E+10
   127300 -3.6047530934E+08  2.8594570415E+10
   127400 -3.6008957427E+08  2.8597332588E+10
   127500 -3.6021861270E+08  2.8592343378E+10
   127600 -3.6070293907E+08  2.8557783060E+10
   127700 -3.6070845180E+08  2.8561516422E+10
   127800 -3.6093634254E+08  2.8552694895E+10
   127900 -3.6003835662E+08  2.8546603174E+10
   128000 -3.6021394210E+08  2.8567413159E+10
   128100 -3.6018225976E+08  2.8600051542E+10
   128200 -3.5989728247E+08  2.8586210147E+10
   128300 -3.6067353188E+08  2.8579102372E+10
   128400 -3.5976113713E+08  2.8567697234E+10
   128500 -3.5941930745E+08  2.8542066629E+10
   128600 -3.5952162577E+08  2.8504520523E+10
   128700 -3.5973567061E+08  2.8563831133E+10
   128800 -3.6039218723E+08  2.8556659282E+10
   128900 -3.6003483663E+08  2.8501571517E+10
   129000 -3.5983827460E+08  2.8483001132E+10
   129100 -3.5936238868E+08  2.8502555225E+10
   129200 -3.5921639100E+08  2.8540321177E+10
   129300 -3.5998221148E+08  2.8525452711E+10
   129400 -3.5969116018E+08  2.8538859123E+10
   129500 -3.6000186058E+08  2.8580946731E+10
   129600 -3.5998544086E+08  2.8585562603E+10
   129700 -3.6091599013E+08  2.8561476456E+10
   129800 -3.6033374936E+08  2.8573275156E+10
   129900 -3.6002565094E+08  2.8578013706E+10
   130000 -3.5967041121E+08  2.8549422839E+10
   130100 -3.5948256200E+08  2.8564609376E+10
   130200 -3.5975305074E+08  2.8576864169E+10
   130300 -3.5980312557E+08  2.8575583439E+10
   130400 -3.6012403757E+08  2.8575054081E+10
   130500 -3.6054570232E+08  2.8561730472E+10
   130600 -3.6024994269E+08  2.8536977528E+10
   130700 -3.5949546284E+08  2.8512458013E+10
   130800 -3.5943257441E+08  2.8447584689E+10
   130900 -3.5907758150E+08  2.8428247070E+10
   131000 -3.5945790950E+08  2.8466401922E+10
   131100 -3.5850414507E+08  2.8463321201E+10
   131200 -3.5907089301E+08  2.8430032604E+10
   131300 -3.5920234956E+08  2.8484952273E+10
   131400 -3.5878546559E+08  2.8467076784E+10
   131500 -3.5933671839E+08  2.8485304401E+10
   131600 -3.5886477616E+08  2.8521969844E+10
   131700 -3.5971019214E+08  2.8546702057E+10
   131800 -3.6016076464E+08  2.8535945251E+10
   131900 -3.5950586412E+08  2.8514602999E+10
   132000 -3.5939908211E+08  2.8467798626E+10
   132100 -3.5870555988E+08  2.8498722672E+10
   132200 -3.5938596902E+08  2.8516894212E+10
   132300 -3.5955536879E+08  2.8540127745E+10
   132400 -3.5952143959E+08  2.8494025895E+10
   132500 -3.5974600601E+08  2.8522330864E+10
   132600 -3.5952932957E+08  2.8479340347E+10
   132700 -3.5919299069E+08  2.8471106267E+10
   132800 -3.5912420698E+08  2.8526153258E+10
   132900 -3.6006710849E+08  2.8577417661E+10
   133000 -3.6039762800E+08  2.8538466796E+10
   133100 -3.5927449599E+08  2.8510365817E+10
   133200 -3.5933598332E+08  2.8465388284E+10
   133300 -3.5954361141E+08  2.8468220483E+10
   133400 -3.5954704150E+08  2.8493970675E+10
   133500 -3.5973456683E+08  2.8492662578E+10
   133600 -3.5970845125E+08  2.8488684295E+10
   133700 -3.6003057670E+08  2.8522291531E+10
   133800 -3.6008747195E+08  2.8540672537E+10
   133900 -3.5981762764E+08  2.8532257975E+10
   134000 -3.5978708115E+08  2.8530358085E+10
   134100 -3.5934266106E+08  2.8523701675E+10
   134200 -3.5936125656E+08  2.8516584767E+10
   134300 -3.5979764591E+08  2.8511316739E+10
   134400 -3.5912387073E+08  2.8516693290E+10
   134500 -3.5970272441E+08  2.8562136580E+10
   134600 -3.5973380255E+08  2.8531917209E+10
   134700 -3.5966915512E+08  2.8521016029E+10
   134800 -3.5974316914E+08  2.8495059877E+10
   134900 -3.5960870127E+08  2.8522527093E+10
   135000 -3.6003980079E+08  2.8546119020E+10
   135100 -3.6018221932E+08  2.8561186884E+10
   135200 -3.5956985712E+08  2.8539185623E+10
   135300 -3.6010204664E+08  2.8561548891E+10
   135400 -3.5987141089E+08  2.8617464871E+10
   135500 -3.6036538178E+08  2.8633906282E+10
   135600 -3.6039066644E+08  2.8596985904E+10
   135700 -3.6011865572E+08  2.8574721649E+10
   135800 -3.5957345818E+08  2.8576775127E+10
   135900 -3.5990238848E+08  2.8548742424E+10
   136000 -3.6020689732E+08  2.8511587978E+10
   136100 -3.5999802119E+08  2.8520282522E+10
   136200 -3.5963175907E+08  2.8514396698E+10
   136300 -3.6041159353E+08  2.8509761732E+10
   136400 -3.5878961424E+08  2.8479226624E+10
   136500 -3.5931904360E+08  2.8498035102E+10
   136600 -3.5975479606E+08  2.8487934443E+10
   136700 -3.5909135970E+08  2.8468200818E+10
   136800 -3.5914878844E+08  2.8465585186E+10
   136900 -3.5856507816E+08  2.8488141164E+10
   137000 -3.5890862470E+08  2.8469612397E+10
   137100 -3.5860810539E+08  2.8462856733E+10
   137200 -3.5903529459E+08  2.8506977771E+10
   137300 -3.5944110446E+08  2.8570662296E+10
   137400 -3.6040552235E+08  2.8610689947E+10
   137500 -3.6032166720E+08  2.8620292744E+10
   137600 -3.5975463137E+08  2.8568671981E+10
   137700 -3.5979766102E+08  2.8560787287E+10
   137800 -3.6034707437E+08  2.8518642781E+10
   137900 -3.5974303347E+08  2.8475785015E+10
   138000 -3.6009343764E+08  2.8509221558E+10
   138100 -3.6012625105E+08  2.8543666668E+10
   138200 -3.5948235895E+08  2.8502384347E+10
   138300 -3.5909474637E+08  2.8468843647E+10
   138400 -3.5916295831E+08  2.8443737086E+10
   138500 -3.5892577919E+08  2.8445102237E+10
   138600 -3.5952264535E+08  2.8502961336E+10
   138700 -3.5999639512E+08  2.8528498393E+10
   138800 -3.5961831963E+08  2.8529410477E+10
   138900 -3.5952799476E+08  2.8488088482E+10
   139000 -3.5907282879E+08  2.8466932249E+10
   139100 -3.5932746006E+08  2.8511897345E+10
   139200 -3.5983187854E+08  2.8497293308E+10
   139300 -3.5981409866E+08  2.8500592842E+10
   139400 -3.5974956377E+08  2.8508376062E+10
   139500 -3.5963888372E+08  2.8521616983E+10
   139600 -3.5943025002E+08  2.8526573251E+10
   139700 -3.5943152451E+08  2.8539583923E+10
   139800 -3.6032381327E+08  2.8538479179E+10
   139900 -3.5963156668E+08  2.8524246812E+10
   140000 -3.5989109793E+08  2.8514256796E+10
   140100 -3.5969613448E+08  2.8530343972E+10
   140200 -3.5929775614E+08  2.8495508566E+10
   140300 -3.5923393526E+08  2.8497850288E+10
