 ######
    20100 -1.4931103663E+08  2.0468961162E+10
    20200 -1.4932696936E+08  1.0121536294E+08
    20300 -1.4994574108E+08  1.0132553255E+08
    20400 -1.5110665703E+08  1.0129598463E+08
    20500 -1.5210960412E+08  1.0132335153E+08
    20600 -1.5286160845E+08  1.0131235412E+08
    20700 -1.4971289273E+08  1.0108884714E+08
    20800 -1.5033498334E+08  1.0110377617E+08
    20900 -1.5195183081E+08  1.0126784607E+08
    21000 -1.4754438038E+08  1.0136858223E+08
    21100 -1.5090527275E+08  1.0147517317E+08
    21200 -1.4943498523E+08  1.0511819955E+08
    21300 -1.5245187026E+08  1.0514942195E+08
    21400 -1.5547378438E+08  1.0509487088E+08
    21500 -1.5474960727E+08  1.0519010825E+08
    21600 -1.5620842302E+08  1.0529955628E+08
    21700 -1.5703962050E+08  1.0535976590E+08
